[[0.85312, 0.05752, 0.00428, 0.00032, 3e-05, 0.05752, 0.01754, 0.00203, 0.00019, 2e-05, 0.00428, 0.00203, 0.00045, 6e-05, 0, 0.00032, 0.00019, 6e-05, 1e-05, 0, 3e-05, 2e-05, 0, 0, 0], [0.06336, 0.77446, 0.05757, 0.00427, 0.00035, 0.01981, 0.05092, 0.01757, 0.00203, 0.00021, 0.00229, 0.00379, 0.00203, 0.00045, 7e-05, 0.00021, 0.00028, 0.00019, 6e-05, 1e-05, 2e-05, 2e-05, 2e-05, 0, 0], [0.00471, 0.05752, 0.77515, 0.05752, 0.00471, 0.00229, 0.01754, 0.05101, 0.01754, 0.00229, 0.00051, 0.00203, 0.0038, 0.00203, 0.00051, 7e-05, 0.00019, 0.00028, 0.00019, 7e-05, 0, 2e-05, 2e-05, 2e-05, 0], [0.00035, 0.00427, 0.05757, 0.77446, 0.06336, 0.00021, 0.00203, 0.01757, 0.05092, 0.01981, 7e-05, 0.00045, 0.00203, 0.00379, 0.00229, 1e-05, 6e-05, 0.00019, 0.00028, 0.00021, 0, 0, 2e-05, 2e-05, 2e-05], [3e-05, 0.00032, 0.00428, 0.05752, 0.85312, 2e-05, 0.00019, 0.00203, 0.01754, 0.05752, 0, 6e-05, 0.00045, 0.00203, 0.00428, 0, 1e-05, 6e-05, 0.00019, 0.00032, 0, 0, 0, 2e-05, 3e-05], [0.06336, 0.01981, 0.00229, 0.00021, 2e-05, 0.77446, 0.05092, 0.00379, 0.00028, 2e-05, 0.05757, 0.01757, 0.00203, 0.00019, 2e-05, 0.00427, 0.00203, 0.00045, 6e-05, 0, 0.00035, 0.00021, 7e-05, 1e-05, 0], [0.02182, 0.05752, 0.01983, 0.00229, 0.00023, 0.05752, 0.68554, 0.05101, 0.00378, 0.00032, 0.01983, 0.05101, 0.0176, 0.00203, 0.00021, 0.00229, 0.00378, 0.00203, 0.00045, 7e-05, 0.00023, 0.00032, 0.00021, 7e-05, 1e-05], [0.00252, 0.01981, 0.05757, 0.01981, 0.00252, 0.00427, 0.05092, 0.68682, 0.05092, 0.00427, 0.00229, 0.01757, 0.05111, 0.01757, 0.00229, 0.00051, 0.00203, 0.00379, 0.00203, 0.00051, 7e-05, 0.00021, 0.00032, 0.00021, 7e-05], [0.00023, 0.00229, 0.01983, 0.05752, 0.02182, 0.00032, 0.00378, 0.05101, 0.68554, 0.05752, 0.00021, 0.00203, 0.0176, 0.05101, 0.01983, 7e-05, 0.00045, 0.00203, 0.00378, 0.00229, 1e-05, 7e-05, 0.00021, 0.00032, 0.00023], [2e-05, 0.00021, 0.00229, 0.01981, 0.06336, 2e-05, 0.00028, 0.00379, 0.05092, 0.77446, 2e-05, 0.00019, 0.00203, 0.01757, 0.05757, 0, 6e-05, 0.00045, 0.00203, 0.00427, 0, 1e-05, 7e-05, 0.00021, 0.00035], [0.00471, 0.00229, 0.00051, 7e-05, 0, 0.05752, 0.01754, 0.00203, 0.00019, 2e-05, 0.77515, 0.05101, 0.0038, 0.00028, 2e-05, 0.05752, 0.01754, 0.00203, 0.00019, 2e-05, 0.00471, 0.00229, 0.00051, 7e-05, 0], [0.00252, 0.00427, 0.00229, 0.00051, 7e-05, 0.01981, 0.05092, 0.01757, 0.00203, 0.00021, 0.05757, 0.68682, 0.05111, 0.00379, 0.00032, 0.01981, 0.05092, 0.01757, 0.00203, 0.00021, 0.00252, 0.00427, 0.00229, 0.00051, 7e-05], [0.00056, 0.00229, 0.00428, 0.00229, 0.00056, 0.00229, 0.01754, 0.05101, 0.01754, 0.00229, 0.00428, 0.05101, 0.68816, 0.05101, 0.00428, 0.00229, 0.01754, 0.05101, 0.01754, 0.00229, 0.00056, 0.00229, 0.00428, 0.00229, 0.00056], [7e-05, 0.00051, 0.00229, 0.00427, 0.00252, 0.00021, 0.00203, 0.01757, 0.05092, 0.01981, 0.00032, 0.00379, 0.05111, 0.68682, 0.05757, 0.00021, 0.00203, 0.01757, 0.05092, 0.01981, 7e-05, 0.00051, 0.00229, 0.00427, 0.00252], [0, 7e-05, 0.00051, 0.00229, 0.00471, 2e-05, 0.00019, 0.00203, 0.01754, 0.05752, 2e-05, 0.00028, 0.0038, 0.05101, 0.77515, 2e-05, 0.00019, 0.00203, 0.01754, 0.05752, 0, 7e-05, 0.00051, 0.00229, 0.00471], [0.00035, 0.00021, 7e-05, 1e-05, 0, 0.00427, 0.00203, 0.00045, 6e-05, 0, 0.05757, 0.01757, 0.00203, 0.00019, 2e-05, 0.77446, 0.05092, 0.00379, 0.00028, 2e-05, 0.06336, 0.01981, 0.00229, 0.00021, 2e-05], [0.00023, 0.00032, 0.00021, 7e-05, 1e-05, 0.00229, 0.00378, 0.00203, 0.00045, 7e-05, 0.01983, 0.05101, 0.0176, 0.00203, 0.00021, 0.05752, 0.68554, 0.05101, 0.00378, 0.00032, 0.02182, 0.05752, 0.01983, 0.00229, 0.00023], [7e-05, 0.00021, 0.00032, 0.00021, 7e-05, 0.00051, 0.00203, 0.00379, 0.00203, 0.00051, 0.00229, 0.01757, 0.05111, 0.01757, 0.00229, 0.00427, 0.05092, 0.68682, 0.05092, 0.00427, 0.00252, 0.01981, 0.05757, 0.01981, 0.00252], [1e-05, 7e-05, 0.00021, 0.00032, 0.00023, 7e-05, 0.00045, 0.00203, 0.00378, 0.00229, 0.00021, 0.00203, 0.0176, 0.05101, 0.01983, 0.00032, 0.00378, 0.05101, 0.68554, 0.05752, 0.00023, 0.00229, 0.01983, 0.05752, 0.02182], [0, 1e-05, 7e-05, 0.00021, 0.00035, 0, 6e-05, 0.00045, 0.00203, 0.00427, 2e-05, 0.00019, 0.00203, 0.01757, 0.05757, 2e-05, 0.00028, 0.00379, 0.05092, 0.77446, 2e-05, 0.00021, 0.00229, 0.01981, 0.06336], [3e-05, 2e-05, 0, 0, 0, 0.00032, 0.00019, 6e-05, 1e-05, 0, 0.00428, 0.00203, 0.00045, 6e-05, 0, 0.05752, 0.01754, 0.00203, 0.00019, 2e-05, 0.85312, 0.05752, 0.00428, 0.00032, 3e-05], [2e-05, 2e-05, 2e-05, 0, 0, 0.00021, 0.00028, 0.00019, 6e-05, 1e-05, 0.00229, 0.00379, 0.00203, 0.00045, 7e-05, 0.01981, 0.05092, 0.01757, 0.00203, 0.00021, 0.06336, 0.77446, 0.05757, 0.00427, 0.00035], [0, 2e-05, 2e-05, 2e-05, 0, 7e-05, 0.00019, 0.00028, 0.00019, 7e-05, 0.00051, 0.00203, 0.0038, 0.00203, 0.00051, 0.00229, 0.01754, 0.05101, 0.01754, 0.00229, 0.00471, 0.05752, 0.77515, 0.05752, 0.00471], [0, 0, 2e-05, 2e-05, 2e-05, 1e-05, 6e-05, 0.00019, 0.00028, 0.00021, 7e-05, 0.00045, 0.00203, 0.00379, 0.00229, 0.00021, 0.00203, 0.01757, 0.05092, 0.01981, 0.00035, 0.00427, 0.05757, 0.77446, 0.06336], [0, 0, 0, 2e-05, 3e-05, 0, 1e-05, 6e-05, 0.00019, 0.00032, 0, 6e-05, 0.00045, 0.00203, 0.00428, 2e-05, 0.00019, 0.00203, 0.01754, 0.05752, 3e-05, 0.00032, 0.00428, 0.05752, 0.85312]]