[[0.94804, 0.02275, 0.00056, 1e-05, 0, 0.02275, 0.00482, 0.00022, 0, 0, 0.00056, 0.00022, 3e-05, 0, 0, 1e-05, 0, 0, 0, 0, 0, 0, 0, 0, 0], [0.02344, 0.92017, 0.02275, 0.00056, 1e-05, 0.00499, 0.02197, 0.00482, 0.00022, 0, 0.00023, 0.00054, 0.00022, 3e-05, 0, 0, 1e-05, 0, 0, 0, 0, 0, 0, 0, 0], [0.00058, 0.02275, 0.92019, 0.02275, 0.00058, 0.00023, 0.00482, 0.02197, 0.00482, 0.00023, 3e-05, 0.00022, 0.00054, 0.00022, 3e-05, 0, 0, 1e-05, 0, 0, 0, 0, 0, 0, 0], [1e-05, 0.00056, 0.02275, 0.92017, 0.02344, 0, 0.00022, 0.00482, 0.02197, 0.00499, 0, 3e-05, 0.00022, 0.00054, 0.00023, 0, 0, 0, 1e-05, 0, 0, 0, 0, 0, 0], [0, 1e-05, 0.00056, 0.02275, 0.94804, 0, 0, 0.00022, 0.00482, 0.02275, 0, 0, 3e-05, 0.00022, 0.00056, 0, 0, 0, 0, 1e-05, 0, 0, 0, 0, 0], [0.02344, 0.00499, 0.00023, 0, 0, 0.92017, 0.02197, 0.00054, 1e-05, 0, 0.02275, 0.00482, 0.00022, 0, 0, 0.00056, 0.00022, 3e-05, 0, 0, 1e-05, 0, 0, 0, 0], [0.00514, 0.02275, 0.00499, 0.00023, 0, 0.02275, 0.88853, 0.02197, 0.00054, 1e-05, 0.00499, 0.02197, 0.00482, 0.00022, 0, 0.00023, 0.00054, 0.00022, 3e-05, 0, 0, 1e-05, 0, 0, 0], [0.00024, 0.00499, 0.02275, 0.00499, 0.00024, 0.00056, 0.02197, 0.88858, 0.02197, 0.00056, 0.00023, 0.00482, 0.02197, 0.00482, 0.00023, 3e-05, 0.00022, 0.00054, 0.00022, 3e-05, 0, 0, 1e-05, 0, 0], [0, 0.00023, 0.00499, 0.02275, 0.00514, 1e-05, 0.00054, 0.02197, 0.88853, 0.02275, 0, 0.00022, 0.00482, 0.02197, 0.00499, 0, 3e-05, 0.00022, 0.00054, 0.00023, 0, 0, 0, 1e-05, 0], [0, 0, 0.00023, 0.00499, 0.02344, 0, 1e-05, 0.00054, 0.02197, 0.92017, 0, 0, 0.00022, 0.00482, 0.02275, 0, 0, 3e-05, 0.00022, 0.00056, 0, 0, 0, 0, 1e-05], [0.00058, 0.00023, 3e-05, 0, 0, 0.02275, 0.00482, 0.00022, 0, 0, 0.92019, 0.02197, 0.00054, 1e-05, 0, 0.02275, 0.00482, 0.00022, 0, 0, 0.00058, 0.00023, 3e-05, 0, 0], [0.00024, 0.00056, 0.00023, 3e-05, 0, 0.00499, 0.02197, 0.00482, 0.00022, 0, 0.02275, 0.88858, 0.02197, 0.00054, 1e-05, 0.00499, 0.02197, 0.00482, 0.00022, 0, 0.00024, 0.00056, 0.00023, 3e-05, 0], [3e-05, 0.00023, 0.00056, 0.00023, 3e-05, 0.00023, 0.00482, 0.02197, 0.00482, 0.00023, 0.00056, 0.02197, 0.88863, 0.02197, 0.00056, 0.00023, 0.00482, 0.02197, 0.00482, 0.00023, 3e-05, 0.00023, 0.00056, 0.00023, 3e-05], [0, 3e-05, 0.00023, 0.00056, 0.00024, 0, 0.00022, 0.00482, 0.02197, 0.00499, 1e-05, 0.00054, 0.02197, 0.88858, 0.02275, 0, 0.00022, 0.00482, 0.02197, 0.00499, 0, 3e-05, 0.00023, 0.00056, 0.00024], [0, 0, 3e-05, 0.00023, 0.00058, 0, 0, 0.00022, 0.00482, 0.02275, 0, 1e-05, 0.00054, 0.02197, 0.92019, 0, 0, 0.00022, 0.00482, 0.02275, 0, 0, 3e-05, 0.00023, 0.00058], [1e-05, 0, 0, 0, 0, 0.00056, 0.00022, 3e-05, 0, 0, 0.02275, 0.00482, 0.00022, 0, 0, 0.92017, 0.02197, 0.00054, 1e-05, 0, 0.02344, 0.00499, 0.00023, 0, 0], [0, 1e-05, 0, 0, 0, 0.00023, 0.00054, 0.00022, 3e-05, 0, 0.00499, 0.02197, 0.00482, 0.00022, 0, 0.02275, 0.88853, 0.02197, 0.00054, 1e-05, 0.00514, 0.02275, 0.00499, 0.00023, 0], [0, 0, 1e-05, 0, 0, 3e-05, 0.00022, 0.00054, 0.00022, 3e-05, 0.00023, 0.00482, 0.02197, 0.00482, 0.00023, 0.00056, 0.02197, 0.88858, 0.02197, 0.00056, 0.00024, 0.00499, 0.02275, 0.00499, 0.00024], [0, 0, 0, 1e-05, 0, 0, 3e-05, 0.00022, 0.00054, 0.00023, 0, 0.00022, 0.00482, 0.02197, 0.00499, 1e-05, 0.00054, 0.02197, 0.88853, 0.02275, 0, 0.00023, 0.00499, 0.02275, 0.00514], [0, 0, 0, 0, 1e-05, 0, 0, 3e-05, 0.00022, 0.00056, 0, 0, 0.00022, 0.00482, 0.02275, 0, 1e-05, 0.00054, 0.02197, 0.92017, 0, 0, 0.00023, 0.00499, 0.02344], [0, 0, 0, 0, 0, 1e-05, 0, 0, 0, 0, 0.00056, 0.00022, 3e-05, 0, 0, 0.02275, 0.00482, 0.00022, 0, 0, 0.94804, 0.02275, 0.00056, 1e-05, 0], [0, 0, 0, 0, 0, 0, 1e-05, 0, 0, 0, 0.00023, 0.00054, 0.00022, 3e-05, 0, 0.00499, 0.02197, 0.00482, 0.00022, 0, 0.02344, 0.92017, 0.02275, 0.00056, 1e-05], [0, 0, 0, 0, 0, 0, 0, 1e-05, 0, 0, 3e-05, 0.00022, 0.00054, 0.00022, 3e-05, 0.00023, 0.00482, 0.02197, 0.00482, 0.00023, 0.00058, 0.02275, 0.92019, 0.02275, 0.00058], [0, 0, 0, 0, 0, 0, 0, 0, 1e-05, 0, 0, 3e-05, 0.00022, 0.00054, 0.00023, 0, 0.00022, 0.00482, 0.02197, 0.00499, 1e-05, 0.00056, 0.02275, 0.92017, 0.02344], [0, 0, 0, 0, 0, 0, 0, 0, 0, 1e-05, 0, 0, 3e-05, 0.00022, 0.00056, 0, 0, 0.00022, 0.00482, 0.02275, 0, 1e-05, 0.00056, 0.02275, 0.94804]]