[[0.81045, 0.07985, 0.00885, 0.00098, 0.00012, 0.07985, 0.00787, 0.00087, 0.0001, 1e-05, 0.00885, 0.00087, 0.0001, 1e-05, 0, 0.00098, 0.0001, 1e-05, 0, 0, 0.00012, 1e-05, 0, 0, 0], [0.0898, 0.72065, 0.07985, 0.00885, 0.0011, 0.00885, 0.071, 0.00787, 0.00087, 0.00011, 0.00098, 0.00787, 0.00087, 0.0001, 1e-05, 0.00011, 0.00087, 0.0001, 1e-05, 0, 1e-05, 0.00011, 1e-05, 0, 0], [0.00995, 0.07985, 0.72065, 0.07985, 0.00995, 0.00098, 0.00787, 0.071, 0.00787, 0.00098, 0.00011, 0.00087, 0.00787, 0.00087, 0.00011, 1e-05, 0.0001, 0.00087, 0.0001, 1e-05, 0, 1e-05, 0.00011, 1e-05, 0], [0.0011, 0.00885, 0.07985, 0.72065, 0.0898, 0.00011, 0.00087, 0.00787, 0.071, 0.00885, 1e-05, 0.0001, 0.00087, 0.00787, 0.00098, 0, 1e-05, 0.0001, 0.00087, 0.00011, 0, 0, 1e-05, 0.00011, 1e-05], [0.00012, 0.00098, 0.00885, 0.07985, 0.81045, 1e-05, 0.0001, 0.00087, 0.00787, 0.07985, 0, 1e-05, 0.0001, 0.00087, 0.00885, 0, 0, 1e-05, 0.0001, 0.00098, 0, 0, 0, 1e-05, 0.00012], [0.0898, 0.00885, 0.00098, 0.00011, 1e-05, 0.72065, 0.071, 0.00787, 0.00087, 0.00011, 0.07985, 0.00787, 0.00087, 0.0001, 1e-05, 0.00885, 0.00087, 0.0001, 1e-05, 0, 0.0011, 0.00011, 1e-05, 0, 0], [0.00995, 0.07985, 0.00885, 0.00098, 0.00012, 0.07985, 0.6408, 0.071, 0.00787, 0.00098, 0.00885, 0.071, 0.00787, 0.00087, 0.00011, 0.00098, 0.00787, 0.00087, 0.0001, 1e-05, 0.00012, 0.00098, 0.00011, 1e-05, 0], [0.0011, 0.00885, 0.07985, 0.00885, 0.0011, 0.00885, 0.071, 0.6408, 0.071, 0.00885, 0.00098, 0.00787, 0.071, 0.00787, 0.00098, 0.00011, 0.00087, 0.00787, 0.00087, 0.00011, 1e-05, 0.00011, 0.00098, 0.00011, 1e-05], [0.00012, 0.00098, 0.00885, 0.07985, 0.00995, 0.00098, 0.00787, 0.071, 0.6408, 0.07985, 0.00011, 0.00087, 0.00787, 0.071, 0.00885, 1e-05, 0.0001, 0.00087, 0.00787, 0.00098, 0, 1e-05, 0.00011, 0.00098, 0.00012], [1e-05, 0.00011, 0.00098, 0.00885, 0.0898, 0.00011, 0.00087, 0.00787, 0.071, 0.72065, 1e-05, 0.0001, 0.00087, 0.00787, 0.07985, 0, 1e-05, 0.0001, 0.00087, 0.00885, 0, 0, 1e-05, 0.00011, 0.0011], [0.00995, 0.00098, 0.00011, 1e-05, 0, 0.07985, 0.00787, 0.00087, 0.0001, 1e-05, 0.72065, 0.071, 0.00787, 0.00087, 0.00011, 0.07985, 0.00787, 0.00087, 0.0001, 1e-05, 0.00995, 0.00098, 0.00011, 1e-05, 0], [0.0011, 0.00885, 0.00098, 0.00011, 1e-05, 0.00885, 0.071, 0.00787, 0.00087, 0.00011, 0.07985, 0.6408, 0.071, 0.00787, 0.00098, 0.00885, 0.071, 0.00787, 0.00087, 0.00011, 0.0011, 0.00885, 0.00098, 0.00011, 1e-05], [0.00012, 0.00098, 0.00885, 0.00098, 0.00012, 0.00098, 0.00787, 0.071, 0.00787, 0.00098, 0.00885, 0.071, 0.6408, 0.071, 0.00885, 0.00098, 0.00787, 0.071, 0.00787, 0.00098, 0.00012, 0.00098, 0.00885, 0.00098, 0.00012], [1e-05, 0.00011, 0.00098, 0.00885, 0.0011, 0.00011, 0.00087, 0.00787, 0.071, 0.00885, 0.00098, 0.00787, 0.071, 0.6408, 0.07985, 0.00011, 0.00087, 0.00787, 0.071, 0.00885, 1e-05, 0.00011, 0.00098, 0.00885, 0.0011], [0, 1e-05, 0.00011, 0.00098, 0.00995, 1e-05, 0.0001, 0.00087, 0.00787, 0.07985, 0.00011, 0.00087, 0.00787, 0.071, 0.72065, 1e-05, 0.0001, 0.00087, 0.00787, 0.07985, 0, 1e-05, 0.00011, 0.00098, 0.00995], [0.0011, 0.00011, 1e-05, 0, 0, 0.00885, 0.00087, 0.0001, 1e-05, 0, 0.07985, 0.00787, 0.00087, 0.0001, 1e-05, 0.72065, 0.071, 0.00787, 0.00087, 0.00011, 0.0898, 0.00885, 0.00098, 0.00011, 1e-05], [0.00012, 0.00098, 0.00011, 1e-05, 0, 0.00098, 0.00787, 0.00087, 0.0001, 1e-05, 0.00885, 0.071, 0.00787, 0.00087, 0.00011, 0.07985, 0.6408, 0.071, 0.00787, 0.00098, 0.00995, 0.07985, 0.00885, 0.00098, 0.00012], [1e-05, 0.00011, 0.00098, 0.00011, 1e-05, 0.00011, 0.00087, 0.00787, 0.00087, 0.00011, 0.00098, 0.00787, 0.071, 0.00787, 0.00098, 0.00885, 0.071, 0.6408, 0.071, 0.00885, 0.0011, 0.00885, 0.07985, 0.00885, 0.0011], [0, 1e-05, 0.00011, 0.00098, 0.00012, 1e-05, 0.0001, 0.00087, 0.00787, 0.00098, 0.00011, 0.00087, 0.00787, 0.071, 0.00885, 0.00098, 0.00787, 0.071, 0.6408, 0.07985, 0.00012, 0.00098, 0.00885, 0.07985, 0.00995], [0, 0, 1e-05, 0.00011, 0.0011, 0, 1e-05, 0.0001, 0.00087, 0.00885, 1e-05, 0.0001, 0.00087, 0.00787, 0.07985, 0.00011, 0.00087, 0.00787, 0.071, 0.72065, 1e-05, 0.00011, 0.00098, 0.00885, 0.0898], [0.00012, 1e-05, 0, 0, 0, 0.00098, 0.0001, 1e-05, 0, 0, 0.00885, 0.00087, 0.0001, 1e-05, 0, 0.07985, 0.00787, 0.00087, 0.0001, 1e-05, 0.81045, 0.07985, 0.00885, 0.00098, 0.00012], [1e-05, 0.00011, 1e-05, 0, 0, 0.00011, 0.00087, 0.0001, 1e-05, 0, 0.00098, 0.00787, 0.00087, 0.0001, 1e-05, 0.00885, 0.071, 0.00787, 0.00087, 0.00011, 0.0898, 0.72065, 0.07985, 0.00885, 0.0011], [0, 1e-05, 0.00011, 1e-05, 0, 1e-05, 0.0001, 0.00087, 0.0001, 1e-05, 0.00011, 0.00087, 0.00787, 0.00087, 0.00011, 0.00098, 0.00787, 0.071, 0.00787, 0.00098, 0.00995, 0.07985, 0.72065, 0.07985, 0.00995], [0, 0, 1e-05, 0.00011, 1e-05, 0, 1e-05, 0.0001, 0.00087, 0.00011, 1e-05, 0.0001, 0.00087, 0.00787, 0.00098, 0.00011, 0.00087, 0.00787, 0.071, 0.00885, 0.0011, 0.00885, 0.07985, 0.72065, 0.0898], [0, 0, 0, 1e-05, 0.00012, 0, 0, 1e-05, 0.0001, 0.00098, 0, 1e-05, 0.0001, 0.00087, 0.00885, 1e-05, 0.0001, 0.00087, 0.00787, 0.07985, 0.00012, 0.00098, 0.00885, 0.07985, 0.81045]]