[[0.85904, 0.05611, 0.00403, 0.00029, 2e-05, 0.05611, 0.01695, 0.00122, 9e-05, 0, 0.00403, 0.00122, 0.00041, 3e-05, 0, 0.00029, 9e-05, 3e-05, 1e-05, 0, 2e-05, 0, 0, 0, 0], [0.06153, 0.78347, 0.0562, 0.00402, 0.00032, 0.01904, 0.04996, 0.01701, 0.00121, 0.0001, 0.00137, 0.00359, 0.00122, 0.00041, 3e-05, 0.0001, 0.00026, 9e-05, 3e-05, 1e-05, 0, 2e-05, 0, 0, 0], [0.00441, 0.05611, 0.78468, 0.05611, 0.00441, 0.00136, 0.01695, 0.05015, 0.01695, 0.00136, 0.00046, 0.00122, 0.0036, 0.00122, 0.00046, 3e-05, 9e-05, 0.00026, 9e-05, 3e-05, 0, 0, 2e-05, 0, 0], [0.00032, 0.00402, 0.0562, 0.78347, 0.06153, 0.0001, 0.00121, 0.01701, 0.04996, 0.01904, 3e-05, 0.00041, 0.00122, 0.00359, 0.00137, 1e-05, 3e-05, 9e-05, 0.00026, 0.0001, 0, 0, 0, 2e-05, 0], [2e-05, 0.00029, 0.00403, 0.05611, 0.85904, 0, 9e-05, 0.00122, 0.01695, 0.05611, 0, 3e-05, 0.00041, 0.00122, 0.00403, 0, 1e-05, 3e-05, 9e-05, 0.00029, 0, 0, 0, 0, 2e-05], [0.06153, 0.01904, 0.00137, 0.0001, 0, 0.78347, 0.04996, 0.00359, 0.00026, 2e-05, 0.0562, 0.01701, 0.00122, 9e-05, 0, 0.00402, 0.00121, 0.00041, 3e-05, 0, 0.00032, 0.0001, 3e-05, 1e-05, 0], [0.02087, 0.05611, 0.01907, 0.00136, 0.00011, 0.05611, 0.6976, 0.05015, 0.00358, 0.00029, 0.01907, 0.05015, 0.01707, 0.00122, 0.0001, 0.00136, 0.00358, 0.00122, 0.00041, 3e-05, 0.00011, 0.00029, 0.0001, 3e-05, 1e-05], [0.0015, 0.01904, 0.0562, 0.01904, 0.0015, 0.00402, 0.04996, 0.70019, 0.04996, 0.00402, 0.00137, 0.01701, 0.05032, 0.01701, 0.00137, 0.00046, 0.00121, 0.00359, 0.00121, 0.00046, 4e-05, 0.0001, 0.00029, 0.0001, 4e-05], [0.00011, 0.00136, 0.01907, 0.05611, 0.02087, 0.00029, 0.00358, 0.05015, 0.6976, 0.05611, 0.0001, 0.00122, 0.01707, 0.05015, 0.01907, 3e-05, 0.00041, 0.00122, 0.00358, 0.00136, 1e-05, 3e-05, 0.0001, 0.00029, 0.00011], [0, 0.0001, 0.00137, 0.01904, 0.06153, 2e-05, 0.00026, 0.00359, 0.04996, 0.78347, 0, 9e-05, 0.00122, 0.01701, 0.0562, 0, 3e-05, 0.00041, 0.00121, 0.00402, 0, 1e-05, 3e-05, 0.0001, 0.00032], [0.00441, 0.00136, 0.00046, 3e-05, 0, 0.05611, 0.01695, 0.00122, 9e-05, 0, 0.78468, 0.05015, 0.0036, 0.00026, 2e-05, 0.05611, 0.01695, 0.00122, 9e-05, 0, 0.00441, 0.00136, 0.00046, 3e-05, 0], [0.0015, 0.00402, 0.00137, 0.00046, 4e-05, 0.01904, 0.04996, 0.01701, 0.00121, 0.0001, 0.0562, 0.70019, 0.05032, 0.00359, 0.00029, 0.01904, 0.04996, 0.01701, 0.00121, 0.0001, 0.0015, 0.00402, 0.00137, 0.00046, 4e-05], [0.00051, 0.00136, 0.00403, 0.00136, 0.00051, 0.00136, 0.01695, 0.05015, 0.01695, 0.00136, 0.00403, 0.05015, 0.70256, 0.05015, 0.00403, 0.00136, 0.01695, 0.05015, 0.01695, 0.00136, 0.00051, 0.00136, 0.00403, 0.00136, 0.00051], [4e-05, 0.00046, 0.00137, 0.00402, 0.0015, 0.0001, 0.00121, 0.01701, 0.04996, 0.01904, 0.00029, 0.00359, 0.05032, 0.70019, 0.0562, 0.0001, 0.00121, 0.01701, 0.04996, 0.01904, 4e-05, 0.00046, 0.00137, 0.00402, 0.0015], [0, 3e-05, 0.00046, 0.00136, 0.00441, 0, 9e-05, 0.00122, 0.01695, 0.05611, 2e-05, 0.00026, 0.0036, 0.05015, 0.78468, 0, 9e-05, 0.00122, 0.01695, 0.05611, 0, 3e-05, 0.00046, 0.00136, 0.00441], [0.00032, 0.0001, 3e-05, 1e-05, 0, 0.00402, 0.00121, 0.00041, 3e-05, 0, 0.0562, 0.01701, 0.00122, 9e-05, 0, 0.78347, 0.04996, 0.00359, 0.00026, 2e-05, 0.06153, 0.01904, 0.00137, 0.0001, 0], [0.00011, 0.00029, 0.0001, 3e-05, 1e-05, 0.00136, 0.00358, 0.00122, 0.00041, 3e-05, 0.01907, 0.05015, 0.01707, 0.00122, 0.0001, 0.05611, 0.6976, 0.05015, 0.00358, 0.00029, 0.02087, 0.05611, 0.01907, 0.00136, 0.00011], [4e-05, 0.0001, 0.00029, 0.0001, 4e-05, 0.00046, 0.00121, 0.00359, 0.00121, 0.00046, 0.00137, 0.01701, 0.05032, 0.01701, 0.00137, 0.00402, 0.04996, 0.70019, 0.04996, 0.00402, 0.0015, 0.01904, 0.0562, 0.01904, 0.0015], [1e-05, 3e-05, 0.0001, 0.00029, 0.00011, 3e-05, 0.00041, 0.00122, 0.00358, 0.00136, 0.0001, 0.00122, 0.01707, 0.05015, 0.01907, 0.00029, 0.00358, 0.05015, 0.6976, 0.05611, 0.00011, 0.00136, 0.01907, 0.05611, 0.02087], [0, 1e-05, 3e-05, 0.0001, 0.00032, 0, 3e-05, 0.00041, 0.00121, 0.00402, 0, 9e-05, 0.00122, 0.01701, 0.0562, 2e-05, 0.00026, 0.00359, 0.04996, 0.78347, 0, 0.0001, 0.00137, 0.01904, 0.06153], [2e-05, 0, 0, 0, 0, 0.00029, 9e-05, 3e-05, 1e-05, 0, 0.00403, 0.00122, 0.00041, 3e-05, 0, 0.05611, 0.01695, 0.00122, 9e-05, 0, 0.85904, 0.05611, 0.00403, 0.00029, 2e-05], [0, 2e-05, 0, 0, 0, 0.0001, 0.00026, 9e-05, 3e-05, 1e-05, 0.00137, 0.00359, 0.00122, 0.00041, 3e-05, 0.01904, 0.04996, 0.01701, 0.00121, 0.0001, 0.06153, 0.78347, 0.0562, 0.00402, 0.00032], [0, 0, 2e-05, 0, 0, 3e-05, 9e-05, 0.00026, 9e-05, 3e-05, 0.00046, 0.00122, 0.0036, 0.00122, 0.00046, 0.00136, 0.01695, 0.05015, 0.01695, 0.00136, 0.00441, 0.05611, 0.78468, 0.05611, 0.00441], [0, 0, 0, 2e-05, 0, 1e-05, 3e-05, 9e-05, 0.00026, 0.0001, 3e-05, 0.00041, 0.00122, 0.00359, 0.00137, 0.0001, 0.00121, 0.01701, 0.04996, 0.01904, 0.00032, 0.00402, 0.0562, 0.78347, 0.06153], [0, 0, 0, 0, 2e-05, 0, 1e-05, 3e-05, 9e-05, 0.00029, 0, 3e-05, 0.00041, 0.00122, 0.00403, 0, 9e-05, 0.00122, 0.01695, 0.05611, 2e-05, 0.00029, 0.00403, 0.05611, 0.85904]]