[[0.94131, 0.02558, 0.00072, 2e-05, 0, 0.02558, 0.00568, 0.00016, 0, 0, 0.00072, 0.00016, 4e-05, 0, 0, 2e-05, 0, 0, 0, 0, 0, 0, 0, 0, 0], [0.02647, 0.90979, 0.02558, 0.00072, 2e-05, 0.00592, 0.02457, 0.00568, 0.00016, 0, 0.00017, 0.00069, 0.00016, 4e-05, 0, 0, 2e-05, 0, 0, 0, 0, 0, 0, 0, 0], [0.00074, 0.02558, 0.90996, 0.02558, 0.00074, 0.00017, 0.00568, 0.02458, 0.00568, 0.00017, 4e-05, 0.00016, 0.00069, 0.00016, 4e-05, 0, 0, 2e-05, 0, 0, 0, 0, 0, 0, 0], [2e-05, 0.00072, 0.02558, 0.90979, 0.02647, 0, 0.00016, 0.00568, 0.02457, 0.00592, 0, 4e-05, 0.00016, 0.00069, 0.00017, 0, 0, 0, 2e-05, 0, 0, 0, 0, 0, 0], [0, 2e-05, 0.00072, 0.02558, 0.94131, 0, 0, 0.00016, 0.00568, 0.02558, 0, 0, 4e-05, 0.00016, 0.00072, 0, 0, 0, 0, 2e-05, 0, 0, 0, 0, 0], [0.02647, 0.00592, 0.00017, 0, 0, 0.90979, 0.02457, 0.00069, 2e-05, 0, 0.02558, 0.00568, 0.00016, 0, 0, 0.00072, 0.00016, 4e-05, 0, 0, 2e-05, 0, 0, 0, 0], [0.00612, 0.02558, 0.00592, 0.00017, 0, 0.02558, 0.87391, 0.02458, 0.00069, 2e-05, 0.00592, 0.02458, 0.00569, 0.00016, 0, 0.00017, 0.00069, 0.00016, 4e-05, 0, 0, 2e-05, 0, 0, 0], [0.00017, 0.00592, 0.02558, 0.00592, 0.00017, 0.00072, 0.02457, 0.87425, 0.02457, 0.00072, 0.00017, 0.00568, 0.02459, 0.00568, 0.00017, 4e-05, 0.00016, 0.00069, 0.00016, 4e-05, 0, 0, 2e-05, 0, 0], [0, 0.00017, 0.00592, 0.02558, 0.00612, 2e-05, 0.00069, 0.02458, 0.87391, 0.02558, 0, 0.00016, 0.00569, 0.02458, 0.00592, 0, 4e-05, 0.00016, 0.00069, 0.00017, 0, 0, 0, 2e-05, 0], [0, 0, 0.00017, 0.00592, 0.02647, 0, 2e-05, 0.00069, 0.02457, 0.90979, 0, 0, 0.00016, 0.00568, 0.02558, 0, 0, 4e-05, 0.00016, 0.00072, 0, 0, 0, 0, 2e-05], [0.00074, 0.00017, 4e-05, 0, 0, 0.02558, 0.00568, 0.00016, 0, 0, 0.90996, 0.02458, 0.00069, 2e-05, 0, 0.02558, 0.00568, 0.00016, 0, 0, 0.00074, 0.00017, 4e-05, 0, 0], [0.00017, 0.00072, 0.00017, 4e-05, 0, 0.00592, 0.02457, 0.00568, 0.00016, 0, 0.02558, 0.87425, 0.02459, 0.00069, 2e-05, 0.00592, 0.02457, 0.00568, 0.00016, 0, 0.00017, 0.00072, 0.00017, 4e-05, 0], [4e-05, 0.00017, 0.00072, 0.00017, 4e-05, 0.00017, 0.00568, 0.02458, 0.00568, 0.00017, 0.00072, 0.02458, 0.87459, 0.02458, 0.00072, 0.00017, 0.00568, 0.02458, 0.00568, 0.00017, 4e-05, 0.00017, 0.00072, 0.00017, 4e-05], [0, 4e-05, 0.00017, 0.00072, 0.00017, 0, 0.00016, 0.00568, 0.02457, 0.00592, 2e-05, 0.00069, 0.02459, 0.87425, 0.02558, 0, 0.00016, 0.00568, 0.02457, 0.00592, 0, 4e-05, 0.00017, 0.00072, 0.00017], [0, 0, 4e-05, 0.00017, 0.00074, 0, 0, 0.00016, 0.00568, 0.02558, 0, 2e-05, 0.00069, 0.02458, 0.90996, 0, 0, 0.00016, 0.00568, 0.02558, 0, 0, 4e-05, 0.00017, 0.00074], [2e-05, 0, 0, 0, 0, 0.00072, 0.00016, 4e-05, 0, 0, 0.02558, 0.00568, 0.00016, 0, 0, 0.90979, 0.02457, 0.00069, 2e-05, 0, 0.02647, 0.00592, 0.00017, 0, 0], [0, 2e-05, 0, 0, 0, 0.00017, 0.00069, 0.00016, 4e-05, 0, 0.00592, 0.02458, 0.00569, 0.00016, 0, 0.02558, 0.87391, 0.02458, 0.00069, 2e-05, 0.00612, 0.02558, 0.00592, 0.00017, 0], [0, 0, 2e-05, 0, 0, 4e-05, 0.00016, 0.00069, 0.00016, 4e-05, 0.00017, 0.00568, 0.02459, 0.00568, 0.00017, 0.00072, 0.02457, 0.87425, 0.02457, 0.00072, 0.00017, 0.00592, 0.02558, 0.00592, 0.00017], [0, 0, 0, 2e-05, 0, 0, 4e-05, 0.00016, 0.00069, 0.00017, 0, 0.00016, 0.00569, 0.02458, 0.00592, 2e-05, 0.00069, 0.02458, 0.87391, 0.02558, 0, 0.00017, 0.00592, 0.02558, 0.00612], [0, 0, 0, 0, 2e-05, 0, 0, 4e-05, 0.00016, 0.00072, 0, 0, 0.00016, 0.00568, 0.02558, 0, 2e-05, 0.00069, 0.02457, 0.90979, 0, 0, 0.00017, 0.00592, 0.02647], [0, 0, 0, 0, 0, 2e-05, 0, 0, 0, 0, 0.00072, 0.00016, 4e-05, 0, 0, 0.02558, 0.00568, 0.00016, 0, 0, 0.94131, 0.02558, 0.00072, 2e-05, 0], [0, 0, 0, 0, 0, 0, 2e-05, 0, 0, 0, 0.00017, 0.00069, 0.00016, 4e-05, 0, 0.00592, 0.02457, 0.00568, 0.00016, 0, 0.02647, 0.90979, 0.02558, 0.00072, 2e-05], [0, 0, 0, 0, 0, 0, 0, 2e-05, 0, 0, 4e-05, 0.00016, 0.00069, 0.00016, 4e-05, 0.00017, 0.00568, 0.02458, 0.00568, 0.00017, 0.00074, 0.02558, 0.90996, 0.02558, 0.00074], [0, 0, 0, 0, 0, 0, 0, 0, 2e-05, 0, 0, 4e-05, 0.00016, 0.00069, 0.00017, 0, 0.00016, 0.00568, 0.02457, 0.00592, 2e-05, 0.00072, 0.02558, 0.90979, 0.02647], [0, 0, 0, 0, 0, 0, 0, 0, 0, 2e-05, 0, 0, 4e-05, 0.00016, 0.00072, 0, 0, 0.00016, 0.00568, 0.02558, 0, 2e-05, 0.00072, 0.02558, 0.94131]]