[[0, 0, 0, 0, 0, 0, 0, 0, 0.64888, 0.07068, 0.03879, 0.02129, 0.02589, 0, 0, 0.07068, 0.0077, 0.00423, 0.00232, 0.00282, 0, 0, 0.03879, 0.00423, 0.00232, 0.00127, 0.00155, 0, 0, 0.02129, 0.00232, 0.00127, 0.0007, 0.00085, 0, 0, 0.02589, 0.00282, 0.00155, 0.00085, 0.00103, 0, 0, 0, 0, 0, 0, 0, 0], [0, 0, 0, 0, 0, 0, 0, 0, 0.5201, 0.12879, 0.07068, 0.03879, 0.04718, 0, 0, 0.05665, 0.01403, 0.0077, 0.00423, 0.00514, 0, 0, 0.03109, 0.0077, 0.00423, 0.00232, 0.00282, 0, 0, 0.01706, 0.00423, 0.00232, 0.00127, 0.00155, 0, 0, 0.02075, 0.00514, 0.00282, 0.00155, 0.00188, 0, 0, 0, 0, 0, 0, 0, 0], [0, 0, 0, 0, 0, 0, 0, 0, 0.28544, 0.23466, 0.12879, 0.07068, 0.08597, 0, 0, 0.03109, 0.02556, 0.01403, 0.0077, 0.00936, 0, 0, 0.01706, 0.01403, 0.0077, 0.00423, 0.00514, 0, 0, 0.00936, 0.0077, 0.00423, 0.00232, 0.00282, 0, 0, 0.01139, 0.00936, 0.00514, 0.00282, 0.00343, 0, 0, 0, 0, 0, 0, 0, 0], [0, 0, 0, 0, 0, 0, 0, 0, 0.15665, 0.12879, 0.23466, 0.12879, 0.15665, 0, 0, 0.01706, 0.01403, 0.02556, 0.01403, 0.01706, 0, 0, 0.00936, 0.0077, 0.01403, 0.0077, 0.00936, 0, 0, 0.00514, 0.00423, 0.0077, 0.00423, 0.00514, 0, 0, 0.00625, 0.00514, 0.00936, 0.00514, 0.00625, 0, 0, 0, 0, 0, 0, 0, 0], [0, 0, 0, 0, 0, 0, 0, 0, 0.08597, 0.07068, 0.12879, 0.23466, 0.28544, 0, 0, 0.00936, 0.0077, 0.01403, 0.02556, 0.03109, 0, 0, 0.00514, 0.00423, 0.0077, 0.01403, 0.01706, 0, 0, 0.00282, 0.00232, 0.00423, 0.0077, 0.00936, 0, 0, 0.00343, 0.00282, 0.00514, 0.00936, 0.01139, 0, 0, 0, 0, 0, 0, 0, 0], [0, 0, 0, 0, 0, 0, 0, 0, 0.04718, 0.03879, 0.07068, 0.12879, 0.5201, 0, 0, 0.00514, 0.00423, 0.0077, 0.01403, 0.05665, 0, 0, 0.00282, 0.00232, 0.00423, 0.0077, 0.03109, 0, 0, 0.00155, 0.00127, 0.00232, 0.00423, 0.01706, 0, 0, 0.00188, 0.00155, 0.00282, 0.00514, 0.02075, 0, 0, 0, 0, 0, 0, 0, 0], [0, 0, 0, 0, 0, 0, 0, 0, 0.02589, 0.02129, 0.03879, 0.07068, 0.64888, 0, 0, 0.00282, 0.00232, 0.00423, 0.0077, 0.07068, 0, 0, 0.00155, 0.00127, 0.00232, 0.00423, 0.03879, 0, 0, 0.00085, 0.0007, 0.00127, 0.00232, 0.02129, 0, 0, 0.00103, 0.00085, 0.00155, 0.00282, 0.02589, 0, 0, 0, 0, 0, 0, 0, 0], [0, 0, 0, 0, 0, 0, 0, 0, 0.5201, 0.05665, 0.03109, 0.01706, 0.02075, 0, 0, 0.12879, 0.01403, 0.0077, 0.00423, 0.00514, 0, 0, 0.07068, 0.0077, 0.00423, 0.00232, 0.00282, 0, 0, 0.03879, 0.00423, 0.00232, 0.00127, 0.00155, 0, 0, 0.04718, 0.00514, 0.00282, 0.00155, 0.00188, 0, 0, 0, 0, 0, 0, 0, 0], [0, 0, 0, 0, 0, 0, 0, 0, 0.41687, 0.10322, 0.05665, 0.03109, 0.03782, 0, 0, 0.10322, 0.02556, 0.01403, 0.0077, 0.00936, 0, 0, 0.05665, 0.01403, 0.0077, 0.00423, 0.00514, 0, 0, 0.03109, 0.0077, 0.00423, 0.00232, 0.00282, 0, 0, 0.03782, 0.00936, 0.00514, 0.00282, 0.00343, 0, 0, 0, 0, 0, 0, 0, 0], [0, 0, 0, 0, 0, 0, 0, 0, 0.22878, 0.18809, 0.10322, 0.05665, 0.06891, 0, 0, 0.05665, 0.04657, 0.02556, 0.01403, 0.01706, 0, 0, 0.03109, 0.02556, 0.01403, 0.0077, 0.00936, 0, 0, 0.01706, 0.01403, 0.0077, 0.00423, 0.00514, 0, 0, 0.02075, 0.01706, 0.00936, 0.00514, 0.00625, 0, 0, 0, 0, 0, 0, 0, 0], [0, 0, 0, 0, 0, 0, 0, 0, 0.12556, 0.10322, 0.18809, 0.10322, 0.12556, 0, 0, 0.03109, 0.02556, 0.04657, 0.02556, 0.03109, 0, 0, 0.01706, 0.01403, 0.02556, 0.01403, 0.01706, 0, 0, 0.00936, 0.0077, 0.01403, 0.0077, 0.00936, 0, 0, 0.01139, 0.00936, 0.01706, 0.00936, 0.01139, 0, 0, 0, 0, 0, 0, 0, 0], [0, 0, 0, 0, 0, 0, 0, 0, 0.06891, 0.05665, 0.10322, 0.18809, 0.22878, 0, 0, 0.01706, 0.01403, 0.02556, 0.04657, 0.05665, 0, 0, 0.00936, 0.0077, 0.01403, 0.02556, 0.03109, 0, 0, 0.00514, 0.00423, 0.0077, 0.01403, 0.01706, 0, 0, 0.00625, 0.00514, 0.00936, 0.01706, 0.02075, 0, 0, 0, 0, 0, 0, 0, 0], [0, 0, 0, 0, 0, 0, 0, 0, 0.03782, 0.03109, 0.05665, 0.10322, 0.41687, 0, 0, 0.00936, 0.0077, 0.01403, 0.02556, 0.10322, 0, 0, 0.00514, 0.00423, 0.0077, 0.01403, 0.05665, 0, 0, 0.00282, 0.00232, 0.00423, 0.0077, 0.03109, 0, 0, 0.00343, 0.00282, 0.00514, 0.00936, 0.03782, 0, 0, 0, 0, 0, 0, 0, 0], [0, 0, 0, 0, 0, 0, 0, 0, 0.02075, 0.01706, 0.03109, 0.05665, 0.5201, 0, 0, 0.00514, 0.00423, 0.0077, 0.01403, 0.12879, 0, 0, 0.00282, 0.00232, 0.00423, 0.0077, 0.07068, 0, 0, 0.00155, 0.00127, 0.00232, 0.00423, 0.03879, 0, 0, 0.00188, 0.00155, 0.00282, 0.00514, 0.04718, 0, 0, 0, 0, 0, 0, 0, 0], [0, 0, 0, 0, 0, 0, 0, 0, 0.28544, 0.03109, 0.01706, 0.00936, 0.01139, 0, 0, 0.23466, 0.02556, 0.01403, 0.0077, 0.00936, 0, 0, 0.12879, 0.01403, 0.0077, 0.00423, 0.00514, 0, 0, 0.07068, 0.0077, 0.00423, 0.00232, 0.00282, 0, 0, 0.08597, 0.00936, 0.00514, 0.00282, 0.00343, 0, 0, 0, 0, 0, 0, 0, 0], [0, 0, 0, 0, 0, 0, 0, 0, 0.22878, 0.05665, 0.03109, 0.01706, 0.02075, 0, 0, 0.18809, 0.04657, 0.02556, 0.01403, 0.01706, 0, 0, 0.10322, 0.02556, 0.01403, 0.0077, 0.00936, 0, 0, 0.05665, 0.01403, 0.0077, 0.00423, 0.00514, 0, 0, 0.06891, 0.01706, 0.00936, 0.00514, 0.00625, 0, 0, 0, 0, 0, 0, 0, 0], [0, 0, 0, 0, 0, 0, 0, 0, 0.12556, 0.10322, 0.05665, 0.03109, 0.03782, 0, 0, 0.10322, 0.08486, 0.04657, 0.02556, 0.03109, 0, 0, 0.05665, 0.04657, 0.02556, 0.01403, 0.01706, 0, 0, 0.03109, 0.02556, 0.01403, 0.0077, 0.00936, 0, 0, 0.03782, 0.03109, 0.01706, 0.00936, 0.01139, 0, 0, 0, 0, 0, 0, 0, 0], [0, 0, 0, 0, 0, 0, 0, 0, 0.06891, 0.05665, 0.10322, 0.05665, 0.06891, 0, 0, 0.05665, 0.04657, 0.08486, 0.04657, 0.05665, 0, 0, 0.03109, 0.02556, 0.04657, 0.02556, 0.03109, 0, 0, 0.01706, 0.01403, 0.02556, 0.01403, 0.01706, 0, 0, 0.02075, 0.01706, 0.03109, 0.01706, 0.02075, 0, 0, 0, 0, 0, 0, 0, 0], [0, 0, 0, 0, 0, 0, 0, 0, 0.03782, 0.03109, 0.05665, 0.10322, 0.12556, 0, 0, 0.03109, 0.02556, 0.04657, 0.08486, 0.10322, 0, 0, 0.01706, 0.01403, 0.02556, 0.04657, 0.05665, 0, 0, 0.00936, 0.0077, 0.01403, 0.02556, 0.03109, 0, 0, 0.01139, 0.00936, 0.01706, 0.03109, 0.03782, 0, 0, 0, 0, 0, 0, 0, 0], [0, 0, 0, 0, 0, 0, 0, 0, 0.02075, 0.01706, 0.03109, 0.05665, 0.22878, 0, 0, 0.01706, 0.01403, 0.02556, 0.04657, 0.18809, 0, 0, 0.00936, 0.0077, 0.01403, 0.02556, 0.10322, 0, 0, 0.00514, 0.00423, 0.0077, 0.01403, 0.05665, 0, 0, 0.00625, 0.00514, 0.00936, 0.01706, 0.06891, 0, 0, 0, 0, 0, 0, 0, 0], [0, 0, 0, 0, 0, 0, 0, 0, 0.01139, 0.00936, 0.01706, 0.03109, 0.28544, 0, 0, 0.00936, 0.0077, 0.01403, 0.02556, 0.23466, 0, 0, 0.00514, 0.00423, 0.0077, 0.01403, 0.12879, 0, 0, 0.00282, 0.00232, 0.00423, 0.0077, 0.07068, 0, 0, 0.00343, 0.00282, 0.00514, 0.00936, 0.08597, 0, 0, 0, 0, 0, 0, 0, 0], [0, 0, 0, 0, 0, 0, 0, 0, 0.15665, 0.01706, 0.00936, 0.00514, 0.00625, 0, 0, 0.12879, 0.01403, 0.0077, 0.00423, 0.00514, 0, 0, 0.23466, 0.02556, 0.01403, 0.0077, 0.00936, 0, 0, 0.12879, 0.01403, 0.0077, 0.00423, 0.00514, 0, 0, 0.15665, 0.01706, 0.00936, 0.00514, 0.00625, 0, 0, 0, 0, 0, 0, 0, 0], [0, 0, 0, 0, 0, 0, 0, 0, 0.12556, 0.03109, 0.01706, 0.00936, 0.01139, 0, 0, 0.10322, 0.02556, 0.01403, 0.0077, 0.00936, 0, 0, 0.18809, 0.04657, 0.02556, 0.01403, 0.01706, 0, 0, 0.10322, 0.02556, 0.01403, 0.0077, 0.00936, 0, 0, 0.12556, 0.03109, 0.01706, 0.00936, 0.01139, 0, 0, 0, 0, 0, 0, 0, 0], [0, 0, 0, 0, 0, 0, 0, 0, 0.06891, 0.05665, 0.03109, 0.01706, 0.02075, 0, 0, 0.05665, 0.04657, 0.02556, 0.01403, 0.01706, 0, 0, 0.10322, 0.08486, 0.04657, 0.02556, 0.03109, 0, 0, 0.05665, 0.04657, 0.02556, 0.01403, 0.01706, 0, 0, 0.06891, 0.05665, 0.03109, 0.01706, 0.02075, 0, 0, 0, 0, 0, 0, 0, 0], [0, 0, 0, 0, 0, 0, 0, 0, 0.03782, 0.03109, 0.05665, 0.03109, 0.03782, 0, 0, 0.03109, 0.02556, 0.04657, 0.02556, 0.03109, 0, 0, 0.05665, 0.04657, 0.08486, 0.04657, 0.05665, 0, 0, 0.03109, 0.02556, 0.04657, 0.02556, 0.03109, 0, 0, 0.03782, 0.03109, 0.05665, 0.03109, 0.03782, 0, 0, 0, 0, 0, 0, 0, 0], [0, 0, 0, 0, 0, 0, 0, 0, 0.02075, 0.01706, 0.03109, 0.05665, 0.06891, 0, 0, 0.01706, 0.01403, 0.02556, 0.04657, 0.05665, 0, 0, 0.03109, 0.02556, 0.04657, 0.08486, 0.10322, 0, 0, 0.01706, 0.01403, 0.02556, 0.04657, 0.05665, 0, 0, 0.02075, 0.01706, 0.03109, 0.05665, 0.06891, 0, 0, 0, 0, 0, 0, 0, 0], [0, 0, 0, 0, 0, 0, 0, 0, 0.01139, 0.00936, 0.01706, 0.03109, 0.12556, 0, 0, 0.00936, 0.0077, 0.01403, 0.02556, 0.10322, 0, 0, 0.01706, 0.01403, 0.02556, 0.04657, 0.18809, 0, 0, 0.00936, 0.0077, 0.01403, 0.02556, 0.10322, 0, 0, 0.01139, 0.00936, 0.01706, 0.03109, 0.12556, 0, 0, 0, 0, 0, 0, 0, 0], [0, 0, 0, 0, 0, 0, 0, 0, 0.00625, 0.00514, 0.00936, 0.01706, 0.15665, 0, 0, 0.00514, 0.00423, 0.0077, 0.01403, 0.12879, 0, 0, 0.00936, 0.0077, 0.01403, 0.02556, 0.23466, 0, 0, 0.00514, 0.00423, 0.0077, 0.01403, 0.12879, 0, 0, 0.00625, 0.00514, 0.00936, 0.01706, 0.15665, 0, 0, 0, 0, 0, 0, 0, 0], [0, 0, 0, 0, 0, 0, 0, 0, 0.08597, 0.00936, 0.00514, 0.00282, 0.00343, 0, 0, 0.07068, 0.0077, 0.00423, 0.00232, 0.00282, 0, 0, 0.12879, 0.01403, 0.0077, 0.00423, 0.00514, 0, 0, 0.23466, 0.02556, 0.01403, 0.0077, 0.00936, 0, 0, 0.28544, 0.03109, 0.01706, 0.00936, 0.01139, 0, 0, 0, 0, 0, 0, 0, 0], [0, 0, 0, 0, 0, 0, 0, 0, 0.06891, 0.01706, 0.00936, 0.00514, 0.00625, 0, 0, 0.05665, 0.01403, 0.0077, 0.00423, 0.00514, 0, 0, 0.10322, 0.02556, 0.01403, 0.0077, 0.00936, 0, 0, 0.18809, 0.04657, 0.02556, 0.01403, 0.01706, 0, 0, 0.22878, 0.05665, 0.03109, 0.01706, 0.02075, 0, 0, 0, 0, 0, 0, 0, 0], [0, 0, 0, 0, 0, 0, 0, 0, 0.03782, 0.03109, 0.01706, 0.00936, 0.01139, 0, 0, 0.03109, 0.02556, 0.01403, 0.0077, 0.00936, 0, 0, 0.05665, 0.04657, 0.02556, 0.01403, 0.01706, 0, 0, 0.10322, 0.08486, 0.04657, 0.02556, 0.03109, 0, 0, 0.12556, 0.10322, 0.05665, 0.03109, 0.03782, 0, 0, 0, 0, 0, 0, 0, 0], [0, 0, 0, 0, 0, 0, 0, 0, 0.02075, 0.01706, 0.03109, 0.01706, 0.02075, 0, 0, 0.01706, 0.01403, 0.02556, 0.01403, 0.01706, 0, 0, 0.03109, 0.02556, 0.04657, 0.02556, 0.03109, 0, 0, 0.05665, 0.04657, 0.08486, 0.04657, 0.05665, 0, 0, 0.06891, 0.05665, 0.10322, 0.05665, 0.06891, 0, 0, 0, 0, 0, 0, 0, 0], [0, 0, 0, 0, 0, 0, 0, 0, 0.01139, 0.00936, 0.01706, 0.03109, 0.03782, 0, 0, 0.00936, 0.0077, 0.01403, 0.02556, 0.03109, 0, 0, 0.01706, 0.01403, 0.02556, 0.04657, 0.05665, 0, 0, 0.03109, 0.02556, 0.04657, 0.08486, 0.10322, 0, 0, 0.03782, 0.03109, 0.05665, 0.10322, 0.12556, 0, 0, 0, 0, 0, 0, 0, 0], [0, 0, 0, 0, 0, 0, 0, 0, 0.00625, 0.00514, 0.00936, 0.01706, 0.06891, 0, 0, 0.00514, 0.00423, 0.0077, 0.01403, 0.05665, 0, 0, 0.00936, 0.0077, 0.01403, 0.02556, 0.10322, 0, 0, 0.01706, 0.01403, 0.02556, 0.04657, 0.18809, 0, 0, 0.02075, 0.01706, 0.03109, 0.05665, 0.22878, 0, 0, 0, 0, 0, 0, 0, 0], [0, 0, 0, 0, 0, 0, 0, 0, 0.00343, 0.00282, 0.00514, 0.00936, 0.08597, 0, 0, 0.00282, 0.00232, 0.00423, 0.0077, 0.07068, 0, 0, 0.00514, 0.00423, 0.0077, 0.01403, 0.12879, 0, 0, 0.00936, 0.0077, 0.01403, 0.02556, 0.23466, 0, 0, 0.01139, 0.00936, 0.01706, 0.03109, 0.28544, 0, 0, 0, 0, 0, 0, 0, 0], [0, 0, 0, 0, 0, 0, 0, 0, 0.04718, 0.00514, 0.00282, 0.00155, 0.00188, 0, 0, 0.03879, 0.00423, 0.00232, 0.00127, 0.00155, 0, 0, 0.07068, 0.0077, 0.00423, 0.00232, 0.00282, 0, 0, 0.12879, 0.01403, 0.0077, 0.00423, 0.00514, 0, 0, 0.5201, 0.05665, 0.03109, 0.01706, 0.02075, 0, 0, 0, 0, 0, 0, 0, 0], [0, 0, 0, 0, 0, 0, 0, 0, 0.03782, 0.00936, 0.00514, 0.00282, 0.00343, 0, 0, 0.03109, 0.0077, 0.00423, 0.00232, 0.00282, 0, 0, 0.05665, 0.01403, 0.0077, 0.00423, 0.00514, 0, 0, 0.10322, 0.02556, 0.01403, 0.0077, 0.00936, 0, 0, 0.41687, 0.10322, 0.05665, 0.03109, 0.03782, 0, 0, 0, 0, 0, 0, 0, 0], [0, 0, 0, 0, 0, 0, 0, 0, 0.02075, 0.01706, 0.00936, 0.00514, 0.00625, 0, 0, 0.01706, 0.01403, 0.0077, 0.00423, 0.00514, 0, 0, 0.03109, 0.02556, 0.01403, 0.0077, 0.00936, 0, 0, 0.05665, 0.04657, 0.02556, 0.01403, 0.01706, 0, 0, 0.22878, 0.18809, 0.10322, 0.05665, 0.06891, 0, 0, 0, 0, 0, 0, 0, 0], [0, 0, 0, 0, 0, 0, 0, 0, 0.01139, 0.00936, 0.01706, 0.00936, 0.01139, 0, 0, 0.00936, 0.0077, 0.01403, 0.0077, 0.00936, 0, 0, 0.01706, 0.01403, 0.02556, 0.01403, 0.01706, 0, 0, 0.03109, 0.02556, 0.04657, 0.02556, 0.03109, 0, 0, 0.12556, 0.10322, 0.18809, 0.10322, 0.12556, 0, 0, 0, 0, 0, 0, 0, 0], [0, 0, 0, 0, 0, 0, 0, 0, 0.00625, 0.00514, 0.00936, 0.01706, 0.02075, 0, 0, 0.00514, 0.00423, 0.0077, 0.01403, 0.01706, 0, 0, 0.00936, 0.0077, 0.01403, 0.02556, 0.03109, 0, 0, 0.01706, 0.01403, 0.02556, 0.04657, 0.05665, 0, 0, 0.06891, 0.05665, 0.10322, 0.18809, 0.22878, 0, 0, 0, 0, 0, 0, 0, 0], [0, 0, 0, 0, 0, 0, 0, 0, 0.00343, 0.00282, 0.00514, 0.00936, 0.03782, 0, 0, 0.00282, 0.00232, 0.00423, 0.0077, 0.03109, 0, 0, 0.00514, 0.00423, 0.0077, 0.01403, 0.05665, 0, 0, 0.00936, 0.0077, 0.01403, 0.02556, 0.10322, 0, 0, 0.03782, 0.03109, 0.05665, 0.10322, 0.41687, 0, 0, 0, 0, 0, 0, 0, 0], [0, 0, 0, 0, 0, 0, 0, 0, 0.00188, 0.00155, 0.00282, 0.00514, 0.04718, 0, 0, 0.00155, 0.00127, 0.00232, 0.00423, 0.03879, 0, 0, 0.00282, 0.00232, 0.00423, 0.0077, 0.07068, 0, 0, 0.00514, 0.00423, 0.0077, 0.01403, 0.12879, 0, 0, 0.02075, 0.01706, 0.03109, 0.05665, 0.5201, 0, 0, 0, 0, 0, 0, 0, 0], [0, 0, 0, 0, 0, 0, 0, 0, 0.02589, 0.00282, 0.00155, 0.00085, 0.00103, 0, 0, 0.02129, 0.00232, 0.00127, 0.0007, 0.00085, 0, 0, 0.03879, 0.00423, 0.00232, 0.00127, 0.00155, 0, 0, 0.07068, 0.0077, 0.00423, 0.00232, 0.00282, 0, 0, 0.64888, 0.07068, 0.03879, 0.02129, 0.02589, 0, 0, 0, 0, 0, 0, 0, 0], [0, 0, 0, 0, 0, 0, 0, 0, 0.02075, 0.00514, 0.00282, 0.00155, 0.00188, 0, 0, 0.01706, 0.00423, 0.00232, 0.00127, 0.00155, 0, 0, 0.03109, 0.0077, 0.00423, 0.00232, 0.00282, 0, 0, 0.05665, 0.01403, 0.0077, 0.00423, 0.00514, 0, 0, 0.5201, 0.12879, 0.07068, 0.03879, 0.04718, 0, 0, 0, 0, 0, 0, 0, 0], [0, 0, 0, 0, 0, 0, 0, 0, 0.01139, 0.00936, 0.00514, 0.00282, 0.00343, 0, 0, 0.00936, 0.0077, 0.00423, 0.00232, 0.00282, 0, 0, 0.01706, 0.01403, 0.0077, 0.00423, 0.00514, 0, 0, 0.03109, 0.02556, 0.01403, 0.0077, 0.00936, 0, 0, 0.28544, 0.23466, 0.12879, 0.07068, 0.08597, 0, 0, 0, 0, 0, 0, 0, 0], [0, 0, 0, 0, 0, 0, 0, 0, 0.00625, 0.00514, 0.00936, 0.00514, 0.00625, 0, 0, 0.00514, 0.00423, 0.0077, 0.00423, 0.00514, 0, 0, 0.00936, 0.0077, 0.01403, 0.0077, 0.00936, 0, 0, 0.01706, 0.01403, 0.02556, 0.01403, 0.01706, 0, 0, 0.15665, 0.12879, 0.23466, 0.12879, 0.15665, 0, 0, 0, 0, 0, 0, 0, 0], [0, 0, 0, 0, 0, 0, 0, 0, 0.00343, 0.00282, 0.00514, 0.00936, 0.01139, 0, 0, 0.00282, 0.00232, 0.00423, 0.0077, 0.00936, 0, 0, 0.00514, 0.00423, 0.0077, 0.01403, 0.01706, 0, 0, 0.00936, 0.0077, 0.01403, 0.02556, 0.03109, 0, 0, 0.08597, 0.07068, 0.12879, 0.23466, 0.28544, 0, 0, 0, 0, 0, 0, 0, 0], [0, 0, 0, 0, 0, 0, 0, 0, 0.00188, 0.00155, 0.00282, 0.00514, 0.02075, 0, 0, 0.00155, 0.00127, 0.00232, 0.00423, 0.01706, 0, 0, 0.00282, 0.00232, 0.00423, 0.0077, 0.03109, 0, 0, 0.00514, 0.00423, 0.0077, 0.01403, 0.05665, 0, 0, 0.04718, 0.03879, 0.07068, 0.12879, 0.5201, 0, 0, 0, 0, 0, 0, 0, 0], [0, 0, 0, 0, 0, 0, 0, 0, 0.00103, 0.00085, 0.00155, 0.00282, 0.02589, 0, 0, 0.00085, 0.0007, 0.00127, 0.00232, 0.02129, 0, 0, 0.00155, 0.00127, 0.00232, 0.00423, 0.03879, 0, 0, 0.00282, 0.00232, 0.00423, 0.0077, 0.07068, 0, 0, 0.02589, 0.02129, 0.03879, 0.07068, 0.64888, 0, 0, 0, 0, 0, 0, 0, 0]]