[[0.62886, 0.11107, 0.02833, 0.00697, 0.00247, 0.11107, 0.03598, 0.00982, 0.00226, 0.00099, 0.02833, 0.00982, 0.00583, 0.00139, 0.00057, 0.00697, 0.00226, 0.00139, 0.00072, 0.00032, 0.00247, 0.00099, 0.00057, 0.00032, 0.00026], [0.15748, 0.44353, 0.11311, 0.02781, 0.00988, 0.06296, 0.06348, 0.0392, 0.00901, 0.00395, 0.01606, 0.01732, 0.01028, 0.00556, 0.00228, 0.00395, 0.00398, 0.00246, 0.00128, 0.00127, 0.0014, 0.00174, 0.00101, 0.00056, 0.00045], [0.03944, 0.11107, 0.45169, 0.11107, 0.03944, 0.01577, 0.03598, 0.06916, 0.03598, 0.01577, 0.0091, 0.00982, 0.01814, 0.00982, 0.0091, 0.00224, 0.00226, 0.00434, 0.00226, 0.00224, 0.00079, 0.00099, 0.00178, 0.00099, 0.00079], [0.00988, 0.02781, 0.11311, 0.44353, 0.15748, 0.00395, 0.00901, 0.0392, 0.06348, 0.06296, 0.00228, 0.00556, 0.01028, 0.01732, 0.01606, 0.00127, 0.00128, 0.00246, 0.00398, 0.00395, 0.00045, 0.00056, 0.00101, 0.00174, 0.0014], [0.00247, 0.00697, 0.02833, 0.11107, 0.62886, 0.00099, 0.00226, 0.00982, 0.03598, 0.11107, 0.00057, 0.00139, 0.00583, 0.00982, 0.02833, 0.00032, 0.00072, 0.00139, 0.00226, 0.00697, 0.00026, 0.00032, 0.00057, 0.00099, 0.00247], [0.15748, 0.06296, 0.01606, 0.00395, 0.0014, 0.44353, 0.06348, 0.01732, 0.00398, 0.00174, 0.11311, 0.0392, 0.01028, 0.00246, 0.00101, 0.02781, 0.00901, 0.00556, 0.00128, 0.00056, 0.00988, 0.00395, 0.00228, 0.00127, 0.00045], [0.08926, 0.11107, 0.06412, 0.01577, 0.0056, 0.11107, 0.25348, 0.06916, 0.0159, 0.00697, 0.06412, 0.06916, 0.04107, 0.00982, 0.00402, 0.01577, 0.0159, 0.00982, 0.00511, 0.00224, 0.0056, 0.00697, 0.00402, 0.00224, 0.0018], [0.02235, 0.06296, 0.11311, 0.06296, 0.02235, 0.02781, 0.06348, 0.27617, 0.06348, 0.02781, 0.01606, 0.0392, 0.07246, 0.0392, 0.01606, 0.00894, 0.00901, 0.01732, 0.00901, 0.00894, 0.00317, 0.00395, 0.00709, 0.00395, 0.00317], [0.0056, 0.01577, 0.06412, 0.11107, 0.08926, 0.00697, 0.0159, 0.06916, 0.25348, 0.11107, 0.00402, 0.00982, 0.04107, 0.06916, 0.06412, 0.00224, 0.00511, 0.00982, 0.0159, 0.01577, 0.0018, 0.00224, 0.00402, 0.00697, 0.0056], [0.0014, 0.00395, 0.01606, 0.06296, 0.15748, 0.00174, 0.00398, 0.01732, 0.06348, 0.44353, 0.00101, 0.00246, 0.01028, 0.0392, 0.11311, 0.00056, 0.00128, 0.00556, 0.00901, 0.02781, 0.00045, 0.00127, 0.00228, 0.00395, 0.00988], [0.03944, 0.01577, 0.0091, 0.00224, 0.00079, 0.11107, 0.03598, 0.00982, 0.00226, 0.00099, 0.45169, 0.06916, 0.01814, 0.00434, 0.00178, 0.11107, 0.03598, 0.00982, 0.00226, 0.00099, 0.03944, 0.01577, 0.0091, 0.00224, 0.00079], [0.02235, 0.02781, 0.01606, 0.00894, 0.00317, 0.06296, 0.06348, 0.0392, 0.00901, 0.00395, 0.11311, 0.27617, 0.07246, 0.01732, 0.00709, 0.06296, 0.06348, 0.0392, 0.00901, 0.00395, 0.02235, 0.02781, 0.01606, 0.00894, 0.00317], [0.01267, 0.01577, 0.02833, 0.01577, 0.01267, 0.01577, 0.03598, 0.06916, 0.03598, 0.01577, 0.02833, 0.06916, 0.28933, 0.06916, 0.02833, 0.01577, 0.03598, 0.06916, 0.03598, 0.01577, 0.01267, 0.01577, 0.02833, 0.01577, 0.01267], [0.00317, 0.00894, 0.01606, 0.02781, 0.02235, 0.00395, 0.00901, 0.0392, 0.06348, 0.06296, 0.00709, 0.01732, 0.07246, 0.27617, 0.11311, 0.00395, 0.00901, 0.0392, 0.06348, 0.06296, 0.00317, 0.00894, 0.01606, 0.02781, 0.02235], [0.00079, 0.00224, 0.0091, 0.01577, 0.03944, 0.00099, 0.00226, 0.00982, 0.03598, 0.11107, 0.00178, 0.00434, 0.01814, 0.06916, 0.45169, 0.00099, 0.00226, 0.00982, 0.03598, 0.11107, 0.00079, 0.00224, 0.0091, 0.01577, 0.03944], [0.00988, 0.00395, 0.00228, 0.00127, 0.00045, 0.02781, 0.00901, 0.00556, 0.00128, 0.00056, 0.11311, 0.0392, 0.01028, 0.00246, 0.00101, 0.44353, 0.06348, 0.01732, 0.00398, 0.00174, 0.15748, 0.06296, 0.01606, 0.00395, 0.0014], [0.0056, 0.00697, 0.00402, 0.00224, 0.0018, 0.01577, 0.0159, 0.00982, 0.00511, 0.00224, 0.06412, 0.06916, 0.04107, 0.00982, 0.00402, 0.11107, 0.25348, 0.06916, 0.0159, 0.00697, 0.08926, 0.11107, 0.06412, 0.01577, 0.0056], [0.00317, 0.00395, 0.00709, 0.00395, 0.00317, 0.00894, 0.00901, 0.01732, 0.00901, 0.00894, 0.01606, 0.0392, 0.07246, 0.0392, 0.01606, 0.02781, 0.06348, 0.27617, 0.06348, 0.02781, 0.02235, 0.06296, 0.11311, 0.06296, 0.02235], [0.0018, 0.00224, 0.00402, 0.00697, 0.0056, 0.00224, 0.00511, 0.00982, 0.0159, 0.01577, 0.00402, 0.00982, 0.04107, 0.06916, 0.06412, 0.00697, 0.0159, 0.06916, 0.25348, 0.11107, 0.0056, 0.01577, 0.06412, 0.11107, 0.08926], [0.00045, 0.00127, 0.00228, 0.00395, 0.00988, 0.00056, 0.00128, 0.00556, 0.00901, 0.02781, 0.00101, 0.00246, 0.01028, 0.0392, 0.11311, 0.00174, 0.00398, 0.01732, 0.06348, 0.44353, 0.0014, 0.00395, 0.01606, 0.06296, 0.15748], [0.00247, 0.00099, 0.00057, 0.00032, 0.00026, 0.00697, 0.00226, 0.00139, 0.00072, 0.00032, 0.02833, 0.00982, 0.00583, 0.00139, 0.00057, 0.11107, 0.03598, 0.00982, 0.00226, 0.00099, 0.62886, 0.11107, 0.02833, 0.00697, 0.00247], [0.0014, 0.00174, 0.00101, 0.00056, 0.00045, 0.00395, 0.00398, 0.00246, 0.00128, 0.00127, 0.01606, 0.01732, 0.01028, 0.00556, 0.00228, 0.06296, 0.06348, 0.0392, 0.00901, 0.00395, 0.15748, 0.44353, 0.11311, 0.02781, 0.00988], [0.00079, 0.00099, 0.00178, 0.00099, 0.00079, 0.00224, 0.00226, 0.00434, 0.00226, 0.00224, 0.0091, 0.00982, 0.01814, 0.00982, 0.0091, 0.01577, 0.03598, 0.06916, 0.03598, 0.01577, 0.03944, 0.11107, 0.45169, 0.11107, 0.03944], [0.00045, 0.00056, 0.00101, 0.00174, 0.0014, 0.00127, 0.00128, 0.00246, 0.00398, 0.00395, 0.00228, 0.00556, 0.01028, 0.01732, 0.01606, 0.00395, 0.00901, 0.0392, 0.06348, 0.06296, 0.00988, 0.02781, 0.11311, 0.44353, 0.15748], [0.00026, 0.00032, 0.00057, 0.00099, 0.00247, 0.00032, 0.00072, 0.00139, 0.00226, 0.00697, 0.00057, 0.00139, 0.00583, 0.00982, 0.02833, 0.00099, 0.00226, 0.00982, 0.03598, 0.11107, 0.00247, 0.00697, 0.02833, 0.11107, 0.62886]]