[[0.6167, 0.11242, 0.03023, 0.00781, 0.00298, 0.11242, 0.03557, 0.01035, 0.00247, 0.00119, 0.03023, 0.01035, 0.0063, 0.00158, 0.0007, 0.00781, 0.00247, 0.00158, 0.00083, 0.0004, 0.00298, 0.00119, 0.0007, 0.0004, 0.00033], [0.16256, 0.42648, 0.11467, 0.02963, 0.0113, 0.06508, 0.06144, 0.03928, 0.00938, 0.00452, 0.0175, 0.01789, 0.01089, 0.00599, 0.00267, 0.00452, 0.00427, 0.00273, 0.00143, 0.00152, 0.00172, 0.00206, 0.00122, 0.00069, 0.00058], [0.04285, 0.11242, 0.43501, 0.11242, 0.04285, 0.01715, 0.03557, 0.06785, 0.03557, 0.01715, 0.01013, 0.01035, 0.01881, 0.01035, 0.01013, 0.00262, 0.00247, 0.00471, 0.00247, 0.00262, 0.001, 0.00119, 0.0021, 0.00119, 0.001], [0.0113, 0.02963, 0.11467, 0.42648, 0.16256, 0.00452, 0.00938, 0.03928, 0.06144, 0.06508, 0.00267, 0.00599, 0.01089, 0.01789, 0.0175, 0.00152, 0.00143, 0.00273, 0.00427, 0.00452, 0.00058, 0.00069, 0.00122, 0.00206, 0.00172], [0.00298, 0.00781, 0.03023, 0.11242, 0.6167, 0.00119, 0.00247, 0.01035, 0.03557, 0.11242, 0.0007, 0.00158, 0.0063, 0.01035, 0.03023, 0.0004, 0.00083, 0.00158, 0.00247, 0.00781, 0.00033, 0.0004, 0.0007, 0.00119, 0.00298], [0.16256, 0.06508, 0.0175, 0.00452, 0.00172, 0.42648, 0.06144, 0.01789, 0.00427, 0.00206, 0.11467, 0.03928, 0.01089, 0.00273, 0.00122, 0.02963, 0.00938, 0.00599, 0.00143, 0.00069, 0.0113, 0.00452, 0.00267, 0.00152, 0.00058], [0.0941, 0.11242, 0.06638, 0.01715, 0.00654, 0.11242, 0.2331, 0.06785, 0.0162, 0.00781, 0.06638, 0.06785, 0.04131, 0.01035, 0.00461, 0.01715, 0.0162, 0.01035, 0.00543, 0.00262, 0.00654, 0.00781, 0.00461, 0.00262, 0.00219], [0.02481, 0.06508, 0.11467, 0.06508, 0.02481, 0.02963, 0.06144, 0.25742, 0.06144, 0.02963, 0.0175, 0.03928, 0.07137, 0.03928, 0.0175, 0.00993, 0.00938, 0.01789, 0.00938, 0.00993, 0.00379, 0.00452, 0.00797, 0.00452, 0.00379], [0.00654, 0.01715, 0.06638, 0.11242, 0.0941, 0.00781, 0.0162, 0.06785, 0.2331, 0.11242, 0.00461, 0.01035, 0.04131, 0.06785, 0.06638, 0.00262, 0.00543, 0.01035, 0.0162, 0.01715, 0.00219, 0.00262, 0.00461, 0.00781, 0.00654], [0.00172, 0.00452, 0.0175, 0.06508, 0.16256, 0.00206, 0.00427, 0.01789, 0.06144, 0.42648, 0.00122, 0.00273, 0.01089, 0.03928, 0.11467, 0.00069, 0.00143, 0.00599, 0.00938, 0.02963, 0.00058, 0.00152, 0.00267, 0.00452, 0.0113], [0.04285, 0.01715, 0.01013, 0.00262, 0.001, 0.11242, 0.03557, 0.01035, 0.00247, 0.00119, 0.43501, 0.06785, 0.01881, 0.00471, 0.0021, 0.11242, 0.03557, 0.01035, 0.00247, 0.00119, 0.04285, 0.01715, 0.01013, 0.00262, 0.001], [0.02481, 0.02963, 0.0175, 0.00993, 0.00379, 0.06508, 0.06144, 0.03928, 0.00938, 0.00452, 0.11467, 0.25742, 0.07137, 0.01789, 0.00797, 0.06508, 0.06144, 0.03928, 0.00938, 0.00452, 0.02481, 0.02963, 0.0175, 0.00993, 0.00379], [0.01436, 0.01715, 0.03023, 0.01715, 0.01436, 0.01715, 0.03557, 0.06785, 0.03557, 0.01715, 0.03023, 0.06785, 0.27074, 0.06785, 0.03023, 0.01715, 0.03557, 0.06785, 0.03557, 0.01715, 0.01436, 0.01715, 0.03023, 0.01715, 0.01436], [0.00379, 0.00993, 0.0175, 0.02963, 0.02481, 0.00452, 0.00938, 0.03928, 0.06144, 0.06508, 0.00797, 0.01789, 0.07137, 0.25742, 0.11467, 0.00452, 0.00938, 0.03928, 0.06144, 0.06508, 0.00379, 0.00993, 0.0175, 0.02963, 0.02481], [0.001, 0.00262, 0.01013, 0.01715, 0.04285, 0.00119, 0.00247, 0.01035, 0.03557, 0.11242, 0.0021, 0.00471, 0.01881, 0.06785, 0.43501, 0.00119, 0.00247, 0.01035, 0.03557, 0.11242, 0.001, 0.00262, 0.01013, 0.01715, 0.04285], [0.0113, 0.00452, 0.00267, 0.00152, 0.00058, 0.02963, 0.00938, 0.00599, 0.00143, 0.00069, 0.11467, 0.03928, 0.01089, 0.00273, 0.00122, 0.42648, 0.06144, 0.01789, 0.00427, 0.00206, 0.16256, 0.06508, 0.0175, 0.00452, 0.00172], [0.00654, 0.00781, 0.00461, 0.00262, 0.00219, 0.01715, 0.0162, 0.01035, 0.00543, 0.00262, 0.06638, 0.06785, 0.04131, 0.01035, 0.00461, 0.11242, 0.2331, 0.06785, 0.0162, 0.00781, 0.0941, 0.11242, 0.06638, 0.01715, 0.00654], [0.00379, 0.00452, 0.00797, 0.00452, 0.00379, 0.00993, 0.00938, 0.01789, 0.00938, 0.00993, 0.0175, 0.03928, 0.07137, 0.03928, 0.0175, 0.02963, 0.06144, 0.25742, 0.06144, 0.02963, 0.02481, 0.06508, 0.11467, 0.06508, 0.02481], [0.00219, 0.00262, 0.00461, 0.00781, 0.00654, 0.00262, 0.00543, 0.01035, 0.0162, 0.01715, 0.00461, 0.01035, 0.04131, 0.06785, 0.06638, 0.00781, 0.0162, 0.06785, 0.2331, 0.11242, 0.00654, 0.01715, 0.06638, 0.11242, 0.0941], [0.00058, 0.00152, 0.00267, 0.00452, 0.0113, 0.00069, 0.00143, 0.00599, 0.00938, 0.02963, 0.00122, 0.00273, 0.01089, 0.03928, 0.11467, 0.00206, 0.00427, 0.01789, 0.06144, 0.42648, 0.00172, 0.00452, 0.0175, 0.06508, 0.16256], [0.00298, 0.00119, 0.0007, 0.0004, 0.00033, 0.00781, 0.00247, 0.00158, 0.00083, 0.0004, 0.03023, 0.01035, 0.0063, 0.00158, 0.0007, 0.11242, 0.03557, 0.01035, 0.00247, 0.00119, 0.6167, 0.11242, 0.03023, 0.00781, 0.00298], [0.00172, 0.00206, 0.00122, 0.00069, 0.00058, 0.00452, 0.00427, 0.00273, 0.00143, 0.00152, 0.0175, 0.01789, 0.01089, 0.00599, 0.00267, 0.06508, 0.06144, 0.03928, 0.00938, 0.00452, 0.16256, 0.42648, 0.11467, 0.02963, 0.0113], [0.001, 0.00119, 0.0021, 0.00119, 0.001, 0.00262, 0.00247, 0.00471, 0.00247, 0.00262, 0.01013, 0.01035, 0.01881, 0.01035, 0.01013, 0.01715, 0.03557, 0.06785, 0.03557, 0.01715, 0.04285, 0.11242, 0.43501, 0.11242, 0.04285], [0.00058, 0.00069, 0.00122, 0.00206, 0.00172, 0.00152, 0.00143, 0.00273, 0.00427, 0.00452, 0.00267, 0.00599, 0.01089, 0.01789, 0.0175, 0.00452, 0.00938, 0.03928, 0.06144, 0.06508, 0.0113, 0.02963, 0.11467, 0.42648, 0.16256], [0.00033, 0.0004, 0.0007, 0.00119, 0.00298, 0.0004, 0.00083, 0.00158, 0.00247, 0.00781, 0.0007, 0.00158, 0.0063, 0.01035, 0.03023, 0.00119, 0.00247, 0.01035, 0.03557, 0.11242, 0.00298, 0.00781, 0.03023, 0.11242, 0.6167]]