[[0.59213, 0.11997, 0.02662, 0.01023, 0.00431, 0.11997, 0.03557, 0.01208, 0.00303, 0.0018, 0.02662, 0.01208, 0.00729, 0.00213, 0.00083, 0.01023, 0.00303, 0.00213, 0.00111, 0.00066, 0.00431, 0.0018, 0.00083, 0.00066, 0.00057], [0.17294, 0.41076, 0.09113, 0.03504, 0.01475, 0.07243, 0.05892, 0.04136, 0.01039, 0.00618, 0.01607, 0.02001, 0.01207, 0.00729, 0.00283, 0.00618, 0.00503, 0.00353, 0.00183, 0.00225, 0.0026, 0.00299, 0.00137, 0.00109, 0.00095], [0.05051, 0.11997, 0.31201, 0.11997, 0.05051, 0.02115, 0.03557, 0.14163, 0.03557, 0.02115, 0.0097, 0.01208, 0.01999, 0.01208, 0.0097, 0.00373, 0.00303, 0.00584, 0.00303, 0.00373, 0.00157, 0.0018, 0.00227, 0.0018, 0.00157], [0.01475, 0.03504, 0.09113, 0.41076, 0.17294, 0.00618, 0.01039, 0.04136, 0.05892, 0.07243, 0.00283, 0.00729, 0.01207, 0.02001, 0.01607, 0.00225, 0.00183, 0.00353, 0.00503, 0.00618, 0.00095, 0.00109, 0.00137, 0.00299, 0.0026], [0.00431, 0.01023, 0.02662, 0.11997, 0.59213, 0.0018, 0.00303, 0.01208, 0.03557, 0.11997, 0.00083, 0.00213, 0.00729, 0.01208, 0.02662, 0.00066, 0.00111, 0.00213, 0.00303, 0.01023, 0.00057, 0.00066, 0.00083, 0.0018, 0.00431], [0.17294, 0.07243, 0.01607, 0.00618, 0.0026, 0.41076, 0.05892, 0.02001, 0.00503, 0.00299, 0.09113, 0.04136, 0.01207, 0.00353, 0.00137, 0.03504, 0.01039, 0.00729, 0.00183, 0.00109, 0.01475, 0.00618, 0.00283, 0.00225, 0.00095], [0.10441, 0.11997, 0.05502, 0.02115, 0.00891, 0.11997, 0.20173, 0.06851, 0.01721, 0.01023, 0.05502, 0.06851, 0.04132, 0.01208, 0.00469, 0.02115, 0.01721, 0.01208, 0.00627, 0.00373, 0.00891, 0.01023, 0.00469, 0.00373, 0.00325], [0.0305, 0.07243, 0.09113, 0.07243, 0.0305, 0.03504, 0.05892, 0.23458, 0.05892, 0.03504, 0.01607, 0.04136, 0.06844, 0.04136, 0.01607, 0.01277, 0.01039, 0.02001, 0.01039, 0.01277, 0.00538, 0.00618, 0.00777, 0.00618, 0.00538], [0.00891, 0.02115, 0.05502, 0.11997, 0.10441, 0.01023, 0.01721, 0.06851, 0.20173, 0.11997, 0.00469, 0.01208, 0.04132, 0.06851, 0.05502, 0.00373, 0.00627, 0.01208, 0.01721, 0.02115, 0.00325, 0.00373, 0.00469, 0.01023, 0.00891], [0.0026, 0.00618, 0.01607, 0.07243, 0.17294, 0.00299, 0.00503, 0.02001, 0.05892, 0.41076, 0.00137, 0.00353, 0.01207, 0.04136, 0.09113, 0.00109, 0.00183, 0.00729, 0.01039, 0.03504, 0.00095, 0.00225, 0.00283, 0.00618, 0.01475], [0.05051, 0.02115, 0.0097, 0.00373, 0.00157, 0.11997, 0.03557, 0.01208, 0.00303, 0.0018, 0.31201, 0.14163, 0.01999, 0.00584, 0.00227, 0.11997, 0.03557, 0.01208, 0.00303, 0.0018, 0.05051, 0.02115, 0.0097, 0.00373, 0.00157], [0.0305, 0.03504, 0.01607, 0.01277, 0.00538, 0.07243, 0.05892, 0.04136, 0.01039, 0.00618, 0.09113, 0.23458, 0.06844, 0.02001, 0.00777, 0.07243, 0.05892, 0.04136, 0.01039, 0.00618, 0.0305, 0.03504, 0.01607, 0.01277, 0.00538], [0.01841, 0.02115, 0.02662, 0.02115, 0.01841, 0.02115, 0.03557, 0.06851, 0.03557, 0.02115, 0.02662, 0.06851, 0.23431, 0.06851, 0.02662, 0.02115, 0.03557, 0.06851, 0.03557, 0.02115, 0.01841, 0.02115, 0.02662, 0.02115, 0.01841], [0.00538, 0.01277, 0.01607, 0.03504, 0.0305, 0.00618, 0.01039, 0.04136, 0.05892, 0.07243, 0.00777, 0.02001, 0.06844, 0.23458, 0.09113, 0.00618, 0.01039, 0.04136, 0.05892, 0.07243, 0.00538, 0.01277, 0.01607, 0.03504, 0.0305], [0.00157, 0.00373, 0.0097, 0.02115, 0.05051, 0.0018, 0.00303, 0.01208, 0.03557, 0.11997, 0.00227, 0.00584, 0.01999, 0.14163, 0.31201, 0.0018, 0.00303, 0.01208, 0.03557, 0.11997, 0.00157, 0.00373, 0.0097, 0.02115, 0.05051], [0.01475, 0.00618, 0.00283, 0.00225, 0.00095, 0.03504, 0.01039, 0.00729, 0.00183, 0.00109, 0.09113, 0.04136, 0.01207, 0.00353, 0.00137, 0.41076, 0.05892, 0.02001, 0.00503, 0.00299, 0.17294, 0.07243, 0.01607, 0.00618, 0.0026], [0.00891, 0.01023, 0.00469, 0.00373, 0.00325, 0.02115, 0.01721, 0.01208, 0.00627, 0.00373, 0.05502, 0.06851, 0.04132, 0.01208, 0.00469, 0.11997, 0.20173, 0.06851, 0.01721, 0.01023, 0.10441, 0.11997, 0.05502, 0.02115, 0.00891], [0.00538, 0.00618, 0.00777, 0.00618, 0.00538, 0.01277, 0.01039, 0.02001, 0.01039, 0.01277, 0.01607, 0.04136, 0.06844, 0.04136, 0.01607, 0.03504, 0.05892, 0.23458, 0.05892, 0.03504, 0.0305, 0.07243, 0.09113, 0.07243, 0.0305], [0.00325, 0.00373, 0.00469, 0.01023, 0.00891, 0.00373, 0.00627, 0.01208, 0.01721, 0.02115, 0.00469, 0.01208, 0.04132, 0.06851, 0.05502, 0.01023, 0.01721, 0.06851, 0.20173, 0.11997, 0.00891, 0.02115, 0.05502, 0.11997, 0.10441], [0.00095, 0.00225, 0.00283, 0.00618, 0.01475, 0.00109, 0.00183, 0.00729, 0.01039, 0.03504, 0.00137, 0.00353, 0.01207, 0.04136, 0.09113, 0.00299, 0.00503, 0.02001, 0.05892, 0.41076, 0.0026, 0.00618, 0.01607, 0.07243, 0.17294], [0.00431, 0.0018, 0.00083, 0.00066, 0.00057, 0.01023, 0.00303, 0.00213, 0.00111, 0.00066, 0.02662, 0.01208, 0.00729, 0.00213, 0.00083, 0.11997, 0.03557, 0.01208, 0.00303, 0.0018, 0.59213, 0.11997, 0.02662, 0.01023, 0.00431], [0.0026, 0.00299, 0.00137, 0.00109, 0.00095, 0.00618, 0.00503, 0.00353, 0.00183, 0.00225, 0.01607, 0.02001, 0.01207, 0.00729, 0.00283, 0.07243, 0.05892, 0.04136, 0.01039, 0.00618, 0.17294, 0.41076, 0.09113, 0.03504, 0.01475], [0.00157, 0.0018, 0.00227, 0.0018, 0.00157, 0.00373, 0.00303, 0.00584, 0.00303, 0.00373, 0.0097, 0.01208, 0.01999, 0.01208, 0.0097, 0.02115, 0.03557, 0.14163, 0.03557, 0.02115, 0.05051, 0.11997, 0.31201, 0.11997, 0.05051], [0.00095, 0.00109, 0.00137, 0.00299, 0.0026, 0.00225, 0.00183, 0.00353, 0.00503, 0.00618, 0.00283, 0.00729, 0.01207, 0.02001, 0.01607, 0.00618, 0.01039, 0.04136, 0.05892, 0.07243, 0.01475, 0.03504, 0.09113, 0.41076, 0.17294], [0.00057, 0.00066, 0.00083, 0.0018, 0.00431, 0.00066, 0.00111, 0.00213, 0.00303, 0.01023, 0.00083, 0.00213, 0.00729, 0.01208, 0.02662, 0.0018, 0.00303, 0.01208, 0.03557, 0.11997, 0.00431, 0.01023, 0.02662, 0.11997, 0.59213]]