[[0.78648, 0.08755, 0.01117, 0.00143, 0.00021, 0.08755, 0.00975, 0.00124, 0.00016, 2e-05, 0.01117, 0.00124, 0.00016, 2e-05, 0, 0.00143, 0.00016, 2e-05, 0, 0, 0.00021, 2e-05, 0, 0, 0], [0.10036, 0.68612, 0.08755, 0.01117, 0.00163, 0.01117, 0.07638, 0.00975, 0.00124, 0.00018, 0.00143, 0.00975, 0.00124, 0.00016, 2e-05, 0.00018, 0.00124, 0.00016, 2e-05, 0, 3e-05, 0.00018, 2e-05, 0, 0], [0.01281, 0.08755, 0.68612, 0.08755, 0.01281, 0.00143, 0.00975, 0.07638, 0.00975, 0.00143, 0.00018, 0.00124, 0.00975, 0.00124, 0.00018, 2e-05, 0.00016, 0.00124, 0.00016, 2e-05, 0, 2e-05, 0.00018, 2e-05, 0], [0.00163, 0.01117, 0.08755, 0.68612, 0.10036, 0.00018, 0.00124, 0.00975, 0.07638, 0.01117, 2e-05, 0.00016, 0.00124, 0.00975, 0.00143, 0, 2e-05, 0.00016, 0.00124, 0.00018, 0, 0, 2e-05, 0.00018, 3e-05], [0.00021, 0.00143, 0.01117, 0.08755, 0.78648, 2e-05, 0.00016, 0.00124, 0.00975, 0.08755, 0, 2e-05, 0.00016, 0.00124, 0.01117, 0, 0, 2e-05, 0.00016, 0.00143, 0, 0, 0, 2e-05, 0.00021], [0.10036, 0.01117, 0.00143, 0.00018, 3e-05, 0.68612, 0.07638, 0.00975, 0.00124, 0.00018, 0.08755, 0.00975, 0.00124, 0.00016, 2e-05, 0.01117, 0.00124, 0.00016, 2e-05, 0, 0.00163, 0.00018, 2e-05, 0, 0], [0.01281, 0.08755, 0.01117, 0.00143, 0.00021, 0.08755, 0.59857, 0.07638, 0.00975, 0.00143, 0.01117, 0.07638, 0.00975, 0.00124, 0.00018, 0.00143, 0.00975, 0.00124, 0.00016, 2e-05, 0.00021, 0.00143, 0.00018, 2e-05, 0], [0.00163, 0.01117, 0.08755, 0.01117, 0.00163, 0.01117, 0.07638, 0.59857, 0.07638, 0.01117, 0.00143, 0.00975, 0.07638, 0.00975, 0.00143, 0.00018, 0.00124, 0.00975, 0.00124, 0.00018, 3e-05, 0.00018, 0.00143, 0.00018, 3e-05], [0.00021, 0.00143, 0.01117, 0.08755, 0.01281, 0.00143, 0.00975, 0.07638, 0.59857, 0.08755, 0.00018, 0.00124, 0.00975, 0.07638, 0.01117, 2e-05, 0.00016, 0.00124, 0.00975, 0.00143, 0, 2e-05, 0.00018, 0.00143, 0.00021], [3e-05, 0.00018, 0.00143, 0.01117, 0.10036, 0.00018, 0.00124, 0.00975, 0.07638, 0.68612, 2e-05, 0.00016, 0.00124, 0.00975, 0.08755, 0, 2e-05, 0.00016, 0.00124, 0.01117, 0, 0, 2e-05, 0.00018, 0.00163], [0.01281, 0.00143, 0.00018, 2e-05, 0, 0.08755, 0.00975, 0.00124, 0.00016, 2e-05, 0.68612, 0.07638, 0.00975, 0.00124, 0.00018, 0.08755, 0.00975, 0.00124, 0.00016, 2e-05, 0.01281, 0.00143, 0.00018, 2e-05, 0], [0.00163, 0.01117, 0.00143, 0.00018, 3e-05, 0.01117, 0.07638, 0.00975, 0.00124, 0.00018, 0.08755, 0.59857, 0.07638, 0.00975, 0.00143, 0.01117, 0.07638, 0.00975, 0.00124, 0.00018, 0.00163, 0.01117, 0.00143, 0.00018, 3e-05], [0.00021, 0.00143, 0.01117, 0.00143, 0.00021, 0.00143, 0.00975, 0.07638, 0.00975, 0.00143, 0.01117, 0.07638, 0.59857, 0.07638, 0.01117, 0.00143, 0.00975, 0.07638, 0.00975, 0.00143, 0.00021, 0.00143, 0.01117, 0.00143, 0.00021], [3e-05, 0.00018, 0.00143, 0.01117, 0.00163, 0.00018, 0.00124, 0.00975, 0.07638, 0.01117, 0.00143, 0.00975, 0.07638, 0.59857, 0.08755, 0.00018, 0.00124, 0.00975, 0.07638, 0.01117, 3e-05, 0.00018, 0.00143, 0.01117, 0.00163], [0, 2e-05, 0.00018, 0.00143, 0.01281, 2e-05, 0.00016, 0.00124, 0.00975, 0.08755, 0.00018, 0.00124, 0.00975, 0.07638, 0.68612, 2e-05, 0.00016, 0.00124, 0.00975, 0.08755, 0, 2e-05, 0.00018, 0.00143, 0.01281], [0.00163, 0.00018, 2e-05, 0, 0, 0.01117, 0.00124, 0.00016, 2e-05, 0, 0.08755, 0.00975, 0.00124, 0.00016, 2e-05, 0.68612, 0.07638, 0.00975, 0.00124, 0.00018, 0.10036, 0.01117, 0.00143, 0.00018, 3e-05], [0.00021, 0.00143, 0.00018, 2e-05, 0, 0.00143, 0.00975, 0.00124, 0.00016, 2e-05, 0.01117, 0.07638, 0.00975, 0.00124, 0.00018, 0.08755, 0.59857, 0.07638, 0.00975, 0.00143, 0.01281, 0.08755, 0.01117, 0.00143, 0.00021], [3e-05, 0.00018, 0.00143, 0.00018, 3e-05, 0.00018, 0.00124, 0.00975, 0.00124, 0.00018, 0.00143, 0.00975, 0.07638, 0.00975, 0.00143, 0.01117, 0.07638, 0.59857, 0.07638, 0.01117, 0.00163, 0.01117, 0.08755, 0.01117, 0.00163], [0, 2e-05, 0.00018, 0.00143, 0.00021, 2e-05, 0.00016, 0.00124, 0.00975, 0.00143, 0.00018, 0.00124, 0.00975, 0.07638, 0.01117, 0.00143, 0.00975, 0.07638, 0.59857, 0.08755, 0.00021, 0.00143, 0.01117, 0.08755, 0.01281], [0, 0, 2e-05, 0.00018, 0.00163, 0, 2e-05, 0.00016, 0.00124, 0.01117, 2e-05, 0.00016, 0.00124, 0.00975, 0.08755, 0.00018, 0.00124, 0.00975, 0.07638, 0.68612, 3e-05, 0.00018, 0.00143, 0.01117, 0.10036], [0.00021, 2e-05, 0, 0, 0, 0.00143, 0.00016, 2e-05, 0, 0, 0.01117, 0.00124, 0.00016, 2e-05, 0, 0.08755, 0.00975, 0.00124, 0.00016, 2e-05, 0.78648, 0.08755, 0.01117, 0.00143, 0.00021], [3e-05, 0.00018, 2e-05, 0, 0, 0.00018, 0.00124, 0.00016, 2e-05, 0, 0.00143, 0.00975, 0.00124, 0.00016, 2e-05, 0.01117, 0.07638, 0.00975, 0.00124, 0.00018, 0.10036, 0.68612, 0.08755, 0.01117, 0.00163], [0, 2e-05, 0.00018, 2e-05, 0, 2e-05, 0.00016, 0.00124, 0.00016, 2e-05, 0.00018, 0.00124, 0.00975, 0.00124, 0.00018, 0.00143, 0.00975, 0.07638, 0.00975, 0.00143, 0.01281, 0.08755, 0.68612, 0.08755, 0.01281], [0, 0, 2e-05, 0.00018, 3e-05, 0, 2e-05, 0.00016, 0.00124, 0.00018, 2e-05, 0.00016, 0.00124, 0.00975, 0.00143, 0.00018, 0.00124, 0.00975, 0.07638, 0.01117, 0.00163, 0.01117, 0.08755, 0.68612, 0.10036], [0, 0, 0, 2e-05, 0.00021, 0, 0, 2e-05, 0.00016, 0.00143, 0, 2e-05, 0.00016, 0.00124, 0.01117, 2e-05, 0.00016, 0.00124, 0.00975, 0.08755, 0.00021, 0.00143, 0.01117, 0.08755, 0.78648]]