[[0.77574, 0.0805, 0.00989, 0.00121, 0.00017, 0.0805, 0.02729, 0.00481, 0.00069, 0.00011, 0.00989, 0.00481, 0.00143, 0.00027, 6e-05, 0.00121, 0.00069, 0.00027, 7e-05, 2e-05, 0.00017, 0.00011, 6e-05, 2e-05, 0], [0.09499, 0.65735, 0.08076, 0.00986, 0.00142, 0.03403, 0.06454, 0.02749, 0.00477, 0.00086, 0.00597, 0.00796, 0.00485, 0.00142, 0.00034, 0.00086, 0.00097, 0.0007, 0.00027, 9e-05, 0.00014, 0.00015, 0.00012, 6e-05, 2e-05], [0.01163, 0.0805, 0.65951, 0.0805, 0.01163, 0.00595, 0.02729, 0.06503, 0.02729, 0.00595, 0.00177, 0.00481, 0.00803, 0.00481, 0.00177, 0.00034, 0.00069, 0.00098, 0.00069, 0.00034, 7e-05, 0.00011, 0.00015, 0.00011, 7e-05], [0.00142, 0.00986, 0.08076, 0.65735, 0.09499, 0.00086, 0.00477, 0.02749, 0.06454, 0.03403, 0.00034, 0.00142, 0.00485, 0.00796, 0.00597, 9e-05, 0.00027, 0.0007, 0.00097, 0.00086, 2e-05, 6e-05, 0.00012, 0.00015, 0.00014], [0.00017, 0.00121, 0.00989, 0.0805, 0.77574, 0.00011, 0.00069, 0.00481, 0.02729, 0.0805, 6e-05, 0.00027, 0.00143, 0.00481, 0.00989, 2e-05, 7e-05, 0.00027, 0.00069, 0.00121, 0, 2e-05, 6e-05, 0.00011, 0.00017], [0.09499, 0.03403, 0.00597, 0.00086, 0.00014, 0.65735, 0.06454, 0.00796, 0.00097, 0.00015, 0.08076, 0.02749, 0.00485, 0.0007, 0.00012, 0.00986, 0.00477, 0.00142, 0.00027, 6e-05, 0.00142, 0.00086, 0.00034, 9e-05, 2e-05], [0.04016, 0.0805, 0.03414, 0.00595, 0.00102, 0.0805, 0.52708, 0.06503, 0.0079, 0.00121, 0.03414, 0.06503, 0.02771, 0.00481, 0.00087, 0.00595, 0.0079, 0.00481, 0.00141, 0.00034, 0.00102, 0.00121, 0.00087, 0.00034, 0.00011], [0.00703, 0.03403, 0.08076, 0.03403, 0.00703, 0.00986, 0.06454, 0.53108, 0.06454, 0.00986, 0.00597, 0.02749, 0.06554, 0.02749, 0.00597, 0.00176, 0.00477, 0.00796, 0.00477, 0.00176, 0.0004, 0.00086, 0.00121, 0.00086, 0.0004], [0.00102, 0.00595, 0.03414, 0.0805, 0.04016, 0.00121, 0.0079, 0.06503, 0.52708, 0.0805, 0.00087, 0.00481, 0.02771, 0.06503, 0.03414, 0.00034, 0.00141, 0.00481, 0.0079, 0.00595, 0.00011, 0.00034, 0.00087, 0.00121, 0.00102], [0.00014, 0.00086, 0.00597, 0.03403, 0.09499, 0.00015, 0.00097, 0.00796, 0.06454, 0.65735, 0.00012, 0.0007, 0.00485, 0.02749, 0.08076, 6e-05, 0.00027, 0.00142, 0.00477, 0.00986, 2e-05, 9e-05, 0.00034, 0.00086, 0.00142], [0.01163, 0.00595, 0.00177, 0.00034, 7e-05, 0.0805, 0.02729, 0.00481, 0.00069, 0.00011, 0.65951, 0.06503, 0.00803, 0.00098, 0.00015, 0.0805, 0.02729, 0.00481, 0.00069, 0.00011, 0.01163, 0.00595, 0.00177, 0.00034, 7e-05], [0.00703, 0.00986, 0.00597, 0.00176, 0.0004, 0.03403, 0.06454, 0.02749, 0.00477, 0.00086, 0.08076, 0.53108, 0.06554, 0.00796, 0.00121, 0.03403, 0.06454, 0.02749, 0.00477, 0.00086, 0.00703, 0.00986, 0.00597, 0.00176, 0.0004], [0.00208, 0.00595, 0.00989, 0.00595, 0.00208, 0.00595, 0.02729, 0.06503, 0.02729, 0.00595, 0.00989, 0.06503, 0.53521, 0.06503, 0.00989, 0.00595, 0.02729, 0.06503, 0.02729, 0.00595, 0.00208, 0.00595, 0.00989, 0.00595, 0.00208], [0.0004, 0.00176, 0.00597, 0.00986, 0.00703, 0.00086, 0.00477, 0.02749, 0.06454, 0.03403, 0.00121, 0.00796, 0.06554, 0.53108, 0.08076, 0.00086, 0.00477, 0.02749, 0.06454, 0.03403, 0.0004, 0.00176, 0.00597, 0.00986, 0.00703], [7e-05, 0.00034, 0.00177, 0.00595, 0.01163, 0.00011, 0.00069, 0.00481, 0.02729, 0.0805, 0.00015, 0.00098, 0.00803, 0.06503, 0.65951, 0.00011, 0.00069, 0.00481, 0.02729, 0.0805, 7e-05, 0.00034, 0.00177, 0.00595, 0.01163], [0.00142, 0.00086, 0.00034, 9e-05, 2e-05, 0.00986, 0.00477, 0.00142, 0.00027, 6e-05, 0.08076, 0.02749, 0.00485, 0.0007, 0.00012, 0.65735, 0.06454, 0.00796, 0.00097, 0.00015, 0.09499, 0.03403, 0.00597, 0.00086, 0.00014], [0.00102, 0.00121, 0.00087, 0.00034, 0.00011, 0.00595, 0.0079, 0.00481, 0.00141, 0.00034, 0.03414, 0.06503, 0.02771, 0.00481, 0.00087, 0.0805, 0.52708, 0.06503, 0.0079, 0.00121, 0.04016, 0.0805, 0.03414, 0.00595, 0.00102], [0.0004, 0.00086, 0.00121, 0.00086, 0.0004, 0.00176, 0.00477, 0.00796, 0.00477, 0.00176, 0.00597, 0.02749, 0.06554, 0.02749, 0.00597, 0.00986, 0.06454, 0.53108, 0.06454, 0.00986, 0.00703, 0.03403, 0.08076, 0.03403, 0.00703], [0.00011, 0.00034, 0.00087, 0.00121, 0.00102, 0.00034, 0.00141, 0.00481, 0.0079, 0.00595, 0.00087, 0.00481, 0.02771, 0.06503, 0.03414, 0.00121, 0.0079, 0.06503, 0.52708, 0.0805, 0.00102, 0.00595, 0.03414, 0.0805, 0.04016], [2e-05, 9e-05, 0.00034, 0.00086, 0.00142, 6e-05, 0.00027, 0.00142, 0.00477, 0.00986, 0.00012, 0.0007, 0.00485, 0.02749, 0.08076, 0.00015, 0.00097, 0.00796, 0.06454, 0.65735, 0.00014, 0.00086, 0.00597, 0.03403, 0.09499], [0.00017, 0.00011, 6e-05, 2e-05, 0, 0.00121, 0.00069, 0.00027, 7e-05, 2e-05, 0.00989, 0.00481, 0.00143, 0.00027, 6e-05, 0.0805, 0.02729, 0.00481, 0.00069, 0.00011, 0.77574, 0.0805, 0.00989, 0.00121, 0.00017], [0.00014, 0.00015, 0.00012, 6e-05, 2e-05, 0.00086, 0.00097, 0.0007, 0.00027, 9e-05, 0.00597, 0.00796, 0.00485, 0.00142, 0.00034, 0.03403, 0.06454, 0.02749, 0.00477, 0.00086, 0.09499, 0.65735, 0.08076, 0.00986, 0.00142], [7e-05, 0.00011, 0.00015, 0.00011, 7e-05, 0.00034, 0.00069, 0.00098, 0.00069, 0.00034, 0.00177, 0.00481, 0.00803, 0.00481, 0.00177, 0.00595, 0.02729, 0.06503, 0.02729, 0.00595, 0.01163, 0.0805, 0.65951, 0.0805, 0.01163], [2e-05, 6e-05, 0.00012, 0.00015, 0.00014, 9e-05, 0.00027, 0.0007, 0.00097, 0.00086, 0.00034, 0.00142, 0.00485, 0.00796, 0.00597, 0.00086, 0.00477, 0.02749, 0.06454, 0.03403, 0.00142, 0.00986, 0.08076, 0.65735, 0.09499], [0, 2e-05, 6e-05, 0.00011, 0.00017, 2e-05, 7e-05, 0.00027, 0.00069, 0.00121, 6e-05, 0.00027, 0.00143, 0.00481, 0.00989, 0.00011, 0.00069, 0.00481, 0.02729, 0.0805, 0.00017, 0.00121, 0.00989, 0.0805, 0.77574]]