[[0.47606, 0.11779, 0.05293, 0.02378, 0.01941, 0.11779, 0.02915, 0.0131, 0.00588, 0.0048, 0.05293, 0.0131, 0.00588, 0.00264, 0.00216, 0.02378, 0.00588, 0.00264, 0.00119, 0.00097, 0.01941, 0.0048, 0.00216, 0.00097, 0.00079], [0.21391, 0.26216, 0.11779, 0.05293, 0.04319, 0.05293, 0.06487, 0.02915, 0.0131, 0.01069, 0.02378, 0.02915, 0.0131, 0.00588, 0.0048, 0.01069, 0.0131, 0.00588, 0.00264, 0.00216, 0.00872, 0.01069, 0.0048, 0.00216, 0.00176], [0.09612, 0.11779, 0.26216, 0.11779, 0.09612, 0.02378, 0.02915, 0.06487, 0.02915, 0.02378, 0.01069, 0.0131, 0.02915, 0.0131, 0.01069, 0.0048, 0.00588, 0.0131, 0.00588, 0.0048, 0.00392, 0.0048, 0.01069, 0.0048, 0.00392], [0.04319, 0.05293, 0.11779, 0.26216, 0.21391, 0.01069, 0.0131, 0.02915, 0.06487, 0.05293, 0.0048, 0.00588, 0.0131, 0.02915, 0.02378, 0.00216, 0.00264, 0.00588, 0.0131, 0.01069, 0.00176, 0.00216, 0.0048, 0.01069, 0.00872], [0.01941, 0.02378, 0.05293, 0.11779, 0.47606, 0.0048, 0.00588, 0.0131, 0.02915, 0.11779, 0.00216, 0.00264, 0.00588, 0.0131, 0.05293, 0.00097, 0.00119, 0.00264, 0.00588, 0.02378, 0.00079, 0.00097, 0.00216, 0.0048, 0.01941], [0.21391, 0.05293, 0.02378, 0.01069, 0.00872, 0.26216, 0.06487, 0.02915, 0.0131, 0.01069, 0.11779, 0.02915, 0.0131, 0.00588, 0.0048, 0.05293, 0.0131, 0.00588, 0.00264, 0.00216, 0.04319, 0.01069, 0.0048, 0.00216, 0.00176], [0.09612, 0.11779, 0.05293, 0.02378, 0.01941, 0.11779, 0.14436, 0.06487, 0.02915, 0.02378, 0.05293, 0.06487, 0.02915, 0.0131, 0.01069, 0.02378, 0.02915, 0.0131, 0.00588, 0.0048, 0.01941, 0.02378, 0.01069, 0.0048, 0.00392], [0.04319, 0.05293, 0.11779, 0.05293, 0.04319, 0.05293, 0.06487, 0.14436, 0.06487, 0.05293, 0.02378, 0.02915, 0.06487, 0.02915, 0.02378, 0.01069, 0.0131, 0.02915, 0.0131, 0.01069, 0.00872, 0.01069, 0.02378, 0.01069, 0.00872], [0.01941, 0.02378, 0.05293, 0.11779, 0.09612, 0.02378, 0.02915, 0.06487, 0.14436, 0.11779, 0.01069, 0.0131, 0.02915, 0.06487, 0.05293, 0.0048, 0.00588, 0.0131, 0.02915, 0.02378, 0.00392, 0.0048, 0.01069, 0.02378, 0.01941], [0.00872, 0.01069, 0.02378, 0.05293, 0.21391, 0.01069, 0.0131, 0.02915, 0.06487, 0.26216, 0.0048, 0.00588, 0.0131, 0.02915, 0.11779, 0.00216, 0.00264, 0.00588, 0.0131, 0.05293, 0.00176, 0.00216, 0.0048, 0.01069, 0.04319], [0.09612, 0.02378, 0.01069, 0.0048, 0.00392, 0.11779, 0.02915, 0.0131, 0.00588, 0.0048, 0.26216, 0.06487, 0.02915, 0.0131, 0.01069, 0.11779, 0.02915, 0.0131, 0.00588, 0.0048, 0.09612, 0.02378, 0.01069, 0.0048, 0.00392], [0.04319, 0.05293, 0.02378, 0.01069, 0.00872, 0.05293, 0.06487, 0.02915, 0.0131, 0.01069, 0.11779, 0.14436, 0.06487, 0.02915, 0.02378, 0.05293, 0.06487, 0.02915, 0.0131, 0.01069, 0.04319, 0.05293, 0.02378, 0.01069, 0.00872], [0.01941, 0.02378, 0.05293, 0.02378, 0.01941, 0.02378, 0.02915, 0.06487, 0.02915, 0.02378, 0.05293, 0.06487, 0.14436, 0.06487, 0.05293, 0.02378, 0.02915, 0.06487, 0.02915, 0.02378, 0.01941, 0.02378, 0.05293, 0.02378, 0.01941], [0.00872, 0.01069, 0.02378, 0.05293, 0.04319, 0.01069, 0.0131, 0.02915, 0.06487, 0.05293, 0.02378, 0.02915, 0.06487, 0.14436, 0.11779, 0.01069, 0.0131, 0.02915, 0.06487, 0.05293, 0.00872, 0.01069, 0.02378, 0.05293, 0.04319], [0.00392, 0.0048, 0.01069, 0.02378, 0.09612, 0.0048, 0.00588, 0.0131, 0.02915, 0.11779, 0.01069, 0.0131, 0.02915, 0.06487, 0.26216, 0.0048, 0.00588, 0.0131, 0.02915, 0.11779, 0.00392, 0.0048, 0.01069, 0.02378, 0.09612], [0.04319, 0.01069, 0.0048, 0.00216, 0.00176, 0.05293, 0.0131, 0.00588, 0.00264, 0.00216, 0.11779, 0.02915, 0.0131, 0.00588, 0.0048, 0.26216, 0.06487, 0.02915, 0.0131, 0.01069, 0.21391, 0.05293, 0.02378, 0.01069, 0.00872], [0.01941, 0.02378, 0.01069, 0.0048, 0.00392, 0.02378, 0.02915, 0.0131, 0.00588, 0.0048, 0.05293, 0.06487, 0.02915, 0.0131, 0.01069, 0.11779, 0.14436, 0.06487, 0.02915, 0.02378, 0.09612, 0.11779, 0.05293, 0.02378, 0.01941], [0.00872, 0.01069, 0.02378, 0.01069, 0.00872, 0.01069, 0.0131, 0.02915, 0.0131, 0.01069, 0.02378, 0.02915, 0.06487, 0.02915, 0.02378, 0.05293, 0.06487, 0.14436, 0.06487, 0.05293, 0.04319, 0.05293, 0.11779, 0.05293, 0.04319], [0.00392, 0.0048, 0.01069, 0.02378, 0.01941, 0.0048, 0.00588, 0.0131, 0.02915, 0.02378, 0.01069, 0.0131, 0.02915, 0.06487, 0.05293, 0.02378, 0.02915, 0.06487, 0.14436, 0.11779, 0.01941, 0.02378, 0.05293, 0.11779, 0.09612], [0.00176, 0.00216, 0.0048, 0.01069, 0.04319, 0.00216, 0.00264, 0.00588, 0.0131, 0.05293, 0.0048, 0.00588, 0.0131, 0.02915, 0.11779, 0.01069, 0.0131, 0.02915, 0.06487, 0.26216, 0.00872, 0.01069, 0.02378, 0.05293, 0.21391], [0.01941, 0.0048, 0.00216, 0.00097, 0.00079, 0.02378, 0.00588, 0.00264, 0.00119, 0.00097, 0.05293, 0.0131, 0.00588, 0.00264, 0.00216, 0.11779, 0.02915, 0.0131, 0.00588, 0.0048, 0.47606, 0.11779, 0.05293, 0.02378, 0.01941], [0.00872, 0.01069, 0.0048, 0.00216, 0.00176, 0.01069, 0.0131, 0.00588, 0.00264, 0.00216, 0.02378, 0.02915, 0.0131, 0.00588, 0.0048, 0.05293, 0.06487, 0.02915, 0.0131, 0.01069, 0.21391, 0.26216, 0.11779, 0.05293, 0.04319], [0.00392, 0.0048, 0.01069, 0.0048, 0.00392, 0.0048, 0.00588, 0.0131, 0.00588, 0.0048, 0.01069, 0.0131, 0.02915, 0.0131, 0.01069, 0.02378, 0.02915, 0.06487, 0.02915, 0.02378, 0.09612, 0.11779, 0.26216, 0.11779, 0.09612], [0.00176, 0.00216, 0.0048, 0.01069, 0.00872, 0.00216, 0.00264, 0.00588, 0.0131, 0.01069, 0.0048, 0.00588, 0.0131, 0.02915, 0.02378, 0.01069, 0.0131, 0.02915, 0.06487, 0.05293, 0.04319, 0.05293, 0.11779, 0.26216, 0.21391], [0.00079, 0.00097, 0.00216, 0.0048, 0.01941, 0.00097, 0.00119, 0.00264, 0.00588, 0.02378, 0.00216, 0.00264, 0.00588, 0.0131, 0.05293, 0.0048, 0.00588, 0.0131, 0.02915, 0.11779, 0.01941, 0.02378, 0.05293, 0.11779, 0.47606]]