[[0.77518, 0.08176, 0.01023, 0.00127, 0.00019, 0.08176, 0.02784, 0.00352, 0.00043, 7e-05, 0.01023, 0.00352, 0.00151, 0.00019, 3e-05, 0.00127, 0.00043, 0.00019, 8e-05, 1e-05, 0.00019, 7e-05, 3e-05, 1e-05, 0], [0.09652, 0.65666, 0.08217, 0.01018, 0.0015, 0.0348, 0.0654, 0.02823, 0.00347, 0.00054, 0.00436, 0.00826, 0.00356, 0.0015, 0.00023, 0.00054, 0.00101, 0.00044, 0.00018, 0.0001, 8e-05, 0.00016, 7e-05, 3e-05, 1e-05], [0.01202, 0.08176, 0.65995, 0.08176, 0.01202, 0.00433, 0.02784, 0.06634, 0.02784, 0.00433, 0.00185, 0.00352, 0.00836, 0.00352, 0.00185, 0.00023, 0.00043, 0.00103, 0.00043, 0.00023, 3e-05, 7e-05, 0.00016, 7e-05, 3e-05], [0.0015, 0.01018, 0.08217, 0.65666, 0.09652, 0.00054, 0.00347, 0.02823, 0.0654, 0.0348, 0.00023, 0.0015, 0.00356, 0.00826, 0.00436, 0.0001, 0.00018, 0.00044, 0.00101, 0.00054, 1e-05, 3e-05, 7e-05, 0.00016, 8e-05], [0.00019, 0.00127, 0.01023, 0.08176, 0.77518, 7e-05, 0.00043, 0.00352, 0.02784, 0.08176, 3e-05, 0.00019, 0.00151, 0.00352, 0.01023, 1e-05, 8e-05, 0.00019, 0.00043, 0.00127, 0, 1e-05, 3e-05, 7e-05, 0.00019], [0.09652, 0.0348, 0.00436, 0.00054, 8e-05, 0.65666, 0.0654, 0.00826, 0.00101, 0.00016, 0.08217, 0.02823, 0.00356, 0.00044, 7e-05, 0.01018, 0.00347, 0.0015, 0.00018, 3e-05, 0.0015, 0.00054, 0.00023, 0.0001, 1e-05], [0.04108, 0.08176, 0.03498, 0.00433, 0.00064, 0.08176, 0.52527, 0.06634, 0.00814, 0.00127, 0.03498, 0.06634, 0.02857, 0.00352, 0.00054, 0.00433, 0.00814, 0.00352, 0.00148, 0.00023, 0.00064, 0.00127, 0.00054, 0.00023, 0.00012], [0.00512, 0.0348, 0.08217, 0.0348, 0.00512, 0.01018, 0.0654, 0.53275, 0.0654, 0.01018, 0.00436, 0.02823, 0.06711, 0.02823, 0.00436, 0.00184, 0.00347, 0.00826, 0.00347, 0.00184, 0.00027, 0.00054, 0.00127, 0.00054, 0.00027], [0.00064, 0.00433, 0.03498, 0.08176, 0.04108, 0.00127, 0.00814, 0.06634, 0.52527, 0.08176, 0.00054, 0.00352, 0.02857, 0.06634, 0.03498, 0.00023, 0.00148, 0.00352, 0.00814, 0.00433, 0.00012, 0.00023, 0.00054, 0.00127, 0.00064], [8e-05, 0.00054, 0.00436, 0.0348, 0.09652, 0.00016, 0.00101, 0.00826, 0.0654, 0.65666, 7e-05, 0.00044, 0.00356, 0.02823, 0.08217, 3e-05, 0.00018, 0.0015, 0.00347, 0.01018, 1e-05, 0.0001, 0.00023, 0.00054, 0.0015], [0.01202, 0.00433, 0.00185, 0.00023, 3e-05, 0.08176, 0.02784, 0.00352, 0.00043, 7e-05, 0.65995, 0.06634, 0.00836, 0.00103, 0.00016, 0.08176, 0.02784, 0.00352, 0.00043, 7e-05, 0.01202, 0.00433, 0.00185, 0.00023, 3e-05], [0.00512, 0.01018, 0.00436, 0.00184, 0.00027, 0.0348, 0.0654, 0.02823, 0.00347, 0.00054, 0.08217, 0.53275, 0.06711, 0.00826, 0.00127, 0.0348, 0.0654, 0.02823, 0.00347, 0.00054, 0.00512, 0.01018, 0.00436, 0.00184, 0.00027], [0.00218, 0.00433, 0.01023, 0.00433, 0.00218, 0.00433, 0.02784, 0.06634, 0.02784, 0.00433, 0.01023, 0.06634, 0.539, 0.06634, 0.01023, 0.00433, 0.02784, 0.06634, 0.02784, 0.00433, 0.00218, 0.00433, 0.01023, 0.00433, 0.00218], [0.00027, 0.00184, 0.00436, 0.01018, 0.00512, 0.00054, 0.00347, 0.02823, 0.0654, 0.0348, 0.00127, 0.00826, 0.06711, 0.53275, 0.08217, 0.00054, 0.00347, 0.02823, 0.0654, 0.0348, 0.00027, 0.00184, 0.00436, 0.01018, 0.00512], [3e-05, 0.00023, 0.00185, 0.00433, 0.01202, 7e-05, 0.00043, 0.00352, 0.02784, 0.08176, 0.00016, 0.00103, 0.00836, 0.06634, 0.65995, 7e-05, 0.00043, 0.00352, 0.02784, 0.08176, 3e-05, 0.00023, 0.00185, 0.00433, 0.01202], [0.0015, 0.00054, 0.00023, 0.0001, 1e-05, 0.01018, 0.00347, 0.0015, 0.00018, 3e-05, 0.08217, 0.02823, 0.00356, 0.00044, 7e-05, 0.65666, 0.0654, 0.00826, 0.00101, 0.00016, 0.09652, 0.0348, 0.00436, 0.00054, 8e-05], [0.00064, 0.00127, 0.00054, 0.00023, 0.00012, 0.00433, 0.00814, 0.00352, 0.00148, 0.00023, 0.03498, 0.06634, 0.02857, 0.00352, 0.00054, 0.08176, 0.52527, 0.06634, 0.00814, 0.00127, 0.04108, 0.08176, 0.03498, 0.00433, 0.00064], [0.00027, 0.00054, 0.00127, 0.00054, 0.00027, 0.00184, 0.00347, 0.00826, 0.00347, 0.00184, 0.00436, 0.02823, 0.06711, 0.02823, 0.00436, 0.01018, 0.0654, 0.53275, 0.0654, 0.01018, 0.00512, 0.0348, 0.08217, 0.0348, 0.00512], [0.00012, 0.00023, 0.00054, 0.00127, 0.00064, 0.00023, 0.00148, 0.00352, 0.00814, 0.00433, 0.00054, 0.00352, 0.02857, 0.06634, 0.03498, 0.00127, 0.00814, 0.06634, 0.52527, 0.08176, 0.00064, 0.00433, 0.03498, 0.08176, 0.04108], [1e-05, 0.0001, 0.00023, 0.00054, 0.0015, 3e-05, 0.00018, 0.0015, 0.00347, 0.01018, 7e-05, 0.00044, 0.00356, 0.02823, 0.08217, 0.00016, 0.00101, 0.00826, 0.0654, 0.65666, 8e-05, 0.00054, 0.00436, 0.0348, 0.09652], [0.00019, 7e-05, 3e-05, 1e-05, 0, 0.00127, 0.00043, 0.00019, 8e-05, 1e-05, 0.01023, 0.00352, 0.00151, 0.00019, 3e-05, 0.08176, 0.02784, 0.00352, 0.00043, 7e-05, 0.77518, 0.08176, 0.01023, 0.00127, 0.00019], [8e-05, 0.00016, 7e-05, 3e-05, 1e-05, 0.00054, 0.00101, 0.00044, 0.00018, 0.0001, 0.00436, 0.00826, 0.00356, 0.0015, 0.00023, 0.0348, 0.0654, 0.02823, 0.00347, 0.00054, 0.09652, 0.65666, 0.08217, 0.01018, 0.0015], [3e-05, 7e-05, 0.00016, 7e-05, 3e-05, 0.00023, 0.00043, 0.00103, 0.00043, 0.00023, 0.00185, 0.00352, 0.00836, 0.00352, 0.00185, 0.00433, 0.02784, 0.06634, 0.02784, 0.00433, 0.01202, 0.08176, 0.65995, 0.08176, 0.01202], [1e-05, 3e-05, 7e-05, 0.00016, 8e-05, 0.0001, 0.00018, 0.00044, 0.00101, 0.00054, 0.00023, 0.0015, 0.00356, 0.00826, 0.00436, 0.00054, 0.00347, 0.02823, 0.0654, 0.0348, 0.0015, 0.01018, 0.08217, 0.65666, 0.09652], [0, 1e-05, 3e-05, 7e-05, 0.00019, 1e-05, 8e-05, 0.00019, 0.00043, 0.00127, 3e-05, 0.00019, 0.00151, 0.00352, 0.01023, 7e-05, 0.00043, 0.00352, 0.02784, 0.08176, 0.00019, 0.00127, 0.01023, 0.08176, 0.77518]]