[[0.86589, 0.05377, 0.00365, 0.00025, 2e-05, 0.05377, 0.01599, 0.00109, 7e-05, 0, 0.00365, 0.00109, 0.00036, 2e-05, 0, 0.00025, 7e-05, 2e-05, 0, 0, 2e-05, 0, 0, 0, 0], [0.05864, 0.79394, 0.05384, 0.00364, 0.00027, 0.01783, 0.04822, 0.01604, 0.00108, 8e-05, 0.00121, 0.00328, 0.00109, 0.00036, 3e-05, 8e-05, 0.00022, 7e-05, 2e-05, 0, 0, 2e-05, 0, 0, 0], [0.00397, 0.05377, 0.79502, 0.05377, 0.00397, 0.00121, 0.01599, 0.04838, 0.01599, 0.00121, 0.0004, 0.00109, 0.00329, 0.00109, 0.0004, 3e-05, 7e-05, 0.00022, 7e-05, 3e-05, 0, 0, 2e-05, 0, 0], [0.00027, 0.00364, 0.05384, 0.79394, 0.05864, 8e-05, 0.00108, 0.01604, 0.04822, 0.01783, 3e-05, 0.00036, 0.00109, 0.00328, 0.00121, 0, 2e-05, 7e-05, 0.00022, 8e-05, 0, 0, 0, 2e-05, 0], [2e-05, 0.00025, 0.00365, 0.05377, 0.86589, 0, 7e-05, 0.00109, 0.01599, 0.05377, 0, 2e-05, 0.00036, 0.00109, 0.00365, 0, 0, 2e-05, 7e-05, 0.00025, 0, 0, 0, 0, 2e-05], [0.05864, 0.01783, 0.00121, 8e-05, 0, 0.79394, 0.04822, 0.00328, 0.00022, 2e-05, 0.05384, 0.01604, 0.00109, 7e-05, 0, 0.00364, 0.00108, 0.00036, 2e-05, 0, 0.00027, 8e-05, 3e-05, 0, 0], [0.01945, 0.05377, 0.01785, 0.00121, 9e-05, 0.05377, 0.71208, 0.04838, 0.00327, 0.00025, 0.01785, 0.04838, 0.01609, 0.00109, 8e-05, 0.00121, 0.00327, 0.00109, 0.00036, 3e-05, 9e-05, 0.00025, 8e-05, 3e-05, 0], [0.00132, 0.01783, 0.05384, 0.01783, 0.00132, 0.00364, 0.04822, 0.71439, 0.04822, 0.00364, 0.00121, 0.01604, 0.04853, 0.01604, 0.00121, 0.0004, 0.00108, 0.00328, 0.00108, 0.0004, 3e-05, 8e-05, 0.00025, 8e-05, 3e-05], [9e-05, 0.00121, 0.01785, 0.05377, 0.01945, 0.00025, 0.00327, 0.04838, 0.71208, 0.05377, 8e-05, 0.00109, 0.01609, 0.04838, 0.01785, 3e-05, 0.00036, 0.00109, 0.00327, 0.00121, 0, 3e-05, 8e-05, 0.00025, 9e-05], [0, 8e-05, 0.00121, 0.01783, 0.05864, 2e-05, 0.00022, 0.00328, 0.04822, 0.79394, 0, 7e-05, 0.00109, 0.01604, 0.05384, 0, 2e-05, 0.00036, 0.00108, 0.00364, 0, 0, 3e-05, 8e-05, 0.00027], [0.00397, 0.00121, 0.0004, 3e-05, 0, 0.05377, 0.01599, 0.00109, 7e-05, 0, 0.79502, 0.04838, 0.00329, 0.00022, 2e-05, 0.05377, 0.01599, 0.00109, 7e-05, 0, 0.00397, 0.00121, 0.0004, 3e-05, 0], [0.00132, 0.00364, 0.00121, 0.0004, 3e-05, 0.01783, 0.04822, 0.01604, 0.00108, 8e-05, 0.05384, 0.71439, 0.04853, 0.00328, 0.00025, 0.01783, 0.04822, 0.01604, 0.00108, 8e-05, 0.00132, 0.00364, 0.00121, 0.0004, 3e-05], [0.00044, 0.00121, 0.00365, 0.00121, 0.00044, 0.00121, 0.01599, 0.04838, 0.01599, 0.00121, 0.00365, 0.04838, 0.71652, 0.04838, 0.00365, 0.00121, 0.01599, 0.04838, 0.01599, 0.00121, 0.00044, 0.00121, 0.00365, 0.00121, 0.00044], [3e-05, 0.0004, 0.00121, 0.00364, 0.00132, 8e-05, 0.00108, 0.01604, 0.04822, 0.01783, 0.00025, 0.00328, 0.04853, 0.71439, 0.05384, 8e-05, 0.00108, 0.01604, 0.04822, 0.01783, 3e-05, 0.0004, 0.00121, 0.00364, 0.00132], [0, 3e-05, 0.0004, 0.00121, 0.00397, 0, 7e-05, 0.00109, 0.01599, 0.05377, 2e-05, 0.00022, 0.00329, 0.04838, 0.79502, 0, 7e-05, 0.00109, 0.01599, 0.05377, 0, 3e-05, 0.0004, 0.00121, 0.00397], [0.00027, 8e-05, 3e-05, 0, 0, 0.00364, 0.00108, 0.00036, 2e-05, 0, 0.05384, 0.01604, 0.00109, 7e-05, 0, 0.79394, 0.04822, 0.00328, 0.00022, 2e-05, 0.05864, 0.01783, 0.00121, 8e-05, 0], [9e-05, 0.00025, 8e-05, 3e-05, 0, 0.00121, 0.00327, 0.00109, 0.00036, 3e-05, 0.01785, 0.04838, 0.01609, 0.00109, 8e-05, 0.05377, 0.71208, 0.04838, 0.00327, 0.00025, 0.01945, 0.05377, 0.01785, 0.00121, 9e-05], [3e-05, 8e-05, 0.00025, 8e-05, 3e-05, 0.0004, 0.00108, 0.00328, 0.00108, 0.0004, 0.00121, 0.01604, 0.04853, 0.01604, 0.00121, 0.00364, 0.04822, 0.71439, 0.04822, 0.00364, 0.00132, 0.01783, 0.05384, 0.01783, 0.00132], [0, 3e-05, 8e-05, 0.00025, 9e-05, 3e-05, 0.00036, 0.00109, 0.00327, 0.00121, 8e-05, 0.00109, 0.01609, 0.04838, 0.01785, 0.00025, 0.00327, 0.04838, 0.71208, 0.05377, 9e-05, 0.00121, 0.01785, 0.05377, 0.01945], [0, 0, 3e-05, 8e-05, 0.00027, 0, 2e-05, 0.00036, 0.00108, 0.00364, 0, 7e-05, 0.00109, 0.01604, 0.05384, 2e-05, 0.00022, 0.00328, 0.04822, 0.79394, 0, 8e-05, 0.00121, 0.01783, 0.05864], [2e-05, 0, 0, 0, 0, 0.00025, 7e-05, 2e-05, 0, 0, 0.00365, 0.00109, 0.00036, 2e-05, 0, 0.05377, 0.01599, 0.00109, 7e-05, 0, 0.86589, 0.05377, 0.00365, 0.00025, 2e-05], [0, 2e-05, 0, 0, 0, 8e-05, 0.00022, 7e-05, 2e-05, 0, 0.00121, 0.00328, 0.00109, 0.00036, 3e-05, 0.01783, 0.04822, 0.01604, 0.00108, 8e-05, 0.05864, 0.79394, 0.05384, 0.00364, 0.00027], [0, 0, 2e-05, 0, 0, 3e-05, 7e-05, 0.00022, 7e-05, 3e-05, 0.0004, 0.00109, 0.00329, 0.00109, 0.0004, 0.00121, 0.01599, 0.04838, 0.01599, 0.00121, 0.00397, 0.05377, 0.79502, 0.05377, 0.00397], [0, 0, 0, 2e-05, 0, 0, 2e-05, 7e-05, 0.00022, 8e-05, 3e-05, 0.00036, 0.00109, 0.00328, 0.00121, 8e-05, 0.00108, 0.01604, 0.04822, 0.01783, 0.00027, 0.00364, 0.05384, 0.79394, 0.05864], [0, 0, 0, 0, 2e-05, 0, 0, 2e-05, 7e-05, 0.00025, 0, 2e-05, 0.00036, 0.00109, 0.00365, 0, 7e-05, 0.00109, 0.01599, 0.05377, 2e-05, 0.00025, 0.00365, 0.05377, 0.86589]]