[[0, 0, 0, 0, 0, 0, 0, 0, 0.37773, 0.14372, 0.03474, 0.03544, 0.02297, 0, 0, 0.14372, 0.05469, 0.01322, 0.01349, 0.00874, 0, 0, 0.03474, 0.01322, 0.00319, 0.00326, 0.00211, 0, 0, 0.03544, 0.01349, 0.00326, 0.00333, 0.00216, 0, 0, 0.02297, 0.00874, 0.00211, 0.00216, 0.0014, 0, 0, 0, 0, 0, 0, 0, 0], [0, 0, 0, 0, 0, 0, 0, 0, 0.23687, 0.22919, 0.05539, 0.05652, 0.03663, 0, 0, 0.09013, 0.0872, 0.02108, 0.0215, 0.01394, 0, 0, 0.02178, 0.02108, 0.00509, 0.0052, 0.00337, 0, 0, 0.02222, 0.0215, 0.0052, 0.0053, 0.00344, 0, 0, 0.0144, 0.01394, 0.00337, 0.00344, 0.00223, 0, 0, 0, 0, 0, 0, 0, 0], [0, 0, 0, 0, 0, 0, 0, 0, 0.14854, 0.22919, 0.08833, 0.09013, 0.05841, 0, 0, 0.05652, 0.0872, 0.03361, 0.03429, 0.02222, 0, 0, 0.01366, 0.02108, 0.00812, 0.00829, 0.00537, 0, 0, 0.01394, 0.0215, 0.00829, 0.00846, 0.00548, 0, 0, 0.00903, 0.01394, 0.00537, 0.00548, 0.00355, 0, 0, 0, 0, 0, 0, 0, 0], [0, 0, 0, 0, 0, 0, 0, 0, 0.09315, 0.14372, 0.14086, 0.14372, 0.09315, 0, 0, 0.03544, 0.05469, 0.0536, 0.05469, 0.03544, 0, 0, 0.00857, 0.01322, 0.01295, 0.01322, 0.00857, 0, 0, 0.00874, 0.01349, 0.01322, 0.01349, 0.00874, 0, 0, 0.00566, 0.00874, 0.00857, 0.00874, 0.00566, 0, 0, 0, 0, 0, 0, 0, 0], [0, 0, 0, 0, 0, 0, 0, 0, 0.05841, 0.09013, 0.08833, 0.22919, 0.14854, 0, 0, 0.02222, 0.03429, 0.03361, 0.0872, 0.05652, 0, 0, 0.00537, 0.00829, 0.00812, 0.02108, 0.01366, 0, 0, 0.00548, 0.00846, 0.00829, 0.0215, 0.01394, 0, 0, 0.00355, 0.00548, 0.00537, 0.01394, 0.00903, 0, 0, 0, 0, 0, 0, 0, 0], [0, 0, 0, 0, 0, 0, 0, 0, 0.03663, 0.05652, 0.05539, 0.22919, 0.23687, 0, 0, 0.01394, 0.0215, 0.02108, 0.0872, 0.09013, 0, 0, 0.00337, 0.0052, 0.00509, 0.02108, 0.02178, 0, 0, 0.00344, 0.0053, 0.0052, 0.0215, 0.02222, 0, 0, 0.00223, 0.00344, 0.00337, 0.01394, 0.0144, 0, 0, 0, 0, 0, 0, 0, 0], [0, 0, 0, 0, 0, 0, 0, 0, 0.02297, 0.03544, 0.03474, 0.14372, 0.37773, 0, 0, 0.00874, 0.01349, 0.01322, 0.05469, 0.14372, 0, 0, 0.00211, 0.00326, 0.00319, 0.01322, 0.03474, 0, 0, 0.00216, 0.00333, 0.00326, 0.01349, 0.03544, 0, 0, 0.0014, 0.00216, 0.00211, 0.00874, 0.02297, 0, 0, 0, 0, 0, 0, 0, 0], [0, 0, 0, 0, 0, 0, 0, 0, 0.23687, 0.09013, 0.02178, 0.02222, 0.0144, 0, 0, 0.22919, 0.0872, 0.02108, 0.0215, 0.01394, 0, 0, 0.05539, 0.02108, 0.00509, 0.0052, 0.00337, 0, 0, 0.05652, 0.0215, 0.0052, 0.0053, 0.00344, 0, 0, 0.03663, 0.01394, 0.00337, 0.00344, 0.00223, 0, 0, 0, 0, 0, 0, 0, 0], [0, 0, 0, 0, 0, 0, 0, 0, 0.14854, 0.14372, 0.03474, 0.03544, 0.02297, 0, 0, 0.14372, 0.13906, 0.03361, 0.03429, 0.02222, 0, 0, 0.03474, 0.03361, 0.00812, 0.00829, 0.00537, 0, 0, 0.03544, 0.03429, 0.00829, 0.00846, 0.00548, 0, 0, 0.02297, 0.02222, 0.00537, 0.00548, 0.00355, 0, 0, 0, 0, 0, 0, 0, 0], [0, 0, 0, 0, 0, 0, 0, 0, 0.09315, 0.14372, 0.05539, 0.05652, 0.03663, 0, 0, 0.09013, 0.13906, 0.0536, 0.05469, 0.03544, 0, 0, 0.02178, 0.03361, 0.01295, 0.01322, 0.00857, 0, 0, 0.02222, 0.03429, 0.01322, 0.01349, 0.00874, 0, 0, 0.0144, 0.02222, 0.00857, 0.00874, 0.00566, 0, 0, 0, 0, 0, 0, 0, 0], [0, 0, 0, 0, 0, 0, 0, 0, 0.05841, 0.09013, 0.08833, 0.09013, 0.05841, 0, 0, 0.05652, 0.0872, 0.08547, 0.0872, 0.05652, 0, 0, 0.01366, 0.02108, 0.02066, 0.02108, 0.01366, 0, 0, 0.01394, 0.0215, 0.02108, 0.0215, 0.01394, 0, 0, 0.00903, 0.01394, 0.01366, 0.01394, 0.00903, 0, 0, 0, 0, 0, 0, 0, 0], [0, 0, 0, 0, 0, 0, 0, 0, 0.03663, 0.05652, 0.05539, 0.14372, 0.09315, 0, 0, 0.03544, 0.05469, 0.0536, 0.13906, 0.09013, 0, 0, 0.00857, 0.01322, 0.01295, 0.03361, 0.02178, 0, 0, 0.00874, 0.01349, 0.01322, 0.03429, 0.02222, 0, 0, 0.00566, 0.00874, 0.00857, 0.02222, 0.0144, 0, 0, 0, 0, 0, 0, 0, 0], [0, 0, 0, 0, 0, 0, 0, 0, 0.02297, 0.03544, 0.03474, 0.14372, 0.14854, 0, 0, 0.02222, 0.03429, 0.03361, 0.13906, 0.14372, 0, 0, 0.00537, 0.00829, 0.00812, 0.03361, 0.03474, 0, 0, 0.00548, 0.00846, 0.00829, 0.03429, 0.03544, 0, 0, 0.00355, 0.00548, 0.00537, 0.02222, 0.02297, 0, 0, 0, 0, 0, 0, 0, 0], [0, 0, 0, 0, 0, 0, 0, 0, 0.0144, 0.02222, 0.02178, 0.09013, 0.23687, 0, 0, 0.01394, 0.0215, 0.02108, 0.0872, 0.22919, 0, 0, 0.00337, 0.0052, 0.00509, 0.02108, 0.05539, 0, 0, 0.00344, 0.0053, 0.0052, 0.0215, 0.05652, 0, 0, 0.00223, 0.00344, 0.00337, 0.01394, 0.03663, 0, 0, 0, 0, 0, 0, 0, 0], [0, 0, 0, 0, 0, 0, 0, 0, 0.14854, 0.05652, 0.01366, 0.01394, 0.00903, 0, 0, 0.22919, 0.0872, 0.02108, 0.0215, 0.01394, 0, 0, 0.08833, 0.03361, 0.00812, 0.00829, 0.00537, 0, 0, 0.09013, 0.03429, 0.00829, 0.00846, 0.00548, 0, 0, 0.05841, 0.02222, 0.00537, 0.00548, 0.00355, 0, 0, 0, 0, 0, 0, 0, 0], [0, 0, 0, 0, 0, 0, 0, 0, 0.09315, 0.09013, 0.02178, 0.02222, 0.0144, 0, 0, 0.14372, 0.13906, 0.03361, 0.03429, 0.02222, 0, 0, 0.05539, 0.0536, 0.01295, 0.01322, 0.00857, 0, 0, 0.05652, 0.05469, 0.01322, 0.01349, 0.00874, 0, 0, 0.03663, 0.03544, 0.00857, 0.00874, 0.00566, 0, 0, 0, 0, 0, 0, 0, 0], [0, 0, 0, 0, 0, 0, 0, 0, 0.05841, 0.09013, 0.03474, 0.03544, 0.02297, 0, 0, 0.09013, 0.13906, 0.0536, 0.05469, 0.03544, 0, 0, 0.03474, 0.0536, 0.02066, 0.02108, 0.01366, 0, 0, 0.03544, 0.05469, 0.02108, 0.0215, 0.01394, 0, 0, 0.02297, 0.03544, 0.01366, 0.01394, 0.00903, 0, 0, 0, 0, 0, 0, 0, 0], [0, 0, 0, 0, 0, 0, 0, 0, 0.03663, 0.05652, 0.05539, 0.05652, 0.03663, 0, 0, 0.05652, 0.0872, 0.08547, 0.0872, 0.05652, 0, 0, 0.02178, 0.03361, 0.03294, 0.03361, 0.02178, 0, 0, 0.02222, 0.03429, 0.03361, 0.03429, 0.02222, 0, 0, 0.0144, 0.02222, 0.02178, 0.02222, 0.0144, 0, 0, 0, 0, 0, 0, 0, 0], [0, 0, 0, 0, 0, 0, 0, 0, 0.02297, 0.03544, 0.03474, 0.09013, 0.05841, 0, 0, 0.03544, 0.05469, 0.0536, 0.13906, 0.09013, 0, 0, 0.01366, 0.02108, 0.02066, 0.0536, 0.03474, 0, 0, 0.01394, 0.0215, 0.02108, 0.05469, 0.03544, 0, 0, 0.00903, 0.01394, 0.01366, 0.03544, 0.02297, 0, 0, 0, 0, 0, 0, 0, 0], [0, 0, 0, 0, 0, 0, 0, 0, 0.0144, 0.02222, 0.02178, 0.09013, 0.09315, 0, 0, 0.02222, 0.03429, 0.03361, 0.13906, 0.14372, 0, 0, 0.00857, 0.01322, 0.01295, 0.0536, 0.05539, 0, 0, 0.00874, 0.01349, 0.01322, 0.05469, 0.05652, 0, 0, 0.00566, 0.00874, 0.00857, 0.03544, 0.03663, 0, 0, 0, 0, 0, 0, 0, 0], [0, 0, 0, 0, 0, 0, 0, 0, 0.00903, 0.01394, 0.01366, 0.05652, 0.14854, 0, 0, 0.01394, 0.0215, 0.02108, 0.0872, 0.22919, 0, 0, 0.00537, 0.00829, 0.00812, 0.03361, 0.08833, 0, 0, 0.00548, 0.00846, 0.00829, 0.03429, 0.09013, 0, 0, 0.00355, 0.00548, 0.00537, 0.02222, 0.05841, 0, 0, 0, 0, 0, 0, 0, 0], [0, 0, 0, 0, 0, 0, 0, 0, 0.09315, 0.03544, 0.00857, 0.00874, 0.00566, 0, 0, 0.14372, 0.05469, 0.01322, 0.01349, 0.00874, 0, 0, 0.14086, 0.0536, 0.01295, 0.01322, 0.00857, 0, 0, 0.14372, 0.05469, 0.01322, 0.01349, 0.00874, 0, 0, 0.09315, 0.03544, 0.00857, 0.00874, 0.00566, 0, 0, 0, 0, 0, 0, 0, 0], [0, 0, 0, 0, 0, 0, 0, 0, 0.05841, 0.05652, 0.01366, 0.01394, 0.00903, 0, 0, 0.09013, 0.0872, 0.02108, 0.0215, 0.01394, 0, 0, 0.08833, 0.08547, 0.02066, 0.02108, 0.01366, 0, 0, 0.09013, 0.0872, 0.02108, 0.0215, 0.01394, 0, 0, 0.05841, 0.05652, 0.01366, 0.01394, 0.00903, 0, 0, 0, 0, 0, 0, 0, 0], [0, 0, 0, 0, 0, 0, 0, 0, 0.03663, 0.05652, 0.02178, 0.02222, 0.0144, 0, 0, 0.05652, 0.0872, 0.03361, 0.03429, 0.02222, 0, 0, 0.05539, 0.08547, 0.03294, 0.03361, 0.02178, 0, 0, 0.05652, 0.0872, 0.03361, 0.03429, 0.02222, 0, 0, 0.03663, 0.05652, 0.02178, 0.02222, 0.0144, 0, 0, 0, 0, 0, 0, 0, 0], [0, 0, 0, 0, 0, 0, 0, 0, 0.02297, 0.03544, 0.03474, 0.03544, 0.02297, 0, 0, 0.03544, 0.05469, 0.0536, 0.05469, 0.03544, 0, 0, 0.03474, 0.0536, 0.05253, 0.0536, 0.03474, 0, 0, 0.03544, 0.05469, 0.0536, 0.05469, 0.03544, 0, 0, 0.02297, 0.03544, 0.03474, 0.03544, 0.02297, 0, 0, 0, 0, 0, 0, 0, 0], [0, 0, 0, 0, 0, 0, 0, 0, 0.0144, 0.02222, 0.02178, 0.05652, 0.03663, 0, 0, 0.02222, 0.03429, 0.03361, 0.0872, 0.05652, 0, 0, 0.02178, 0.03361, 0.03294, 0.08547, 0.05539, 0, 0, 0.02222, 0.03429, 0.03361, 0.0872, 0.05652, 0, 0, 0.0144, 0.02222, 0.02178, 0.05652, 0.03663, 0, 0, 0, 0, 0, 0, 0, 0], [0, 0, 0, 0, 0, 0, 0, 0, 0.00903, 0.01394, 0.01366, 0.05652, 0.05841, 0, 0, 0.01394, 0.0215, 0.02108, 0.0872, 0.09013, 0, 0, 0.01366, 0.02108, 0.02066, 0.08547, 0.08833, 0, 0, 0.01394, 0.0215, 0.02108, 0.0872, 0.09013, 0, 0, 0.00903, 0.01394, 0.01366, 0.05652, 0.05841, 0, 0, 0, 0, 0, 0, 0, 0], [0, 0, 0, 0, 0, 0, 0, 0, 0.00566, 0.00874, 0.00857, 0.03544, 0.09315, 0, 0, 0.00874, 0.01349, 0.01322, 0.05469, 0.14372, 0, 0, 0.00857, 0.01322, 0.01295, 0.0536, 0.14086, 0, 0, 0.00874, 0.01349, 0.01322, 0.05469, 0.14372, 0, 0, 0.00566, 0.00874, 0.00857, 0.03544, 0.09315, 0, 0, 0, 0, 0, 0, 0, 0], [0, 0, 0, 0, 0, 0, 0, 0, 0.05841, 0.02222, 0.00537, 0.00548, 0.00355, 0, 0, 0.09013, 0.03429, 0.00829, 0.00846, 0.00548, 0, 0, 0.08833, 0.03361, 0.00812, 0.00829, 0.00537, 0, 0, 0.22919, 0.0872, 0.02108, 0.0215, 0.01394, 0, 0, 0.14854, 0.05652, 0.01366, 0.01394, 0.00903, 0, 0, 0, 0, 0, 0, 0, 0], [0, 0, 0, 0, 0, 0, 0, 0, 0.03663, 0.03544, 0.00857, 0.00874, 0.00566, 0, 0, 0.05652, 0.05469, 0.01322, 0.01349, 0.00874, 0, 0, 0.05539, 0.0536, 0.01295, 0.01322, 0.00857, 0, 0, 0.14372, 0.13906, 0.03361, 0.03429, 0.02222, 0, 0, 0.09315, 0.09013, 0.02178, 0.02222, 0.0144, 0, 0, 0, 0, 0, 0, 0, 0], [0, 0, 0, 0, 0, 0, 0, 0, 0.02297, 0.03544, 0.01366, 0.01394, 0.00903, 0, 0, 0.03544, 0.05469, 0.02108, 0.0215, 0.01394, 0, 0, 0.03474, 0.0536, 0.02066, 0.02108, 0.01366, 0, 0, 0.09013, 0.13906, 0.0536, 0.05469, 0.03544, 0, 0, 0.05841, 0.09013, 0.03474, 0.03544, 0.02297, 0, 0, 0, 0, 0, 0, 0, 0], [0, 0, 0, 0, 0, 0, 0, 0, 0.0144, 0.02222, 0.02178, 0.02222, 0.0144, 0, 0, 0.02222, 0.03429, 0.03361, 0.03429, 0.02222, 0, 0, 0.02178, 0.03361, 0.03294, 0.03361, 0.02178, 0, 0, 0.05652, 0.0872, 0.08547, 0.0872, 0.05652, 0, 0, 0.03663, 0.05652, 0.05539, 0.05652, 0.03663, 0, 0, 0, 0, 0, 0, 0, 0], [0, 0, 0, 0, 0, 0, 0, 0, 0.00903, 0.01394, 0.01366, 0.03544, 0.02297, 0, 0, 0.01394, 0.0215, 0.02108, 0.05469, 0.03544, 0, 0, 0.01366, 0.02108, 0.02066, 0.0536, 0.03474, 0, 0, 0.03544, 0.05469, 0.0536, 0.13906, 0.09013, 0, 0, 0.02297, 0.03544, 0.03474, 0.09013, 0.05841, 0, 0, 0, 0, 0, 0, 0, 0], [0, 0, 0, 0, 0, 0, 0, 0, 0.00566, 0.00874, 0.00857, 0.03544, 0.03663, 0, 0, 0.00874, 0.01349, 0.01322, 0.05469, 0.05652, 0, 0, 0.00857, 0.01322, 0.01295, 0.0536, 0.05539, 0, 0, 0.02222, 0.03429, 0.03361, 0.13906, 0.14372, 0, 0, 0.0144, 0.02222, 0.02178, 0.09013, 0.09315, 0, 0, 0, 0, 0, 0, 0, 0], [0, 0, 0, 0, 0, 0, 0, 0, 0.00355, 0.00548, 0.00537, 0.02222, 0.05841, 0, 0, 0.00548, 0.00846, 0.00829, 0.03429, 0.09013, 0, 0, 0.00537, 0.00829, 0.00812, 0.03361, 0.08833, 0, 0, 0.01394, 0.0215, 0.02108, 0.0872, 0.22919, 0, 0, 0.00903, 0.01394, 0.01366, 0.05652, 0.14854, 0, 0, 0, 0, 0, 0, 0, 0], [0, 0, 0, 0, 0, 0, 0, 0, 0.03663, 0.01394, 0.00337, 0.00344, 0.00223, 0, 0, 0.05652, 0.0215, 0.0052, 0.0053, 0.00344, 0, 0, 0.05539, 0.02108, 0.00509, 0.0052, 0.00337, 0, 0, 0.22919, 0.0872, 0.02108, 0.0215, 0.01394, 0, 0, 0.23687, 0.09013, 0.02178, 0.02222, 0.0144, 0, 0, 0, 0, 0, 0, 0, 0], [0, 0, 0, 0, 0, 0, 0, 0, 0.02297, 0.02222, 0.00537, 0.00548, 0.00355, 0, 0, 0.03544, 0.03429, 0.00829, 0.00846, 0.00548, 0, 0, 0.03474, 0.03361, 0.00812, 0.00829, 0.00537, 0, 0, 0.14372, 0.13906, 0.03361, 0.03429, 0.02222, 0, 0, 0.14854, 0.14372, 0.03474, 0.03544, 0.02297, 0, 0, 0, 0, 0, 0, 0, 0], [0, 0, 0, 0, 0, 0, 0, 0, 0.0144, 0.02222, 0.00857, 0.00874, 0.00566, 0, 0, 0.02222, 0.03429, 0.01322, 0.01349, 0.00874, 0, 0, 0.02178, 0.03361, 0.01295, 0.01322, 0.00857, 0, 0, 0.09013, 0.13906, 0.0536, 0.05469, 0.03544, 0, 0, 0.09315, 0.14372, 0.05539, 0.05652, 0.03663, 0, 0, 0, 0, 0, 0, 0, 0], [0, 0, 0, 0, 0, 0, 0, 0, 0.00903, 0.01394, 0.01366, 0.01394, 0.00903, 0, 0, 0.01394, 0.0215, 0.02108, 0.0215, 0.01394, 0, 0, 0.01366, 0.02108, 0.02066, 0.02108, 0.01366, 0, 0, 0.05652, 0.0872, 0.08547, 0.0872, 0.05652, 0, 0, 0.05841, 0.09013, 0.08833, 0.09013, 0.05841, 0, 0, 0, 0, 0, 0, 0, 0], [0, 0, 0, 0, 0, 0, 0, 0, 0.00566, 0.00874, 0.00857, 0.02222, 0.0144, 0, 0, 0.00874, 0.01349, 0.01322, 0.03429, 0.02222, 0, 0, 0.00857, 0.01322, 0.01295, 0.03361, 0.02178, 0, 0, 0.03544, 0.05469, 0.0536, 0.13906, 0.09013, 0, 0, 0.03663, 0.05652, 0.05539, 0.14372, 0.09315, 0, 0, 0, 0, 0, 0, 0, 0], [0, 0, 0, 0, 0, 0, 0, 0, 0.00355, 0.00548, 0.00537, 0.02222, 0.02297, 0, 0, 0.00548, 0.00846, 0.00829, 0.03429, 0.03544, 0, 0, 0.00537, 0.00829, 0.00812, 0.03361, 0.03474, 0, 0, 0.02222, 0.03429, 0.03361, 0.13906, 0.14372, 0, 0, 0.02297, 0.03544, 0.03474, 0.14372, 0.14854, 0, 0, 0, 0, 0, 0, 0, 0], [0, 0, 0, 0, 0, 0, 0, 0, 0.00223, 0.00344, 0.00337, 0.01394, 0.03663, 0, 0, 0.00344, 0.0053, 0.0052, 0.0215, 0.05652, 0, 0, 0.00337, 0.0052, 0.00509, 0.02108, 0.05539, 0, 0, 0.01394, 0.0215, 0.02108, 0.0872, 0.22919, 0, 0, 0.0144, 0.02222, 0.02178, 0.09013, 0.23687, 0, 0, 0, 0, 0, 0, 0, 0], [0, 0, 0, 0, 0, 0, 0, 0, 0.02297, 0.00874, 0.00211, 0.00216, 0.0014, 0, 0, 0.03544, 0.01349, 0.00326, 0.00333, 0.00216, 0, 0, 0.03474, 0.01322, 0.00319, 0.00326, 0.00211, 0, 0, 0.14372, 0.05469, 0.01322, 0.01349, 0.00874, 0, 0, 0.37773, 0.14372, 0.03474, 0.03544, 0.02297, 0, 0, 0, 0, 0, 0, 0, 0], [0, 0, 0, 0, 0, 0, 0, 0, 0.0144, 0.01394, 0.00337, 0.00344, 0.00223, 0, 0, 0.02222, 0.0215, 0.0052, 0.0053, 0.00344, 0, 0, 0.02178, 0.02108, 0.00509, 0.0052, 0.00337, 0, 0, 0.09013, 0.0872, 0.02108, 0.0215, 0.01394, 0, 0, 0.23687, 0.22919, 0.05539, 0.05652, 0.03663, 0, 0, 0, 0, 0, 0, 0, 0], [0, 0, 0, 0, 0, 0, 0, 0, 0.00903, 0.01394, 0.00537, 0.00548, 0.00355, 0, 0, 0.01394, 0.0215, 0.00829, 0.00846, 0.00548, 0, 0, 0.01366, 0.02108, 0.00812, 0.00829, 0.00537, 0, 0, 0.05652, 0.0872, 0.03361, 0.03429, 0.02222, 0, 0, 0.14854, 0.22919, 0.08833, 0.09013, 0.05841, 0, 0, 0, 0, 0, 0, 0, 0], [0, 0, 0, 0, 0, 0, 0, 0, 0.00566, 0.00874, 0.00857, 0.00874, 0.00566, 0, 0, 0.00874, 0.01349, 0.01322, 0.01349, 0.00874, 0, 0, 0.00857, 0.01322, 0.01295, 0.01322, 0.00857, 0, 0, 0.03544, 0.05469, 0.0536, 0.05469, 0.03544, 0, 0, 0.09315, 0.14372, 0.14086, 0.14372, 0.09315, 0, 0, 0, 0, 0, 0, 0, 0], [0, 0, 0, 0, 0, 0, 0, 0, 0.00355, 0.00548, 0.00537, 0.01394, 0.00903, 0, 0, 0.00548, 0.00846, 0.00829, 0.0215, 0.01394, 0, 0, 0.00537, 0.00829, 0.00812, 0.02108, 0.01366, 0, 0, 0.02222, 0.03429, 0.03361, 0.0872, 0.05652, 0, 0, 0.05841, 0.09013, 0.08833, 0.22919, 0.14854, 0, 0, 0, 0, 0, 0, 0, 0], [0, 0, 0, 0, 0, 0, 0, 0, 0.00223, 0.00344, 0.00337, 0.01394, 0.0144, 0, 0, 0.00344, 0.0053, 0.0052, 0.0215, 0.02222, 0, 0, 0.00337, 0.0052, 0.00509, 0.02108, 0.02178, 0, 0, 0.01394, 0.0215, 0.02108, 0.0872, 0.09013, 0, 0, 0.03663, 0.05652, 0.05539, 0.22919, 0.23687, 0, 0, 0, 0, 0, 0, 0, 0], [0, 0, 0, 0, 0, 0, 0, 0, 0.0014, 0.00216, 0.00211, 0.00874, 0.02297, 0, 0, 0.00216, 0.00333, 0.00326, 0.01349, 0.03544, 0, 0, 0.00211, 0.00326, 0.00319, 0.01322, 0.03474, 0, 0, 0.00874, 0.01349, 0.01322, 0.05469, 0.14372, 0, 0, 0.02297, 0.03544, 0.03474, 0.14372, 0.37773, 0, 0, 0, 0, 0, 0, 0, 0]]