[[0.94268, 0.02492, 0.00068, 2e-05, 0, 0.02492, 0.00548, 0.00028, 1e-05, 0, 0.00068, 0.00028, 3e-05, 0, 0, 2e-05, 1e-05, 0, 0, 0, 0, 0, 0, 0, 0], [0.02576, 0.91191, 0.02492, 0.00068, 2e-05, 0.00569, 0.02396, 0.00548, 0.00028, 1e-05, 0.00029, 0.00065, 0.00028, 3e-05, 0, 1e-05, 2e-05, 1e-05, 0, 0, 0, 0, 0, 0, 0], [0.0007, 0.02492, 0.91195, 0.02492, 0.0007, 0.00029, 0.00548, 0.02396, 0.00548, 0.00029, 4e-05, 0.00028, 0.00065, 0.00028, 4e-05, 0, 1e-05, 2e-05, 1e-05, 0, 0, 0, 0, 0, 0], [2e-05, 0.00068, 0.02492, 0.91191, 0.02576, 1e-05, 0.00028, 0.00548, 0.02396, 0.00569, 0, 3e-05, 0.00028, 0.00065, 0.00029, 0, 0, 1e-05, 2e-05, 1e-05, 0, 0, 0, 0, 0], [0, 2e-05, 0.00068, 0.02492, 0.94268, 0, 1e-05, 0.00028, 0.00548, 0.02492, 0, 0, 3e-05, 0.00028, 0.00068, 0, 0, 0, 1e-05, 2e-05, 0, 0, 0, 0, 0], [0.02576, 0.00569, 0.00029, 1e-05, 0, 0.91191, 0.02396, 0.00065, 2e-05, 0, 0.02492, 0.00548, 0.00028, 1e-05, 0, 0.00068, 0.00028, 3e-05, 0, 0, 2e-05, 1e-05, 0, 0, 0], [0.00589, 0.02492, 0.0057, 0.00029, 1e-05, 0.02492, 0.87693, 0.02396, 0.00065, 2e-05, 0.0057, 0.02396, 0.00548, 0.00028, 1e-05, 0.00029, 0.00065, 0.00028, 3e-05, 0, 1e-05, 2e-05, 1e-05, 0, 0], [0.0003, 0.00569, 0.02492, 0.00569, 0.0003, 0.00068, 0.02396, 0.877, 0.02396, 0.00068, 0.00029, 0.00548, 0.02397, 0.00548, 0.00029, 4e-05, 0.00028, 0.00065, 0.00028, 4e-05, 0, 1e-05, 2e-05, 1e-05, 0], [1e-05, 0.00029, 0.0057, 0.02492, 0.00589, 2e-05, 0.00065, 0.02396, 0.87693, 0.02492, 1e-05, 0.00028, 0.00548, 0.02396, 0.0057, 0, 3e-05, 0.00028, 0.00065, 0.00029, 0, 0, 1e-05, 2e-05, 1e-05], [0, 1e-05, 0.00029, 0.00569, 0.02576, 0, 2e-05, 0.00065, 0.02396, 0.91191, 0, 1e-05, 0.00028, 0.00548, 0.02492, 0, 0, 3e-05, 0.00028, 0.00068, 0, 0, 0, 1e-05, 2e-05], [0.0007, 0.00029, 4e-05, 0, 0, 0.02492, 0.00548, 0.00028, 1e-05, 0, 0.91195, 0.02396, 0.00065, 2e-05, 0, 0.02492, 0.00548, 0.00028, 1e-05, 0, 0.0007, 0.00029, 4e-05, 0, 0], [0.0003, 0.00068, 0.00029, 4e-05, 0, 0.00569, 0.02396, 0.00548, 0.00028, 1e-05, 0.02492, 0.877, 0.02397, 0.00065, 2e-05, 0.00569, 0.02396, 0.00548, 0.00028, 1e-05, 0.0003, 0.00068, 0.00029, 4e-05, 0], [4e-05, 0.00029, 0.00068, 0.00029, 4e-05, 0.00029, 0.00548, 0.02396, 0.00548, 0.00029, 0.00068, 0.02396, 0.87708, 0.02396, 0.00068, 0.00029, 0.00548, 0.02396, 0.00548, 0.00029, 4e-05, 0.00029, 0.00068, 0.00029, 4e-05], [0, 4e-05, 0.00029, 0.00068, 0.0003, 1e-05, 0.00028, 0.00548, 0.02396, 0.00569, 2e-05, 0.00065, 0.02397, 0.877, 0.02492, 1e-05, 0.00028, 0.00548, 0.02396, 0.00569, 0, 4e-05, 0.00029, 0.00068, 0.0003], [0, 0, 4e-05, 0.00029, 0.0007, 0, 1e-05, 0.00028, 0.00548, 0.02492, 0, 2e-05, 0.00065, 0.02396, 0.91195, 0, 1e-05, 0.00028, 0.00548, 0.02492, 0, 0, 4e-05, 0.00029, 0.0007], [2e-05, 1e-05, 0, 0, 0, 0.00068, 0.00028, 3e-05, 0, 0, 0.02492, 0.00548, 0.00028, 1e-05, 0, 0.91191, 0.02396, 0.00065, 2e-05, 0, 0.02576, 0.00569, 0.00029, 1e-05, 0], [1e-05, 2e-05, 1e-05, 0, 0, 0.00029, 0.00065, 0.00028, 3e-05, 0, 0.0057, 0.02396, 0.00548, 0.00028, 1e-05, 0.02492, 0.87693, 0.02396, 0.00065, 2e-05, 0.00589, 0.02492, 0.0057, 0.00029, 1e-05], [0, 1e-05, 2e-05, 1e-05, 0, 4e-05, 0.00028, 0.00065, 0.00028, 4e-05, 0.00029, 0.00548, 0.02397, 0.00548, 0.00029, 0.00068, 0.02396, 0.877, 0.02396, 0.00068, 0.0003, 0.00569, 0.02492, 0.00569, 0.0003], [0, 0, 1e-05, 2e-05, 1e-05, 0, 3e-05, 0.00028, 0.00065, 0.00029, 1e-05, 0.00028, 0.00548, 0.02396, 0.0057, 2e-05, 0.00065, 0.02396, 0.87693, 0.02492, 1e-05, 0.00029, 0.0057, 0.02492, 0.00589], [0, 0, 0, 1e-05, 2e-05, 0, 0, 3e-05, 0.00028, 0.00068, 0, 1e-05, 0.00028, 0.00548, 0.02492, 0, 2e-05, 0.00065, 0.02396, 0.91191, 0, 1e-05, 0.00029, 0.00569, 0.02576], [0, 0, 0, 0, 0, 2e-05, 1e-05, 0, 0, 0, 0.00068, 0.00028, 3e-05, 0, 0, 0.02492, 0.00548, 0.00028, 1e-05, 0, 0.94268, 0.02492, 0.00068, 2e-05, 0], [0, 0, 0, 0, 0, 1e-05, 2e-05, 1e-05, 0, 0, 0.00029, 0.00065, 0.00028, 3e-05, 0, 0.00569, 0.02396, 0.00548, 0.00028, 1e-05, 0.02576, 0.91191, 0.02492, 0.00068, 2e-05], [0, 0, 0, 0, 0, 0, 1e-05, 2e-05, 1e-05, 0, 4e-05, 0.00028, 0.00065, 0.00028, 4e-05, 0.00029, 0.00548, 0.02396, 0.00548, 0.00029, 0.0007, 0.02492, 0.91195, 0.02492, 0.0007], [0, 0, 0, 0, 0, 0, 0, 1e-05, 2e-05, 1e-05, 0, 3e-05, 0.00028, 0.00065, 0.00029, 1e-05, 0.00028, 0.00548, 0.02396, 0.00569, 2e-05, 0.00068, 0.02492, 0.91191, 0.02576], [0, 0, 0, 0, 0, 0, 0, 0, 1e-05, 2e-05, 0, 0, 3e-05, 0.00028, 0.00068, 0, 1e-05, 0.00028, 0.00548, 0.02492, 0, 2e-05, 0.00068, 0.02492, 0.94268]]