[[0.9368, 0.02726, 0.00082, 2e-05, 0, 0.02726, 0.00621, 0.00034, 1e-05, 0, 0.00082, 0.00034, 4e-05, 0, 0, 2e-05, 1e-05, 0, 0, 0, 0, 0, 0, 0, 0], [0.02829, 0.90285, 0.02727, 0.00082, 3e-05, 0.00649, 0.0261, 0.00621, 0.00034, 1e-05, 0.00036, 0.00079, 0.00034, 4e-05, 0, 1e-05, 2e-05, 1e-05, 0, 0, 0, 0, 0, 0, 0], [0.00085, 0.02726, 0.9029, 0.02726, 0.00085, 0.00036, 0.00621, 0.0261, 0.00621, 0.00036, 5e-05, 0.00034, 0.00079, 0.00034, 5e-05, 0, 1e-05, 2e-05, 1e-05, 0, 0, 0, 0, 0, 0], [3e-05, 0.00082, 0.02727, 0.90285, 0.02829, 1e-05, 0.00034, 0.00621, 0.0261, 0.00649, 0, 4e-05, 0.00034, 0.00079, 0.00036, 0, 0, 1e-05, 2e-05, 1e-05, 0, 0, 0, 0, 0], [0, 2e-05, 0.00082, 0.02726, 0.9368, 0, 1e-05, 0.00034, 0.00621, 0.02726, 0, 0, 4e-05, 0.00034, 0.00082, 0, 0, 0, 1e-05, 2e-05, 0, 0, 0, 0, 0], [0.02829, 0.00649, 0.00036, 1e-05, 0, 0.90285, 0.0261, 0.00079, 2e-05, 0, 0.02727, 0.00621, 0.00034, 1e-05, 0, 0.00082, 0.00034, 4e-05, 0, 0, 3e-05, 1e-05, 0, 0, 0], [0.00674, 0.02726, 0.00649, 0.00036, 1e-05, 0.02726, 0.86421, 0.0261, 0.00079, 2e-05, 0.00649, 0.0261, 0.00622, 0.00034, 1e-05, 0.00036, 0.00079, 0.00034, 4e-05, 0, 1e-05, 2e-05, 1e-05, 0, 0], [0.00037, 0.00649, 0.02727, 0.00649, 0.00037, 0.00082, 0.0261, 0.86431, 0.0261, 0.00082, 0.00036, 0.00621, 0.0261, 0.00621, 0.00036, 5e-05, 0.00034, 0.00079, 0.00034, 5e-05, 0, 1e-05, 2e-05, 1e-05, 0], [1e-05, 0.00036, 0.00649, 0.02726, 0.00674, 2e-05, 0.00079, 0.0261, 0.86421, 0.02726, 1e-05, 0.00034, 0.00622, 0.0261, 0.00649, 0, 4e-05, 0.00034, 0.00079, 0.00036, 0, 0, 1e-05, 2e-05, 1e-05], [0, 1e-05, 0.00036, 0.00649, 0.02829, 0, 2e-05, 0.00079, 0.0261, 0.90285, 0, 1e-05, 0.00034, 0.00621, 0.02727, 0, 0, 4e-05, 0.00034, 0.00082, 0, 0, 0, 1e-05, 3e-05], [0.00085, 0.00036, 5e-05, 0, 0, 0.02726, 0.00621, 0.00034, 1e-05, 0, 0.9029, 0.0261, 0.00079, 2e-05, 0, 0.02726, 0.00621, 0.00034, 1e-05, 0, 0.00085, 0.00036, 5e-05, 0, 0], [0.00037, 0.00082, 0.00036, 5e-05, 0, 0.00649, 0.0261, 0.00621, 0.00034, 1e-05, 0.02727, 0.86431, 0.0261, 0.00079, 2e-05, 0.00649, 0.0261, 0.00621, 0.00034, 1e-05, 0.00037, 0.00082, 0.00036, 5e-05, 0], [5e-05, 0.00036, 0.00082, 0.00036, 5e-05, 0.00036, 0.00621, 0.0261, 0.00621, 0.00036, 0.00082, 0.0261, 0.86441, 0.0261, 0.00082, 0.00036, 0.00621, 0.0261, 0.00621, 0.00036, 5e-05, 0.00036, 0.00082, 0.00036, 5e-05], [0, 5e-05, 0.00036, 0.00082, 0.00037, 1e-05, 0.00034, 0.00621, 0.0261, 0.00649, 2e-05, 0.00079, 0.0261, 0.86431, 0.02727, 1e-05, 0.00034, 0.00621, 0.0261, 0.00649, 0, 5e-05, 0.00036, 0.00082, 0.00037], [0, 0, 5e-05, 0.00036, 0.00085, 0, 1e-05, 0.00034, 0.00621, 0.02726, 0, 2e-05, 0.00079, 0.0261, 0.9029, 0, 1e-05, 0.00034, 0.00621, 0.02726, 0, 0, 5e-05, 0.00036, 0.00085], [3e-05, 1e-05, 0, 0, 0, 0.00082, 0.00034, 4e-05, 0, 0, 0.02727, 0.00621, 0.00034, 1e-05, 0, 0.90285, 0.0261, 0.00079, 2e-05, 0, 0.02829, 0.00649, 0.00036, 1e-05, 0], [1e-05, 2e-05, 1e-05, 0, 0, 0.00036, 0.00079, 0.00034, 4e-05, 0, 0.00649, 0.0261, 0.00622, 0.00034, 1e-05, 0.02726, 0.86421, 0.0261, 0.00079, 2e-05, 0.00674, 0.02726, 0.00649, 0.00036, 1e-05], [0, 1e-05, 2e-05, 1e-05, 0, 5e-05, 0.00034, 0.00079, 0.00034, 5e-05, 0.00036, 0.00621, 0.0261, 0.00621, 0.00036, 0.00082, 0.0261, 0.86431, 0.0261, 0.00082, 0.00037, 0.00649, 0.02727, 0.00649, 0.00037], [0, 0, 1e-05, 2e-05, 1e-05, 0, 4e-05, 0.00034, 0.00079, 0.00036, 1e-05, 0.00034, 0.00622, 0.0261, 0.00649, 2e-05, 0.00079, 0.0261, 0.86421, 0.02726, 1e-05, 0.00036, 0.00649, 0.02726, 0.00674], [0, 0, 0, 1e-05, 3e-05, 0, 0, 4e-05, 0.00034, 0.00082, 0, 1e-05, 0.00034, 0.00621, 0.02727, 0, 2e-05, 0.00079, 0.0261, 0.90285, 0, 1e-05, 0.00036, 0.00649, 0.02829], [0, 0, 0, 0, 0, 2e-05, 1e-05, 0, 0, 0, 0.00082, 0.00034, 4e-05, 0, 0, 0.02726, 0.00621, 0.00034, 1e-05, 0, 0.9368, 0.02726, 0.00082, 2e-05, 0], [0, 0, 0, 0, 0, 1e-05, 2e-05, 1e-05, 0, 0, 0.00036, 0.00079, 0.00034, 4e-05, 0, 0.00649, 0.0261, 0.00621, 0.00034, 1e-05, 0.02829, 0.90285, 0.02727, 0.00082, 3e-05], [0, 0, 0, 0, 0, 0, 1e-05, 2e-05, 1e-05, 0, 5e-05, 0.00034, 0.00079, 0.00034, 5e-05, 0.00036, 0.00621, 0.0261, 0.00621, 0.00036, 0.00085, 0.02726, 0.9029, 0.02726, 0.00085], [0, 0, 0, 0, 0, 0, 0, 1e-05, 2e-05, 1e-05, 0, 4e-05, 0.00034, 0.00079, 0.00036, 1e-05, 0.00034, 0.00621, 0.0261, 0.00649, 3e-05, 0.00082, 0.02727, 0.90285, 0.02829], [0, 0, 0, 0, 0, 0, 0, 0, 1e-05, 2e-05, 0, 0, 4e-05, 0.00034, 0.00082, 0, 1e-05, 0.00034, 0.00621, 0.02726, 0, 2e-05, 0.00082, 0.02726, 0.9368]]