[[0, 0, 0, 0, 0, 0, 0, 0, 0.61324, 0.07021, 0.04119, 0.02416, 0.03429, 0, 0, 0.07021, 0.00804, 0.00472, 0.00277, 0.00393, 0, 0, 0.04119, 0.00472, 0.00277, 0.00162, 0.0023, 0, 0, 0.02416, 0.00277, 0.00162, 0.00095, 0.00135, 0, 0, 0.03429, 0.00393, 0.0023, 0.00135, 0.00192, 0, 0, 0, 0, 0, 0, 0, 0], [0, 0, 0, 0, 0, 0, 0, 0, 0.49355, 0.11968, 0.07021, 0.04119, 0.05846, 0, 0, 0.05651, 0.0137, 0.00804, 0.00472, 0.00669, 0, 0, 0.03315, 0.00804, 0.00472, 0.00277, 0.00393, 0, 0, 0.01945, 0.00472, 0.00277, 0.00162, 0.0023, 0, 0, 0.0276, 0.00669, 0.00393, 0.0023, 0.00327, 0, 0, 0, 0, 0, 0, 0, 0], [0, 0, 0, 0, 0, 0, 0, 0, 0.28954, 0.20401, 0.11968, 0.07021, 0.09965, 0, 0, 0.03315, 0.02336, 0.0137, 0.00804, 0.01141, 0, 0, 0.01945, 0.0137, 0.00804, 0.00472, 0.00669, 0, 0, 0.01141, 0.00804, 0.00472, 0.00277, 0.00393, 0, 0, 0.01619, 0.01141, 0.00669, 0.00393, 0.00557, 0, 0, 0, 0, 0, 0, 0, 0], [0, 0, 0, 0, 0, 0, 0, 0, 0.16986, 0.11968, 0.20401, 0.11968, 0.16986, 0, 0, 0.01945, 0.0137, 0.02336, 0.0137, 0.01945, 0, 0, 0.01141, 0.00804, 0.0137, 0.00804, 0.01141, 0, 0, 0.00669, 0.00472, 0.00804, 0.00472, 0.00669, 0, 0, 0.0095, 0.00669, 0.01141, 0.00669, 0.0095, 0, 0, 0, 0, 0, 0, 0, 0], [0, 0, 0, 0, 0, 0, 0, 0, 0.09965, 0.07021, 0.11968, 0.20401, 0.28954, 0, 0, 0.01141, 0.00804, 0.0137, 0.02336, 0.03315, 0, 0, 0.00669, 0.00472, 0.00804, 0.0137, 0.01945, 0, 0, 0.00393, 0.00277, 0.00472, 0.00804, 0.01141, 0, 0, 0.00557, 0.00393, 0.00669, 0.01141, 0.01619, 0, 0, 0, 0, 0, 0, 0, 0], [0, 0, 0, 0, 0, 0, 0, 0, 0.05846, 0.04119, 0.07021, 0.11968, 0.49355, 0, 0, 0.00669, 0.00472, 0.00804, 0.0137, 0.05651, 0, 0, 0.00393, 0.00277, 0.00472, 0.00804, 0.03315, 0, 0, 0.0023, 0.00162, 0.00277, 0.00472, 0.01945, 0, 0, 0.00327, 0.0023, 0.00393, 0.00669, 0.0276, 0, 0, 0, 0, 0, 0, 0, 0], [0, 0, 0, 0, 0, 0, 0, 0, 0.03429, 0.02416, 0.04119, 0.07021, 0.61324, 0, 0, 0.00393, 0.00277, 0.00472, 0.00804, 0.07021, 0, 0, 0.0023, 0.00162, 0.00277, 0.00472, 0.04119, 0, 0, 0.00135, 0.00095, 0.00162, 0.00277, 0.02416, 0, 0, 0.00192, 0.00135, 0.0023, 0.00393, 0.03429, 0, 0, 0, 0, 0, 0, 0, 0], [0, 0, 0, 0, 0, 0, 0, 0, 0.49355, 0.05651, 0.03315, 0.01945, 0.0276, 0, 0, 0.11968, 0.0137, 0.00804, 0.00472, 0.00669, 0, 0, 0.07021, 0.00804, 0.00472, 0.00277, 0.00393, 0, 0, 0.04119, 0.00472, 0.00277, 0.00162, 0.0023, 0, 0, 0.05846, 0.00669, 0.00393, 0.0023, 0.00327, 0, 0, 0, 0, 0, 0, 0, 0], [0, 0, 0, 0, 0, 0, 0, 0, 0.39723, 0.09632, 0.05651, 0.03315, 0.04705, 0, 0, 0.09632, 0.02336, 0.0137, 0.00804, 0.01141, 0, 0, 0.05651, 0.0137, 0.00804, 0.00472, 0.00669, 0, 0, 0.03315, 0.00804, 0.00472, 0.00277, 0.00393, 0, 0, 0.04705, 0.01141, 0.00669, 0.00393, 0.00557, 0, 0, 0, 0, 0, 0, 0, 0], [0, 0, 0, 0, 0, 0, 0, 0, 0.23303, 0.1642, 0.09632, 0.05651, 0.0802, 0, 0, 0.05651, 0.03982, 0.02336, 0.0137, 0.01945, 0, 0, 0.03315, 0.02336, 0.0137, 0.00804, 0.01141, 0, 0, 0.01945, 0.0137, 0.00804, 0.00472, 0.00669, 0, 0, 0.0276, 0.01945, 0.01141, 0.00669, 0.0095, 0, 0, 0, 0, 0, 0, 0, 0], [0, 0, 0, 0, 0, 0, 0, 0, 0.13671, 0.09632, 0.1642, 0.09632, 0.13671, 0, 0, 0.03315, 0.02336, 0.03982, 0.02336, 0.03315, 0, 0, 0.01945, 0.0137, 0.02336, 0.0137, 0.01945, 0, 0, 0.01141, 0.00804, 0.0137, 0.00804, 0.01141, 0, 0, 0.01619, 0.01141, 0.01945, 0.01141, 0.01619, 0, 0, 0, 0, 0, 0, 0, 0], [0, 0, 0, 0, 0, 0, 0, 0, 0.0802, 0.05651, 0.09632, 0.1642, 0.23303, 0, 0, 0.01945, 0.0137, 0.02336, 0.03982, 0.05651, 0, 0, 0.01141, 0.00804, 0.0137, 0.02336, 0.03315, 0, 0, 0.00669, 0.00472, 0.00804, 0.0137, 0.01945, 0, 0, 0.0095, 0.00669, 0.01141, 0.01945, 0.0276, 0, 0, 0, 0, 0, 0, 0, 0], [0, 0, 0, 0, 0, 0, 0, 0, 0.04705, 0.03315, 0.05651, 0.09632, 0.39723, 0, 0, 0.01141, 0.00804, 0.0137, 0.02336, 0.09632, 0, 0, 0.00669, 0.00472, 0.00804, 0.0137, 0.05651, 0, 0, 0.00393, 0.00277, 0.00472, 0.00804, 0.03315, 0, 0, 0.00557, 0.00393, 0.00669, 0.01141, 0.04705, 0, 0, 0, 0, 0, 0, 0, 0], [0, 0, 0, 0, 0, 0, 0, 0, 0.0276, 0.01945, 0.03315, 0.05651, 0.49355, 0, 0, 0.00669, 0.00472, 0.00804, 0.0137, 0.11968, 0, 0, 0.00393, 0.00277, 0.00472, 0.00804, 0.07021, 0, 0, 0.0023, 0.00162, 0.00277, 0.00472, 0.04119, 0, 0, 0.00327, 0.0023, 0.00393, 0.00669, 0.05846, 0, 0, 0, 0, 0, 0, 0, 0], [0, 0, 0, 0, 0, 0, 0, 0, 0.28954, 0.03315, 0.01945, 0.01141, 0.01619, 0, 0, 0.20401, 0.02336, 0.0137, 0.00804, 0.01141, 0, 0, 0.11968, 0.0137, 0.00804, 0.00472, 0.00669, 0, 0, 0.07021, 0.00804, 0.00472, 0.00277, 0.00393, 0, 0, 0.09965, 0.01141, 0.00669, 0.00393, 0.00557, 0, 0, 0, 0, 0, 0, 0, 0], [0, 0, 0, 0, 0, 0, 0, 0, 0.23303, 0.05651, 0.03315, 0.01945, 0.0276, 0, 0, 0.1642, 0.03982, 0.02336, 0.0137, 0.01945, 0, 0, 0.09632, 0.02336, 0.0137, 0.00804, 0.01141, 0, 0, 0.05651, 0.0137, 0.00804, 0.00472, 0.00669, 0, 0, 0.0802, 0.01945, 0.01141, 0.00669, 0.0095, 0, 0, 0, 0, 0, 0, 0, 0], [0, 0, 0, 0, 0, 0, 0, 0, 0.13671, 0.09632, 0.05651, 0.03315, 0.04705, 0, 0, 0.09632, 0.06787, 0.03982, 0.02336, 0.03315, 0, 0, 0.05651, 0.03982, 0.02336, 0.0137, 0.01945, 0, 0, 0.03315, 0.02336, 0.0137, 0.00804, 0.01141, 0, 0, 0.04705, 0.03315, 0.01945, 0.01141, 0.01619, 0, 0, 0, 0, 0, 0, 0, 0], [0, 0, 0, 0, 0, 0, 0, 0, 0.0802, 0.05651, 0.09632, 0.05651, 0.0802, 0, 0, 0.05651, 0.03982, 0.06787, 0.03982, 0.05651, 0, 0, 0.03315, 0.02336, 0.03982, 0.02336, 0.03315, 0, 0, 0.01945, 0.0137, 0.02336, 0.0137, 0.01945, 0, 0, 0.0276, 0.01945, 0.03315, 0.01945, 0.0276, 0, 0, 0, 0, 0, 0, 0, 0], [0, 0, 0, 0, 0, 0, 0, 0, 0.04705, 0.03315, 0.05651, 0.09632, 0.13671, 0, 0, 0.03315, 0.02336, 0.03982, 0.06787, 0.09632, 0, 0, 0.01945, 0.0137, 0.02336, 0.03982, 0.05651, 0, 0, 0.01141, 0.00804, 0.0137, 0.02336, 0.03315, 0, 0, 0.01619, 0.01141, 0.01945, 0.03315, 0.04705, 0, 0, 0, 0, 0, 0, 0, 0], [0, 0, 0, 0, 0, 0, 0, 0, 0.0276, 0.01945, 0.03315, 0.05651, 0.23303, 0, 0, 0.01945, 0.0137, 0.02336, 0.03982, 0.1642, 0, 0, 0.01141, 0.00804, 0.0137, 0.02336, 0.09632, 0, 0, 0.00669, 0.00472, 0.00804, 0.0137, 0.05651, 0, 0, 0.0095, 0.00669, 0.01141, 0.01945, 0.0802, 0, 0, 0, 0, 0, 0, 0, 0], [0, 0, 0, 0, 0, 0, 0, 0, 0.01619, 0.01141, 0.01945, 0.03315, 0.28954, 0, 0, 0.01141, 0.00804, 0.0137, 0.02336, 0.20401, 0, 0, 0.00669, 0.00472, 0.00804, 0.0137, 0.11968, 0, 0, 0.00393, 0.00277, 0.00472, 0.00804, 0.07021, 0, 0, 0.00557, 0.00393, 0.00669, 0.01141, 0.09965, 0, 0, 0, 0, 0, 0, 0, 0], [0, 0, 0, 0, 0, 0, 0, 0, 0.16986, 0.01945, 0.01141, 0.00669, 0.0095, 0, 0, 0.11968, 0.0137, 0.00804, 0.00472, 0.00669, 0, 0, 0.20401, 0.02336, 0.0137, 0.00804, 0.01141, 0, 0, 0.11968, 0.0137, 0.00804, 0.00472, 0.00669, 0, 0, 0.16986, 0.01945, 0.01141, 0.00669, 0.0095, 0, 0, 0, 0, 0, 0, 0, 0], [0, 0, 0, 0, 0, 0, 0, 0, 0.13671, 0.03315, 0.01945, 0.01141, 0.01619, 0, 0, 0.09632, 0.02336, 0.0137, 0.00804, 0.01141, 0, 0, 0.1642, 0.03982, 0.02336, 0.0137, 0.01945, 0, 0, 0.09632, 0.02336, 0.0137, 0.00804, 0.01141, 0, 0, 0.13671, 0.03315, 0.01945, 0.01141, 0.01619, 0, 0, 0, 0, 0, 0, 0, 0], [0, 0, 0, 0, 0, 0, 0, 0, 0.0802, 0.05651, 0.03315, 0.01945, 0.0276, 0, 0, 0.05651, 0.03982, 0.02336, 0.0137, 0.01945, 0, 0, 0.09632, 0.06787, 0.03982, 0.02336, 0.03315, 0, 0, 0.05651, 0.03982, 0.02336, 0.0137, 0.01945, 0, 0, 0.0802, 0.05651, 0.03315, 0.01945, 0.0276, 0, 0, 0, 0, 0, 0, 0, 0], [0, 0, 0, 0, 0, 0, 0, 0, 0.04705, 0.03315, 0.05651, 0.03315, 0.04705, 0, 0, 0.03315, 0.02336, 0.03982, 0.02336, 0.03315, 0, 0, 0.05651, 0.03982, 0.06787, 0.03982, 0.05651, 0, 0, 0.03315, 0.02336, 0.03982, 0.02336, 0.03315, 0, 0, 0.04705, 0.03315, 0.05651, 0.03315, 0.04705, 0, 0, 0, 0, 0, 0, 0, 0], [0, 0, 0, 0, 0, 0, 0, 0, 0.0276, 0.01945, 0.03315, 0.05651, 0.0802, 0, 0, 0.01945, 0.0137, 0.02336, 0.03982, 0.05651, 0, 0, 0.03315, 0.02336, 0.03982, 0.06787, 0.09632, 0, 0, 0.01945, 0.0137, 0.02336, 0.03982, 0.05651, 0, 0, 0.0276, 0.01945, 0.03315, 0.05651, 0.0802, 0, 0, 0, 0, 0, 0, 0, 0], [0, 0, 0, 0, 0, 0, 0, 0, 0.01619, 0.01141, 0.01945, 0.03315, 0.13671, 0, 0, 0.01141, 0.00804, 0.0137, 0.02336, 0.09632, 0, 0, 0.01945, 0.0137, 0.02336, 0.03982, 0.1642, 0, 0, 0.01141, 0.00804, 0.0137, 0.02336, 0.09632, 0, 0, 0.01619, 0.01141, 0.01945, 0.03315, 0.13671, 0, 0, 0, 0, 0, 0, 0, 0], [0, 0, 0, 0, 0, 0, 0, 0, 0.0095, 0.00669, 0.01141, 0.01945, 0.16986, 0, 0, 0.00669, 0.00472, 0.00804, 0.0137, 0.11968, 0, 0, 0.01141, 0.00804, 0.0137, 0.02336, 0.20401, 0, 0, 0.00669, 0.00472, 0.00804, 0.0137, 0.11968, 0, 0, 0.0095, 0.00669, 0.01141, 0.01945, 0.16986, 0, 0, 0, 0, 0, 0, 0, 0], [0, 0, 0, 0, 0, 0, 0, 0, 0.09965, 0.01141, 0.00669, 0.00393, 0.00557, 0, 0, 0.07021, 0.00804, 0.00472, 0.00277, 0.00393, 0, 0, 0.11968, 0.0137, 0.00804, 0.00472, 0.00669, 0, 0, 0.20401, 0.02336, 0.0137, 0.00804, 0.01141, 0, 0, 0.28954, 0.03315, 0.01945, 0.01141, 0.01619, 0, 0, 0, 0, 0, 0, 0, 0], [0, 0, 0, 0, 0, 0, 0, 0, 0.0802, 0.01945, 0.01141, 0.00669, 0.0095, 0, 0, 0.05651, 0.0137, 0.00804, 0.00472, 0.00669, 0, 0, 0.09632, 0.02336, 0.0137, 0.00804, 0.01141, 0, 0, 0.1642, 0.03982, 0.02336, 0.0137, 0.01945, 0, 0, 0.23303, 0.05651, 0.03315, 0.01945, 0.0276, 0, 0, 0, 0, 0, 0, 0, 0], [0, 0, 0, 0, 0, 0, 0, 0, 0.04705, 0.03315, 0.01945, 0.01141, 0.01619, 0, 0, 0.03315, 0.02336, 0.0137, 0.00804, 0.01141, 0, 0, 0.05651, 0.03982, 0.02336, 0.0137, 0.01945, 0, 0, 0.09632, 0.06787, 0.03982, 0.02336, 0.03315, 0, 0, 0.13671, 0.09632, 0.05651, 0.03315, 0.04705, 0, 0, 0, 0, 0, 0, 0, 0], [0, 0, 0, 0, 0, 0, 0, 0, 0.0276, 0.01945, 0.03315, 0.01945, 0.0276, 0, 0, 0.01945, 0.0137, 0.02336, 0.0137, 0.01945, 0, 0, 0.03315, 0.02336, 0.03982, 0.02336, 0.03315, 0, 0, 0.05651, 0.03982, 0.06787, 0.03982, 0.05651, 0, 0, 0.0802, 0.05651, 0.09632, 0.05651, 0.0802, 0, 0, 0, 0, 0, 0, 0, 0], [0, 0, 0, 0, 0, 0, 0, 0, 0.01619, 0.01141, 0.01945, 0.03315, 0.04705, 0, 0, 0.01141, 0.00804, 0.0137, 0.02336, 0.03315, 0, 0, 0.01945, 0.0137, 0.02336, 0.03982, 0.05651, 0, 0, 0.03315, 0.02336, 0.03982, 0.06787, 0.09632, 0, 0, 0.04705, 0.03315, 0.05651, 0.09632, 0.13671, 0, 0, 0, 0, 0, 0, 0, 0], [0, 0, 0, 0, 0, 0, 0, 0, 0.0095, 0.00669, 0.01141, 0.01945, 0.0802, 0, 0, 0.00669, 0.00472, 0.00804, 0.0137, 0.05651, 0, 0, 0.01141, 0.00804, 0.0137, 0.02336, 0.09632, 0, 0, 0.01945, 0.0137, 0.02336, 0.03982, 0.1642, 0, 0, 0.0276, 0.01945, 0.03315, 0.05651, 0.23303, 0, 0, 0, 0, 0, 0, 0, 0], [0, 0, 0, 0, 0, 0, 0, 0, 0.00557, 0.00393, 0.00669, 0.01141, 0.09965, 0, 0, 0.00393, 0.00277, 0.00472, 0.00804, 0.07021, 0, 0, 0.00669, 0.00472, 0.00804, 0.0137, 0.11968, 0, 0, 0.01141, 0.00804, 0.0137, 0.02336, 0.20401, 0, 0, 0.01619, 0.01141, 0.01945, 0.03315, 0.28954, 0, 0, 0, 0, 0, 0, 0, 0], [0, 0, 0, 0, 0, 0, 0, 0, 0.05846, 0.00669, 0.00393, 0.0023, 0.00327, 0, 0, 0.04119, 0.00472, 0.00277, 0.00162, 0.0023, 0, 0, 0.07021, 0.00804, 0.00472, 0.00277, 0.00393, 0, 0, 0.11968, 0.0137, 0.00804, 0.00472, 0.00669, 0, 0, 0.49355, 0.05651, 0.03315, 0.01945, 0.0276, 0, 0, 0, 0, 0, 0, 0, 0], [0, 0, 0, 0, 0, 0, 0, 0, 0.04705, 0.01141, 0.00669, 0.00393, 0.00557, 0, 0, 0.03315, 0.00804, 0.00472, 0.00277, 0.00393, 0, 0, 0.05651, 0.0137, 0.00804, 0.00472, 0.00669, 0, 0, 0.09632, 0.02336, 0.0137, 0.00804, 0.01141, 0, 0, 0.39723, 0.09632, 0.05651, 0.03315, 0.04705, 0, 0, 0, 0, 0, 0, 0, 0], [0, 0, 0, 0, 0, 0, 0, 0, 0.0276, 0.01945, 0.01141, 0.00669, 0.0095, 0, 0, 0.01945, 0.0137, 0.00804, 0.00472, 0.00669, 0, 0, 0.03315, 0.02336, 0.0137, 0.00804, 0.01141, 0, 0, 0.05651, 0.03982, 0.02336, 0.0137, 0.01945, 0, 0, 0.23303, 0.1642, 0.09632, 0.05651, 0.0802, 0, 0, 0, 0, 0, 0, 0, 0], [0, 0, 0, 0, 0, 0, 0, 0, 0.01619, 0.01141, 0.01945, 0.01141, 0.01619, 0, 0, 0.01141, 0.00804, 0.0137, 0.00804, 0.01141, 0, 0, 0.01945, 0.0137, 0.02336, 0.0137, 0.01945, 0, 0, 0.03315, 0.02336, 0.03982, 0.02336, 0.03315, 0, 0, 0.13671, 0.09632, 0.1642, 0.09632, 0.13671, 0, 0, 0, 0, 0, 0, 0, 0], [0, 0, 0, 0, 0, 0, 0, 0, 0.0095, 0.00669, 0.01141, 0.01945, 0.0276, 0, 0, 0.00669, 0.00472, 0.00804, 0.0137, 0.01945, 0, 0, 0.01141, 0.00804, 0.0137, 0.02336, 0.03315, 0, 0, 0.01945, 0.0137, 0.02336, 0.03982, 0.05651, 0, 0, 0.0802, 0.05651, 0.09632, 0.1642, 0.23303, 0, 0, 0, 0, 0, 0, 0, 0], [0, 0, 0, 0, 0, 0, 0, 0, 0.00557, 0.00393, 0.00669, 0.01141, 0.04705, 0, 0, 0.00393, 0.00277, 0.00472, 0.00804, 0.03315, 0, 0, 0.00669, 0.00472, 0.00804, 0.0137, 0.05651, 0, 0, 0.01141, 0.00804, 0.0137, 0.02336, 0.09632, 0, 0, 0.04705, 0.03315, 0.05651, 0.09632, 0.39723, 0, 0, 0, 0, 0, 0, 0, 0], [0, 0, 0, 0, 0, 0, 0, 0, 0.00327, 0.0023, 0.00393, 0.00669, 0.05846, 0, 0, 0.0023, 0.00162, 0.00277, 0.00472, 0.04119, 0, 0, 0.00393, 0.00277, 0.00472, 0.00804, 0.07021, 0, 0, 0.00669, 0.00472, 0.00804, 0.0137, 0.11968, 0, 0, 0.0276, 0.01945, 0.03315, 0.05651, 0.49355, 0, 0, 0, 0, 0, 0, 0, 0], [0, 0, 0, 0, 0, 0, 0, 0, 0.03429, 0.00393, 0.0023, 0.00135, 0.00192, 0, 0, 0.02416, 0.00277, 0.00162, 0.00095, 0.00135, 0, 0, 0.04119, 0.00472, 0.00277, 0.00162, 0.0023, 0, 0, 0.07021, 0.00804, 0.00472, 0.00277, 0.00393, 0, 0, 0.61324, 0.07021, 0.04119, 0.02416, 0.03429, 0, 0, 0, 0, 0, 0, 0, 0], [0, 0, 0, 0, 0, 0, 0, 0, 0.0276, 0.00669, 0.00393, 0.0023, 0.00327, 0, 0, 0.01945, 0.00472, 0.00277, 0.00162, 0.0023, 0, 0, 0.03315, 0.00804, 0.00472, 0.00277, 0.00393, 0, 0, 0.05651, 0.0137, 0.00804, 0.00472, 0.00669, 0, 0, 0.49355, 0.11968, 0.07021, 0.04119, 0.05846, 0, 0, 0, 0, 0, 0, 0, 0], [0, 0, 0, 0, 0, 0, 0, 0, 0.01619, 0.01141, 0.00669, 0.00393, 0.00557, 0, 0, 0.01141, 0.00804, 0.00472, 0.00277, 0.00393, 0, 0, 0.01945, 0.0137, 0.00804, 0.00472, 0.00669, 0, 0, 0.03315, 0.02336, 0.0137, 0.00804, 0.01141, 0, 0, 0.28954, 0.20401, 0.11968, 0.07021, 0.09965, 0, 0, 0, 0, 0, 0, 0, 0], [0, 0, 0, 0, 0, 0, 0, 0, 0.0095, 0.00669, 0.01141, 0.00669, 0.0095, 0, 0, 0.00669, 0.00472, 0.00804, 0.00472, 0.00669, 0, 0, 0.01141, 0.00804, 0.0137, 0.00804, 0.01141, 0, 0, 0.01945, 0.0137, 0.02336, 0.0137, 0.01945, 0, 0, 0.16986, 0.11968, 0.20401, 0.11968, 0.16986, 0, 0, 0, 0, 0, 0, 0, 0], [0, 0, 0, 0, 0, 0, 0, 0, 0.00557, 0.00393, 0.00669, 0.01141, 0.01619, 0, 0, 0.00393, 0.00277, 0.00472, 0.00804, 0.01141, 0, 0, 0.00669, 0.00472, 0.00804, 0.0137, 0.01945, 0, 0, 0.01141, 0.00804, 0.0137, 0.02336, 0.03315, 0, 0, 0.09965, 0.07021, 0.11968, 0.20401, 0.28954, 0, 0, 0, 0, 0, 0, 0, 0], [0, 0, 0, 0, 0, 0, 0, 0, 0.00327, 0.0023, 0.00393, 0.00669, 0.0276, 0, 0, 0.0023, 0.00162, 0.00277, 0.00472, 0.01945, 0, 0, 0.00393, 0.00277, 0.00472, 0.00804, 0.03315, 0, 0, 0.00669, 0.00472, 0.00804, 0.0137, 0.05651, 0, 0, 0.05846, 0.04119, 0.07021, 0.11968, 0.49355, 0, 0, 0, 0, 0, 0, 0, 0], [0, 0, 0, 0, 0, 0, 0, 0, 0.00192, 0.00135, 0.0023, 0.00393, 0.03429, 0, 0, 0.00135, 0.00095, 0.00162, 0.00277, 0.02416, 0, 0, 0.0023, 0.00162, 0.00277, 0.00472, 0.04119, 0, 0, 0.00393, 0.00277, 0.00472, 0.00804, 0.07021, 0, 0, 0.03429, 0.02416, 0.04119, 0.07021, 0.61324, 0, 0, 0, 0, 0, 0, 0, 0]]