[[0.32641, 0.20028, 0.02066, 0.01808, 0.00796, 0.20028, 0.04937, 0.03713, 0.00771, 0.00488, 0.02066, 0.03713, 0.00858, 0.00468, 0.00151, 0.01808, 0.00771, 0.00468, 0.0036, 0.00228, 0.00796, 0.00488, 0.00151, 0.00228, 0.00173], [0.12897, 0.29308, 0.05228, 0.04575, 0.02013, 0.07913, 0.12494, 0.09396, 0.01951, 0.01235, 0.01412, 0.02537, 0.01256, 0.01185, 0.00381, 0.01235, 0.01128, 0.00685, 0.00527, 0.00577, 0.00544, 0.00714, 0.0022, 0.00334, 0.00254], [0.05096, 0.1158, 0.13232, 0.1158, 0.05096, 0.03127, 0.04937, 0.2378, 0.04937, 0.03127, 0.00965, 0.01734, 0.01838, 0.01734, 0.00965, 0.00844, 0.00771, 0.01002, 0.00771, 0.00844, 0.00372, 0.00488, 0.00322, 0.00488, 0.00372], [0.02013, 0.04575, 0.05228, 0.29308, 0.12897, 0.01235, 0.01951, 0.09396, 0.12494, 0.07913, 0.00381, 0.01185, 0.01256, 0.02537, 0.01412, 0.00577, 0.00527, 0.00685, 0.01128, 0.01235, 0.00254, 0.00334, 0.0022, 0.00714, 0.00544], [0.00796, 0.01808, 0.02066, 0.20028, 0.32641, 0.00488, 0.00771, 0.03713, 0.04937, 0.20028, 0.00151, 0.00468, 0.00858, 0.03713, 0.02066, 0.00228, 0.0036, 0.00468, 0.00771, 0.01808, 0.00173, 0.00228, 0.00151, 0.00488, 0.00796], [0.12897, 0.07913, 0.01412, 0.01235, 0.00544, 0.29308, 0.12494, 0.02537, 0.01128, 0.00714, 0.05228, 0.09396, 0.01256, 0.00685, 0.0022, 0.04575, 0.01951, 0.01185, 0.00527, 0.00334, 0.02013, 0.01235, 0.00381, 0.00577, 0.00254], [0.08813, 0.1158, 0.03573, 0.03127, 0.01376, 0.1158, 0.18283, 0.06421, 0.02854, 0.01808, 0.03573, 0.06421, 0.03179, 0.01734, 0.00558, 0.03127, 0.02854, 0.01734, 0.01333, 0.00844, 0.01376, 0.01808, 0.00558, 0.00844, 0.00643], [0.03482, 0.07913, 0.05228, 0.07913, 0.03482, 0.04575, 0.07224, 0.16251, 0.07224, 0.04575, 0.01412, 0.04388, 0.04652, 0.04388, 0.01412, 0.02137, 0.01951, 0.02537, 0.01951, 0.02137, 0.0094, 0.01235, 0.00816, 0.01235, 0.0094], [0.01376, 0.03127, 0.03573, 0.1158, 0.08813, 0.01808, 0.02854, 0.06421, 0.18283, 0.1158, 0.00558, 0.01734, 0.03179, 0.06421, 0.03573, 0.00844, 0.01333, 0.01734, 0.02854, 0.03127, 0.00643, 0.00844, 0.00558, 0.01808, 0.01376], [0.00544, 0.01235, 0.01412, 0.07913, 0.12897, 0.00714, 0.01128, 0.02537, 0.12494, 0.29308, 0.0022, 0.00685, 0.01256, 0.09396, 0.05228, 0.00334, 0.00527, 0.01185, 0.01951, 0.04575, 0.00254, 0.00577, 0.00381, 0.01235, 0.02013], [0.05096, 0.03127, 0.00965, 0.00844, 0.00372, 0.1158, 0.04937, 0.01734, 0.00771, 0.00488, 0.13232, 0.2378, 0.01838, 0.01002, 0.00322, 0.1158, 0.04937, 0.01734, 0.00771, 0.00488, 0.05096, 0.03127, 0.00965, 0.00844, 0.00372], [0.03482, 0.04575, 0.01412, 0.02137, 0.0094, 0.07913, 0.07224, 0.04388, 0.01951, 0.01235, 0.05228, 0.16251, 0.04652, 0.02537, 0.00816, 0.07913, 0.07224, 0.04388, 0.01951, 0.01235, 0.03482, 0.04575, 0.01412, 0.02137, 0.0094], [0.0238, 0.03127, 0.02066, 0.03127, 0.0238, 0.03127, 0.04937, 0.06421, 0.04937, 0.03127, 0.02066, 0.06421, 0.11773, 0.06421, 0.02066, 0.03127, 0.04937, 0.06421, 0.04937, 0.03127, 0.0238, 0.03127, 0.02066, 0.03127, 0.0238], [0.0094, 0.02137, 0.01412, 0.04575, 0.03482, 0.01235, 0.01951, 0.04388, 0.07224, 0.07913, 0.00816, 0.02537, 0.04652, 0.16251, 0.05228, 0.01235, 0.01951, 0.04388, 0.07224, 0.07913, 0.0094, 0.02137, 0.01412, 0.04575, 0.03482], [0.00372, 0.00844, 0.00965, 0.03127, 0.05096, 0.00488, 0.00771, 0.01734, 0.04937, 0.1158, 0.00322, 0.01002, 0.01838, 0.2378, 0.13232, 0.00488, 0.00771, 0.01734, 0.04937, 0.1158, 0.00372, 0.00844, 0.00965, 0.03127, 0.05096], [0.02013, 0.01235, 0.00381, 0.00577, 0.00254, 0.04575, 0.01951, 0.01185, 0.00527, 0.00334, 0.05228, 0.09396, 0.01256, 0.00685, 0.0022, 0.29308, 0.12494, 0.02537, 0.01128, 0.00714, 0.12897, 0.07913, 0.01412, 0.01235, 0.00544], [0.01376, 0.01808, 0.00558, 0.00844, 0.00643, 0.03127, 0.02854, 0.01734, 0.01333, 0.00844, 0.03573, 0.06421, 0.03179, 0.01734, 0.00558, 0.1158, 0.18283, 0.06421, 0.02854, 0.01808, 0.08813, 0.1158, 0.03573, 0.03127, 0.01376], [0.0094, 0.01235, 0.00816, 0.01235, 0.0094, 0.02137, 0.01951, 0.02537, 0.01951, 0.02137, 0.01412, 0.04388, 0.04652, 0.04388, 0.01412, 0.04575, 0.07224, 0.16251, 0.07224, 0.04575, 0.03482, 0.07913, 0.05228, 0.07913, 0.03482], [0.00643, 0.00844, 0.00558, 0.01808, 0.01376, 0.00844, 0.01333, 0.01734, 0.02854, 0.03127, 0.00558, 0.01734, 0.03179, 0.06421, 0.03573, 0.01808, 0.02854, 0.06421, 0.18283, 0.1158, 0.01376, 0.03127, 0.03573, 0.1158, 0.08813], [0.00254, 0.00577, 0.00381, 0.01235, 0.02013, 0.00334, 0.00527, 0.01185, 0.01951, 0.04575, 0.0022, 0.00685, 0.01256, 0.09396, 0.05228, 0.00714, 0.01128, 0.02537, 0.12494, 0.29308, 0.00544, 0.01235, 0.01412, 0.07913, 0.12897], [0.00796, 0.00488, 0.00151, 0.00228, 0.00173, 0.01808, 0.00771, 0.00468, 0.0036, 0.00228, 0.02066, 0.03713, 0.00858, 0.00468, 0.00151, 0.20028, 0.04937, 0.03713, 0.00771, 0.00488, 0.32641, 0.20028, 0.02066, 0.01808, 0.00796], [0.00544, 0.00714, 0.0022, 0.00334, 0.00254, 0.01235, 0.01128, 0.00685, 0.00527, 0.00577, 0.01412, 0.02537, 0.01256, 0.01185, 0.00381, 0.07913, 0.12494, 0.09396, 0.01951, 0.01235, 0.12897, 0.29308, 0.05228, 0.04575, 0.02013], [0.00372, 0.00488, 0.00322, 0.00488, 0.00372, 0.00844, 0.00771, 0.01002, 0.00771, 0.00844, 0.00965, 0.01734, 0.01838, 0.01734, 0.00965, 0.03127, 0.04937, 0.2378, 0.04937, 0.03127, 0.05096, 0.1158, 0.13232, 0.1158, 0.05096], [0.00254, 0.00334, 0.0022, 0.00714, 0.00544, 0.00577, 0.00527, 0.00685, 0.01128, 0.01235, 0.00381, 0.01185, 0.01256, 0.02537, 0.01412, 0.01235, 0.01951, 0.09396, 0.12494, 0.07913, 0.02013, 0.04575, 0.05228, 0.29308, 0.12897], [0.00173, 0.00228, 0.00151, 0.00488, 0.00796, 0.00228, 0.0036, 0.00468, 0.00771, 0.01808, 0.00151, 0.00468, 0.00858, 0.03713, 0.02066, 0.00488, 0.00771, 0.03713, 0.04937, 0.20028, 0.00796, 0.01808, 0.02066, 0.20028, 0.32641]]