[[0.59063, 0.12431, 0.03744, 0.01128, 0.0034, 0.00102, 0.00044, 0.12431, 0.02617, 0.00788, 0.00237, 0.00071, 0.00022, 9e-05, 0.03744, 0.00788, 0.00237, 0.00071, 0.00022, 6e-05, 3e-05, 0.01128, 0.00237, 0.00071, 0.00022, 6e-05, 2e-05, 0, 0.0034, 0.00071, 0.00022, 6e-05, 2e-05, 0, 0, 0.00102, 0.00022, 6e-05, 2e-05, 0, 0, 0, 0.00044, 9e-05, 3e-05, 0, 0, 0, 0], [0.17789, 0.41274, 0.12431, 0.03744, 0.01128, 0.0034, 0.00146, 0.03744, 0.08687, 0.02617, 0.00788, 0.00237, 0.00071, 0.00031, 0.01128, 0.02617, 0.00788, 0.00237, 0.00071, 0.00022, 9e-05, 0.0034, 0.00788, 0.00237, 0.00071, 0.00022, 6e-05, 3e-05, 0.00102, 0.00237, 0.00071, 0.00022, 6e-05, 2e-05, 0, 0.00031, 0.00071, 0.00022, 6e-05, 2e-05, 0, 0, 0.00013, 0.00031, 9e-05, 3e-05, 0, 0, 0], [0.05358, 0.12431, 0.41274, 0.12431, 0.03744, 0.01128, 0.00486, 0.01128, 0.02617, 0.08687, 0.02617, 0.00788, 0.00237, 0.00102, 0.0034, 0.00788, 0.02617, 0.00788, 0.00237, 0.00071, 0.00031, 0.00102, 0.00237, 0.00788, 0.00237, 0.00071, 0.00022, 9e-05, 0.00031, 0.00071, 0.00237, 0.00071, 0.00022, 6e-05, 3e-05, 9e-05, 0.00022, 0.00071, 0.00022, 6e-05, 2e-05, 0, 4e-05, 9e-05, 0.00031, 9e-05, 3e-05, 0, 0], [0.01614, 0.03744, 0.12431, 0.41274, 0.12431, 0.03744, 0.01614, 0.0034, 0.00788, 0.02617, 0.08687, 0.02617, 0.00788, 0.0034, 0.00102, 0.00237, 0.00788, 0.02617, 0.00788, 0.00237, 0.00102, 0.00031, 0.00071, 0.00237, 0.00788, 0.00237, 0.00071, 0.00031, 9e-05, 0.00022, 0.00071, 0.00237, 0.00071, 0.00022, 9e-05, 3e-05, 6e-05, 0.00022, 0.00071, 0.00022, 6e-05, 3e-05, 1e-05, 3e-05, 9e-05, 0.00031, 9e-05, 3e-05, 1e-05], [0.00486, 0.01128, 0.03744, 0.12431, 0.41274, 0.12431, 0.05358, 0.00102, 0.00237, 0.00788, 0.02617, 0.08687, 0.02617, 0.01128, 0.00031, 0.00071, 0.00237, 0.00788, 0.02617, 0.00788, 0.0034, 9e-05, 0.00022, 0.00071, 0.00237, 0.00788, 0.00237, 0.00102, 3e-05, 6e-05, 0.00022, 0.00071, 0.00237, 0.00071, 0.00031, 0, 2e-05, 6e-05, 0.00022, 0.00071, 0.00022, 9e-05, 0, 0, 3e-05, 9e-05, 0.00031, 9e-05, 4e-05], [0.00146, 0.0034, 0.01128, 0.03744, 0.12431, 0.41274, 0.17789, 0.00031, 0.00071, 0.00237, 0.00788, 0.02617, 0.08687, 0.03744, 9e-05, 0.00022, 0.00071, 0.00237, 0.00788, 0.02617, 0.01128, 3e-05, 6e-05, 0.00022, 0.00071, 0.00237, 0.00788, 0.0034, 0, 2e-05, 6e-05, 0.00022, 0.00071, 0.00237, 0.00102, 0, 0, 2e-05, 6e-05, 0.00022, 0.00071, 0.00031, 0, 0, 0, 3e-05, 9e-05, 0.00031, 0.00013], [0.00044, 0.00102, 0.0034, 0.01128, 0.03744, 0.12431, 0.59063, 9e-05, 0.00022, 0.00071, 0.00237, 0.00788, 0.02617, 0.12431, 3e-05, 6e-05, 0.00022, 0.00071, 0.00237, 0.00788, 0.03744, 0, 2e-05, 6e-05, 0.00022, 0.00071, 0.00237, 0.01128, 0, 0, 2e-05, 6e-05, 0.00022, 0.00071, 0.0034, 0, 0, 0, 2e-05, 6e-05, 0.00022, 0.00102, 0, 0, 0, 0, 3e-05, 9e-05, 0.00044], [0.17789, 0.03744, 0.01128, 0.0034, 0.00102, 0.00031, 0.00013, 0.41274, 0.08687, 0.02617, 0.00788, 0.00237, 0.00071, 0.00031, 0.12431, 0.02617, 0.00788, 0.00237, 0.00071, 0.00022, 9e-05, 0.03744, 0.00788, 0.00237, 0.00071, 0.00022, 6e-05, 3e-05, 0.01128, 0.00237, 0.00071, 0.00022, 6e-05, 2e-05, 0, 0.0034, 0.00071, 0.00022, 6e-05, 2e-05, 0, 0, 0.00146, 0.00031, 9e-05, 3e-05, 0, 0, 0], [0.05358, 0.12431, 0.03744, 0.01128, 0.0034, 0.00102, 0.00044, 0.12431, 0.28842, 0.08687, 0.02617, 0.00788, 0.00237, 0.00102, 0.03744, 0.08687, 0.02617, 0.00788, 0.00237, 0.00071, 0.00031, 0.01128, 0.02617, 0.00788, 0.00237, 0.00071, 0.00022, 9e-05, 0.0034, 0.00788, 0.00237, 0.00071, 0.00022, 6e-05, 3e-05, 0.00102, 0.00237, 0.00071, 0.00022, 6e-05, 2e-05, 0, 0.00044, 0.00102, 0.00031, 9e-05, 3e-05, 0, 0], [0.01614, 0.03744, 0.12431, 0.03744, 0.01128, 0.0034, 0.00146, 0.03744, 0.08687, 0.28842, 0.08687, 0.02617, 0.00788, 0.0034, 0.01128, 0.02617, 0.08687, 0.02617, 0.00788, 0.00237, 0.00102, 0.0034, 0.00788, 0.02617, 0.00788, 0.00237, 0.00071, 0.00031, 0.00102, 0.00237, 0.00788, 0.00237, 0.00071, 0.00022, 9e-05, 0.00031, 0.00071, 0.00237, 0.00071, 0.00022, 6e-05, 3e-05, 0.00013, 0.00031, 0.00102, 0.00031, 9e-05, 3e-05, 1e-05], [0.00486, 0.01128, 0.03744, 0.12431, 0.03744, 0.01128, 0.00486, 0.01128, 0.02617, 0.08687, 0.28842, 0.08687, 0.02617, 0.01128, 0.0034, 0.00788, 0.02617, 0.08687, 0.02617, 0.00788, 0.0034, 0.00102, 0.00237, 0.00788, 0.02617, 0.00788, 0.00237, 0.00102, 0.00031, 0.00071, 0.00237, 0.00788, 0.00237, 0.00071, 0.00031, 9e-05, 0.00022, 0.00071, 0.00237, 0.00071, 0.00022, 9e-05, 4e-05, 9e-05, 0.00031, 0.00102, 0.00031, 9e-05, 4e-05], [0.00146, 0.0034, 0.01128, 0.03744, 0.12431, 0.03744, 0.01614, 0.0034, 0.00788, 0.02617, 0.08687, 0.28842, 0.08687, 0.03744, 0.00102, 0.00237, 0.00788, 0.02617, 0.08687, 0.02617, 0.01128, 0.00031, 0.00071, 0.00237, 0.00788, 0.02617, 0.00788, 0.0034, 9e-05, 0.00022, 0.00071, 0.00237, 0.00788, 0.00237, 0.00102, 3e-05, 6e-05, 0.00022, 0.00071, 0.00237, 0.00071, 0.00031, 1e-05, 3e-05, 9e-05, 0.00031, 0.00102, 0.00031, 0.00013], [0.00044, 0.00102, 0.0034, 0.01128, 0.03744, 0.12431, 0.05358, 0.00102, 0.00237, 0.00788, 0.02617, 0.08687, 0.28842, 0.12431, 0.00031, 0.00071, 0.00237, 0.00788, 0.02617, 0.08687, 0.03744, 9e-05, 0.00022, 0.00071, 0.00237, 0.00788, 0.02617, 0.01128, 3e-05, 6e-05, 0.00022, 0.00071, 0.00237, 0.00788, 0.0034, 0, 2e-05, 6e-05, 0.00022, 0.00071, 0.00237, 0.00102, 0, 0, 3e-05, 9e-05, 0.00031, 0.00102, 0.00044], [0.00013, 0.00031, 0.00102, 0.0034, 0.01128, 0.03744, 0.17789, 0.00031, 0.00071, 0.00237, 0.00788, 0.02617, 0.08687, 0.41274, 9e-05, 0.00022, 0.00071, 0.00237, 0.00788, 0.02617, 0.12431, 3e-05, 6e-05, 0.00022, 0.00071, 0.00237, 0.00788, 0.03744, 0, 2e-05, 6e-05, 0.00022, 0.00071, 0.00237, 0.01128, 0, 0, 2e-05, 6e-05, 0.00022, 0.00071, 0.0034, 0, 0, 0, 3e-05, 9e-05, 0.00031, 0.00146], [0.05358, 0.01128, 0.0034, 0.00102, 0.00031, 9e-05, 4e-05, 0.12431, 0.02617, 0.00788, 0.00237, 0.00071, 0.00022, 9e-05, 0.41274, 0.08687, 0.02617, 0.00788, 0.00237, 0.00071, 0.00031, 0.12431, 0.02617, 0.00788, 0.00237, 0.00071, 0.00022, 9e-05, 0.03744, 0.00788, 0.00237, 0.00071, 0.00022, 6e-05, 3e-05, 0.01128, 0.00237, 0.00071, 0.00022, 6e-05, 2e-05, 0, 0.00486, 0.00102, 0.00031, 9e-05, 3e-05, 0, 0], [0.01614, 0.03744, 0.01128, 0.0034, 0.00102, 0.00031, 0.00013, 0.03744, 0.08687, 0.02617, 0.00788, 0.00237, 0.00071, 0.00031, 0.12431, 0.28842, 0.08687, 0.02617, 0.00788, 0.00237, 0.00102, 0.03744, 0.08687, 0.02617, 0.00788, 0.00237, 0.00071, 0.00031, 0.01128, 0.02617, 0.00788, 0.00237, 0.00071, 0.00022, 9e-05, 0.0034, 0.00788, 0.00237, 0.00071, 0.00022, 6e-05, 3e-05, 0.00146, 0.0034, 0.00102, 0.00031, 9e-05, 3e-05, 1e-05], [0.00486, 0.01128, 0.03744, 0.01128, 0.0034, 0.00102, 0.00044, 0.01128, 0.02617, 0.08687, 0.02617, 0.00788, 0.00237, 0.00102, 0.03744, 0.08687, 0.28842, 0.08687, 0.02617, 0.00788, 0.0034, 0.01128, 0.02617, 0.08687, 0.02617, 0.00788, 0.00237, 0.00102, 0.0034, 0.00788, 0.02617, 0.00788, 0.00237, 0.00071, 0.00031, 0.00102, 0.00237, 0.00788, 0.00237, 0.00071, 0.00022, 9e-05, 0.00044, 0.00102, 0.0034, 0.00102, 0.00031, 9e-05, 4e-05], [0.00146, 0.0034, 0.01128, 0.03744, 0.01128, 0.0034, 0.00146, 0.0034, 0.00788, 0.02617, 0.08687, 0.02617, 0.00788, 0.0034, 0.01128, 0.02617, 0.08687, 0.28842, 0.08687, 0.02617, 0.01128, 0.0034, 0.00788, 0.02617, 0.08687, 0.02617, 0.00788, 0.0034, 0.00102, 0.00237, 0.00788, 0.02617, 0.00788, 0.00237, 0.00102, 0.00031, 0.00071, 0.00237, 0.00788, 0.00237, 0.00071, 0.00031, 0.00013, 0.00031, 0.00102, 0.0034, 0.00102, 0.00031, 0.00013], [0.00044, 0.00102, 0.0034, 0.01128, 0.03744, 0.01128, 0.00486, 0.00102, 0.00237, 0.00788, 0.02617, 0.08687, 0.02617, 0.01128, 0.0034, 0.00788, 0.02617, 0.08687, 0.28842, 0.08687, 0.03744, 0.00102, 0.00237, 0.00788, 0.02617, 0.08687, 0.02617, 0.01128, 0.00031, 0.00071, 0.00237, 0.00788, 0.02617, 0.00788, 0.0034, 9e-05, 0.00022, 0.00071, 0.00237, 0.00788, 0.00237, 0.00102, 4e-05, 9e-05, 0.00031, 0.00102, 0.0034, 0.00102, 0.00044], [0.00013, 0.00031, 0.00102, 0.0034, 0.01128, 0.03744, 0.01614, 0.00031, 0.00071, 0.00237, 0.00788, 0.02617, 0.08687, 0.03744, 0.00102, 0.00237, 0.00788, 0.02617, 0.08687, 0.28842, 0.12431, 0.00031, 0.00071, 0.00237, 0.00788, 0.02617, 0.08687, 0.03744, 9e-05, 0.00022, 0.00071, 0.00237, 0.00788, 0.02617, 0.01128, 3e-05, 6e-05, 0.00022, 0.00071, 0.00237, 0.00788, 0.0034, 1e-05, 3e-05, 9e-05, 0.00031, 0.00102, 0.0034, 0.00146], [4e-05, 9e-05, 0.00031, 0.00102, 0.0034, 0.01128, 0.05358, 9e-05, 0.00022, 0.00071, 0.00237, 0.00788, 0.02617, 0.12431, 0.00031, 0.00071, 0.00237, 0.00788, 0.02617, 0.08687, 0.41274, 9e-05, 0.00022, 0.00071, 0.00237, 0.00788, 0.02617, 0.12431, 3e-05, 6e-05, 0.00022, 0.00071, 0.00237, 0.00788, 0.03744, 0, 2e-05, 6e-05, 0.00022, 0.00071, 0.00237, 0.01128, 0, 0, 3e-05, 9e-05, 0.00031, 0.00102, 0.00486], [0.01614, 0.0034, 0.00102, 0.00031, 9e-05, 3e-05, 1e-05, 0.03744, 0.00788, 0.00237, 0.00071, 0.00022, 6e-05, 3e-05, 0.12431, 0.02617, 0.00788, 0.00237, 0.00071, 0.00022, 9e-05, 0.41274, 0.08687, 0.02617, 0.00788, 0.00237, 0.00071, 0.00031, 0.12431, 0.02617, 0.00788, 0.00237, 0.00071, 0.00022, 9e-05, 0.03744, 0.00788, 0.00237, 0.00071, 0.00022, 6e-05, 3e-05, 0.01614, 0.0034, 0.00102, 0.00031, 9e-05, 3e-05, 1e-05], [0.00486, 0.01128, 0.0034, 0.00102, 0.00031, 9e-05, 4e-05, 0.01128, 0.02617, 0.00788, 0.00237, 0.00071, 0.00022, 9e-05, 0.03744, 0.08687, 0.02617, 0.00788, 0.00237, 0.00071, 0.00031, 0.12431, 0.28842, 0.08687, 0.02617, 0.00788, 0.00237, 0.00102, 0.03744, 0.08687, 0.02617, 0.00788, 0.00237, 0.00071, 0.00031, 0.01128, 0.02617, 0.00788, 0.00237, 0.00071, 0.00022, 9e-05, 0.00486, 0.01128, 0.0034, 0.00102, 0.00031, 9e-05, 4e-05], [0.00146, 0.0034, 0.01128, 0.0034, 0.00102, 0.00031, 0.00013, 0.0034, 0.00788, 0.02617, 0.00788, 0.00237, 0.00071, 0.00031, 0.01128, 0.02617, 0.08687, 0.02617, 0.00788, 0.00237, 0.00102, 0.03744, 0.08687, 0.28842, 0.08687, 0.02617, 0.00788, 0.0034, 0.01128, 0.02617, 0.08687, 0.02617, 0.00788, 0.00237, 0.00102, 0.0034, 0.00788, 0.02617, 0.00788, 0.00237, 0.00071, 0.00031, 0.00146, 0.0034, 0.01128, 0.0034, 0.00102, 0.00031, 0.00013], [0.00044, 0.00102, 0.0034, 0.01128, 0.0034, 0.00102, 0.00044, 0.00102, 0.00237, 0.00788, 0.02617, 0.00788, 0.00237, 0.00102, 0.0034, 0.00788, 0.02617, 0.08687, 0.02617, 0.00788, 0.0034, 0.01128, 0.02617, 0.08687, 0.28842, 0.08687, 0.02617, 0.01128, 0.0034, 0.00788, 0.02617, 0.08687, 0.02617, 0.00788, 0.0034, 0.00102, 0.00237, 0.00788, 0.02617, 0.00788, 0.00237, 0.00102, 0.00044, 0.00102, 0.0034, 0.01128, 0.0034, 0.00102, 0.00044], [0.00013, 0.00031, 0.00102, 0.0034, 0.01128, 0.0034, 0.00146, 0.00031, 0.00071, 0.00237, 0.00788, 0.02617, 0.00788, 0.0034, 0.00102, 0.00237, 0.00788, 0.02617, 0.08687, 0.02617, 0.01128, 0.0034, 0.00788, 0.02617, 0.08687, 0.28842, 0.08687, 0.03744, 0.00102, 0.00237, 0.00788, 0.02617, 0.08687, 0.02617, 0.01128, 0.00031, 0.00071, 0.00237, 0.00788, 0.02617, 0.00788, 0.0034, 0.00013, 0.00031, 0.00102, 0.0034, 0.01128, 0.0034, 0.00146], [4e-05, 9e-05, 0.00031, 0.00102, 0.0034, 0.01128, 0.00486, 9e-05, 0.00022, 0.00071, 0.00237, 0.00788, 0.02617, 0.01128, 0.00031, 0.00071, 0.00237, 0.00788, 0.02617, 0.08687, 0.03744, 0.00102, 0.00237, 0.00788, 0.02617, 0.08687, 0.28842, 0.12431, 0.00031, 0.00071, 0.00237, 0.00788, 0.02617, 0.08687, 0.03744, 9e-05, 0.00022, 0.00071, 0.00237, 0.00788, 0.02617, 0.01128, 4e-05, 9e-05, 0.00031, 0.00102, 0.0034, 0.01128, 0.00486], [1e-05, 3e-05, 9e-05, 0.00031, 0.00102, 0.0034, 0.01614, 3e-05, 6e-05, 0.00022, 0.00071, 0.00237, 0.00788, 0.03744, 9e-05, 0.00022, 0.00071, 0.00237, 0.00788, 0.02617, 0.12431, 0.00031, 0.00071, 0.00237, 0.00788, 0.02617, 0.08687, 0.41274, 9e-05, 0.00022, 0.00071, 0.00237, 0.00788, 0.02617, 0.12431, 3e-05, 6e-05, 0.00022, 0.00071, 0.00237, 0.00788, 0.03744, 1e-05, 3e-05, 9e-05, 0.00031, 0.00102, 0.0034, 0.01614], [0.00486, 0.00102, 0.00031, 9e-05, 3e-05, 0, 0, 0.01128, 0.00237, 0.00071, 0.00022, 6e-05, 2e-05, 0, 0.03744, 0.00788, 0.00237, 0.00071, 0.00022, 6e-05, 3e-05, 0.12431, 0.02617, 0.00788, 0.00237, 0.00071, 0.00022, 9e-05, 0.41274, 0.08687, 0.02617, 0.00788, 0.00237, 0.00071, 0.00031, 0.12431, 0.02617, 0.00788, 0.00237, 0.00071, 0.00022, 9e-05, 0.05358, 0.01128, 0.0034, 0.00102, 0.00031, 9e-05, 4e-05], [0.00146, 0.0034, 0.00102, 0.00031, 9e-05, 3e-05, 1e-05, 0.0034, 0.00788, 0.00237, 0.00071, 0.00022, 6e-05, 3e-05, 0.01128, 0.02617, 0.00788, 0.00237, 0.00071, 0.00022, 9e-05, 0.03744, 0.08687, 0.02617, 0.00788, 0.00237, 0.00071, 0.00031, 0.12431, 0.28842, 0.08687, 0.02617, 0.00788, 0.00237, 0.00102, 0.03744, 0.08687, 0.02617, 0.00788, 0.00237, 0.00071, 0.00031, 0.01614, 0.03744, 0.01128, 0.0034, 0.00102, 0.00031, 0.00013], [0.00044, 0.00102, 0.0034, 0.00102, 0.00031, 9e-05, 4e-05, 0.00102, 0.00237, 0.00788, 0.00237, 0.00071, 0.00022, 9e-05, 0.0034, 0.00788, 0.02617, 0.00788, 0.00237, 0.00071, 0.00031, 0.01128, 0.02617, 0.08687, 0.02617, 0.00788, 0.00237, 0.00102, 0.03744, 0.08687, 0.28842, 0.08687, 0.02617, 0.00788, 0.0034, 0.01128, 0.02617, 0.08687, 0.02617, 0.00788, 0.00237, 0.00102, 0.00486, 0.01128, 0.03744, 0.01128, 0.0034, 0.00102, 0.00044], [0.00013, 0.00031, 0.00102, 0.0034, 0.00102, 0.00031, 0.00013, 0.00031, 0.00071, 0.00237, 0.00788, 0.00237, 0.00071, 0.00031, 0.00102, 0.00237, 0.00788, 0.02617, 0.00788, 0.00237, 0.00102, 0.0034, 0.00788, 0.02617, 0.08687, 0.02617, 0.00788, 0.0034, 0.01128, 0.02617, 0.08687, 0.28842, 0.08687, 0.02617, 0.01128, 0.0034, 0.00788, 0.02617, 0.08687, 0.02617, 0.00788, 0.0034, 0.00146, 0.0034, 0.01128, 0.03744, 0.01128, 0.0034, 0.00146], [4e-05, 9e-05, 0.00031, 0.00102, 0.0034, 0.00102, 0.00044, 9e-05, 0.00022, 0.00071, 0.00237, 0.00788, 0.00237, 0.00102, 0.00031, 0.00071, 0.00237, 0.00788, 0.02617, 0.00788, 0.0034, 0.00102, 0.00237, 0.00788, 0.02617, 0.08687, 0.02617, 0.01128, 0.0034, 0.00788, 0.02617, 0.08687, 0.28842, 0.08687, 0.03744, 0.00102, 0.00237, 0.00788, 0.02617, 0.08687, 0.02617, 0.01128, 0.00044, 0.00102, 0.0034, 0.01128, 0.03744, 0.01128, 0.00486], [1e-05, 3e-05, 9e-05, 0.00031, 0.00102, 0.0034, 0.00146, 3e-05, 6e-05, 0.00022, 0.00071, 0.00237, 0.00788, 0.0034, 9e-05, 0.00022, 0.00071, 0.00237, 0.00788, 0.02617, 0.01128, 0.00031, 0.00071, 0.00237, 0.00788, 0.02617, 0.08687, 0.03744, 0.00102, 0.00237, 0.00788, 0.02617, 0.08687, 0.28842, 0.12431, 0.00031, 0.00071, 0.00237, 0.00788, 0.02617, 0.08687, 0.03744, 0.00013, 0.00031, 0.00102, 0.0034, 0.01128, 0.03744, 0.01614], [0, 0, 3e-05, 9e-05, 0.00031, 0.00102, 0.00486, 0, 2e-05, 6e-05, 0.00022, 0.00071, 0.00237, 0.01128, 3e-05, 6e-05, 0.00022, 0.00071, 0.00237, 0.00788, 0.03744, 9e-05, 0.00022, 0.00071, 0.00237, 0.00788, 0.02617, 0.12431, 0.00031, 0.00071, 0.00237, 0.00788, 0.02617, 0.08687, 0.41274, 9e-05, 0.00022, 0.00071, 0.00237, 0.00788, 0.02617, 0.12431, 4e-05, 9e-05, 0.00031, 0.00102, 0.0034, 0.01128, 0.05358], [0.00146, 0.00031, 9e-05, 3e-05, 0, 0, 0, 0.0034, 0.00071, 0.00022, 6e-05, 2e-05, 0, 0, 0.01128, 0.00237, 0.00071, 0.00022, 6e-05, 2e-05, 0, 0.03744, 0.00788, 0.00237, 0.00071, 0.00022, 6e-05, 3e-05, 0.12431, 0.02617, 0.00788, 0.00237, 0.00071, 0.00022, 9e-05, 0.41274, 0.08687, 0.02617, 0.00788, 0.00237, 0.00071, 0.00031, 0.17789, 0.03744, 0.01128, 0.0034, 0.00102, 0.00031, 0.00013], [0.00044, 0.00102, 0.00031, 9e-05, 3e-05, 0, 0, 0.00102, 0.00237, 0.00071, 0.00022, 6e-05, 2e-05, 0, 0.0034, 0.00788, 0.00237, 0.00071, 0.00022, 6e-05, 3e-05, 0.01128, 0.02617, 0.00788, 0.00237, 0.00071, 0.00022, 9e-05, 0.03744, 0.08687, 0.02617, 0.00788, 0.00237, 0.00071, 0.00031, 0.12431, 0.28842, 0.08687, 0.02617, 0.00788, 0.00237, 0.00102, 0.05358, 0.12431, 0.03744, 0.01128, 0.0034, 0.00102, 0.00044], [0.00013, 0.00031, 0.00102, 0.00031, 9e-05, 3e-05, 1e-05, 0.00031, 0.00071, 0.00237, 0.00071, 0.00022, 6e-05, 3e-05, 0.00102, 0.00237, 0.00788, 0.00237, 0.00071, 0.00022, 9e-05, 0.0034, 0.00788, 0.02617, 0.00788, 0.00237, 0.00071, 0.00031, 0.01128, 0.02617, 0.08687, 0.02617, 0.00788, 0.00237, 0.00102, 0.03744, 0.08687, 0.28842, 0.08687, 0.02617, 0.00788, 0.0034, 0.01614, 0.03744, 0.12431, 0.03744, 0.01128, 0.0034, 0.00146], [4e-05, 9e-05, 0.00031, 0.00102, 0.00031, 9e-05, 4e-05, 9e-05, 0.00022, 0.00071, 0.00237, 0.00071, 0.00022, 9e-05, 0.00031, 0.00071, 0.00237, 0.00788, 0.00237, 0.00071, 0.00031, 0.00102, 0.00237, 0.00788, 0.02617, 0.00788, 0.00237, 0.00102, 0.0034, 0.00788, 0.02617, 0.08687, 0.02617, 0.00788, 0.0034, 0.01128, 0.02617, 0.08687, 0.28842, 0.08687, 0.02617, 0.01128, 0.00486, 0.01128, 0.03744, 0.12431, 0.03744, 0.01128, 0.00486], [1e-05, 3e-05, 9e-05, 0.00031, 0.00102, 0.00031, 0.00013, 3e-05, 6e-05, 0.00022, 0.00071, 0.00237, 0.00071, 0.00031, 9e-05, 0.00022, 0.00071, 0.00237, 0.00788, 0.00237, 0.00102, 0.00031, 0.00071, 0.00237, 0.00788, 0.02617, 0.00788, 0.0034, 0.00102, 0.00237, 0.00788, 0.02617, 0.08687, 0.02617, 0.01128, 0.0034, 0.00788, 0.02617, 0.08687, 0.28842, 0.08687, 0.03744, 0.00146, 0.0034, 0.01128, 0.03744, 0.12431, 0.03744, 0.01614], [0, 0, 3e-05, 9e-05, 0.00031, 0.00102, 0.00044, 0, 2e-05, 6e-05, 0.00022, 0.00071, 0.00237, 0.00102, 3e-05, 6e-05, 0.00022, 0.00071, 0.00237, 0.00788, 0.0034, 9e-05, 0.00022, 0.00071, 0.00237, 0.00788, 0.02617, 0.01128, 0.00031, 0.00071, 0.00237, 0.00788, 0.02617, 0.08687, 0.03744, 0.00102, 0.00237, 0.00788, 0.02617, 0.08687, 0.28842, 0.12431, 0.00044, 0.00102, 0.0034, 0.01128, 0.03744, 0.12431, 0.05358], [0, 0, 0, 3e-05, 9e-05, 0.00031, 0.00146, 0, 0, 2e-05, 6e-05, 0.00022, 0.00071, 0.0034, 0, 2e-05, 6e-05, 0.00022, 0.00071, 0.00237, 0.01128, 3e-05, 6e-05, 0.00022, 0.00071, 0.00237, 0.00788, 0.03744, 9e-05, 0.00022, 0.00071, 0.00237, 0.00788, 0.02617, 0.12431, 0.00031, 0.00071, 0.00237, 0.00788, 0.02617, 0.08687, 0.41274, 0.00013, 0.00031, 0.00102, 0.0034, 0.01128, 0.03744, 0.17789], [0.00044, 9e-05, 3e-05, 0, 0, 0, 0, 0.00102, 0.00022, 6e-05, 2e-05, 0, 0, 0, 0.0034, 0.00071, 0.00022, 6e-05, 2e-05, 0, 0, 0.01128, 0.00237, 0.00071, 0.00022, 6e-05, 2e-05, 0, 0.03744, 0.00788, 0.00237, 0.00071, 0.00022, 6e-05, 3e-05, 0.12431, 0.02617, 0.00788, 0.00237, 0.00071, 0.00022, 9e-05, 0.59063, 0.12431, 0.03744, 0.01128, 0.0034, 0.00102, 0.00044], [0.00013, 0.00031, 9e-05, 3e-05, 0, 0, 0, 0.00031, 0.00071, 0.00022, 6e-05, 2e-05, 0, 0, 0.00102, 0.00237, 0.00071, 0.00022, 6e-05, 2e-05, 0, 0.0034, 0.00788, 0.00237, 0.00071, 0.00022, 6e-05, 3e-05, 0.01128, 0.02617, 0.00788, 0.00237, 0.00071, 0.00022, 9e-05, 0.03744, 0.08687, 0.02617, 0.00788, 0.00237, 0.00071, 0.00031, 0.17789, 0.41274, 0.12431, 0.03744, 0.01128, 0.0034, 0.00146], [4e-05, 9e-05, 0.00031, 9e-05, 3e-05, 0, 0, 9e-05, 0.00022, 0.00071, 0.00022, 6e-05, 2e-05, 0, 0.00031, 0.00071, 0.00237, 0.00071, 0.00022, 6e-05, 3e-05, 0.00102, 0.00237, 0.00788, 0.00237, 0.00071, 0.00022, 9e-05, 0.0034, 0.00788, 0.02617, 0.00788, 0.00237, 0.00071, 0.00031, 0.01128, 0.02617, 0.08687, 0.02617, 0.00788, 0.00237, 0.00102, 0.05358, 0.12431, 0.41274, 0.12431, 0.03744, 0.01128, 0.00486], [1e-05, 3e-05, 9e-05, 0.00031, 9e-05, 3e-05, 1e-05, 3e-05, 6e-05, 0.00022, 0.00071, 0.00022, 6e-05, 3e-05, 9e-05, 0.00022, 0.00071, 0.00237, 0.00071, 0.00022, 9e-05, 0.00031, 0.00071, 0.00237, 0.00788, 0.00237, 0.00071, 0.00031, 0.00102, 0.00237, 0.00788, 0.02617, 0.00788, 0.00237, 0.00102, 0.0034, 0.00788, 0.02617, 0.08687, 0.02617, 0.00788, 0.0034, 0.01614, 0.03744, 0.12431, 0.41274, 0.12431, 0.03744, 0.01614], [0, 0, 3e-05, 9e-05, 0.00031, 9e-05, 4e-05, 0, 2e-05, 6e-05, 0.00022, 0.00071, 0.00022, 9e-05, 3e-05, 6e-05, 0.00022, 0.00071, 0.00237, 0.00071, 0.00031, 9e-05, 0.00022, 0.00071, 0.00237, 0.00788, 0.00237, 0.00102, 0.00031, 0.00071, 0.00237, 0.00788, 0.02617, 0.00788, 0.0034, 0.00102, 0.00237, 0.00788, 0.02617, 0.08687, 0.02617, 0.01128, 0.00486, 0.01128, 0.03744, 0.12431, 0.41274, 0.12431, 0.05358], [0, 0, 0, 3e-05, 9e-05, 0.00031, 0.00013, 0, 0, 2e-05, 6e-05, 0.00022, 0.00071, 0.00031, 0, 2e-05, 6e-05, 0.00022, 0.00071, 0.00237, 0.00102, 3e-05, 6e-05, 0.00022, 0.00071, 0.00237, 0.00788, 0.0034, 9e-05, 0.00022, 0.00071, 0.00237, 0.00788, 0.02617, 0.01128, 0.00031, 0.00071, 0.00237, 0.00788, 0.02617, 0.08687, 0.03744, 0.00146, 0.0034, 0.01128, 0.03744, 0.12431, 0.41274, 0.17789], [0, 0, 0, 0, 3e-05, 9e-05, 0.00044, 0, 0, 0, 2e-05, 6e-05, 0.00022, 0.00102, 0, 0, 2e-05, 6e-05, 0.00022, 0.00071, 0.0034, 0, 2e-05, 6e-05, 0.00022, 0.00071, 0.00237, 0.01128, 3e-05, 6e-05, 0.00022, 0.00071, 0.00237, 0.00788, 0.03744, 9e-05, 0.00022, 0.00071, 0.00237, 0.00788, 0.02617, 0.12431, 0.00044, 0.00102, 0.0034, 0.01128, 0.03744, 0.12431, 0.59063]]