[[0.71443, 0.09659, 0.01662, 0.00281, 0.0006, 0.09659, 0.0336, 0.00591, 0.00098, 0.00023, 0.01662, 0.00591, 0.00293, 0.00049, 0.00011, 0.00281, 0.00098, 0.00049, 0.00023, 5e-05, 0.0006, 0.00023, 0.00011, 5e-05, 3e-05], [0.12178, 0.56664, 0.09749, 0.01647, 0.00354, 0.04676, 0.0694, 0.03466, 0.00573, 0.00136, 0.00805, 0.0122, 0.00604, 0.00286, 0.00066, 0.00136, 0.00202, 0.00101, 0.00047, 0.00032, 0.00029, 0.00048, 0.00023, 0.00011, 7e-05], [0.02076, 0.09659, 0.5719, 0.09659, 0.02076, 0.00797, 0.0336, 0.07158, 0.0336, 0.00797, 0.0039, 0.00591, 0.01248, 0.00591, 0.0039, 0.00066, 0.00098, 0.00208, 0.00098, 0.00066, 0.00014, 0.00023, 0.00048, 0.00023, 0.00014], [0.00354, 0.01647, 0.09749, 0.56664, 0.12178, 0.00136, 0.00573, 0.03466, 0.0694, 0.04676, 0.00066, 0.00286, 0.00604, 0.0122, 0.00805, 0.00032, 0.00047, 0.00101, 0.00202, 0.00136, 7e-05, 0.00011, 0.00023, 0.00048, 0.00029], [0.0006, 0.00281, 0.01662, 0.09659, 0.71443, 0.00023, 0.00098, 0.00591, 0.0336, 0.09659, 0.00011, 0.00049, 0.00293, 0.00591, 0.01662, 5e-05, 0.00023, 0.00049, 0.00098, 0.00281, 3e-05, 5e-05, 0.00011, 0.00023, 0.0006], [0.12178, 0.04676, 0.00805, 0.00136, 0.00029, 0.56664, 0.0694, 0.0122, 0.00202, 0.00048, 0.09749, 0.03466, 0.00604, 0.00101, 0.00023, 0.01647, 0.00573, 0.00286, 0.00047, 0.00011, 0.00354, 0.00136, 0.00066, 0.00032, 7e-05], [0.05896, 0.09659, 0.0472, 0.00797, 0.00171, 0.09659, 0.40715, 0.07158, 0.01183, 0.00281, 0.0472, 0.07158, 0.03545, 0.00591, 0.00137, 0.00797, 0.01183, 0.00591, 0.00277, 0.00066, 0.00171, 0.00281, 0.00137, 0.00066, 0.0004], [0.01005, 0.04676, 0.09749, 0.04676, 0.01005, 0.01647, 0.0694, 0.41993, 0.0694, 0.01647, 0.00805, 0.03466, 0.07322, 0.03466, 0.00805, 0.00386, 0.00573, 0.0122, 0.00573, 0.00386, 0.00083, 0.00136, 0.00283, 0.00136, 0.00083], [0.00171, 0.00797, 0.0472, 0.09659, 0.05896, 0.00281, 0.01183, 0.07158, 0.40715, 0.09659, 0.00137, 0.00591, 0.03545, 0.07158, 0.0472, 0.00066, 0.00277, 0.00591, 0.01183, 0.00797, 0.0004, 0.00066, 0.00137, 0.00281, 0.00171], [0.00029, 0.00136, 0.00805, 0.04676, 0.12178, 0.00048, 0.00202, 0.0122, 0.0694, 0.56664, 0.00023, 0.00101, 0.00604, 0.03466, 0.09749, 0.00011, 0.00047, 0.00286, 0.00573, 0.01647, 7e-05, 0.00032, 0.00066, 0.00136, 0.00354], [0.02076, 0.00797, 0.0039, 0.00066, 0.00014, 0.09659, 0.0336, 0.00591, 0.00098, 0.00023, 0.5719, 0.07158, 0.01248, 0.00208, 0.00048, 0.09659, 0.0336, 0.00591, 0.00098, 0.00023, 0.02076, 0.00797, 0.0039, 0.00066, 0.00014], [0.01005, 0.01647, 0.00805, 0.00386, 0.00083, 0.04676, 0.0694, 0.03466, 0.00573, 0.00136, 0.09749, 0.41993, 0.07322, 0.0122, 0.00283, 0.04676, 0.0694, 0.03466, 0.00573, 0.00136, 0.01005, 0.01647, 0.00805, 0.00386, 0.00083], [0.00487, 0.00797, 0.01662, 0.00797, 0.00487, 0.00797, 0.0336, 0.07158, 0.0336, 0.00797, 0.01662, 0.07158, 0.42955, 0.07158, 0.01662, 0.00797, 0.0336, 0.07158, 0.0336, 0.00797, 0.00487, 0.00797, 0.01662, 0.00797, 0.00487], [0.00083, 0.00386, 0.00805, 0.01647, 0.01005, 0.00136, 0.00573, 0.03466, 0.0694, 0.04676, 0.00283, 0.0122, 0.07322, 0.41993, 0.09749, 0.00136, 0.00573, 0.03466, 0.0694, 0.04676, 0.00083, 0.00386, 0.00805, 0.01647, 0.01005], [0.00014, 0.00066, 0.0039, 0.00797, 0.02076, 0.00023, 0.00098, 0.00591, 0.0336, 0.09659, 0.00048, 0.00208, 0.01248, 0.07158, 0.5719, 0.00023, 0.00098, 0.00591, 0.0336, 0.09659, 0.00014, 0.00066, 0.0039, 0.00797, 0.02076], [0.00354, 0.00136, 0.00066, 0.00032, 7e-05, 0.01647, 0.00573, 0.00286, 0.00047, 0.00011, 0.09749, 0.03466, 0.00604, 0.00101, 0.00023, 0.56664, 0.0694, 0.0122, 0.00202, 0.00048, 0.12178, 0.04676, 0.00805, 0.00136, 0.00029], [0.00171, 0.00281, 0.00137, 0.00066, 0.0004, 0.00797, 0.01183, 0.00591, 0.00277, 0.00066, 0.0472, 0.07158, 0.03545, 0.00591, 0.00137, 0.09659, 0.40715, 0.07158, 0.01183, 0.00281, 0.05896, 0.09659, 0.0472, 0.00797, 0.00171], [0.00083, 0.00136, 0.00283, 0.00136, 0.00083, 0.00386, 0.00573, 0.0122, 0.00573, 0.00386, 0.00805, 0.03466, 0.07322, 0.03466, 0.00805, 0.01647, 0.0694, 0.41993, 0.0694, 0.01647, 0.01005, 0.04676, 0.09749, 0.04676, 0.01005], [0.0004, 0.00066, 0.00137, 0.00281, 0.00171, 0.00066, 0.00277, 0.00591, 0.01183, 0.00797, 0.00137, 0.00591, 0.03545, 0.07158, 0.0472, 0.00281, 0.01183, 0.07158, 0.40715, 0.09659, 0.00171, 0.00797, 0.0472, 0.09659, 0.05896], [7e-05, 0.00032, 0.00066, 0.00136, 0.00354, 0.00011, 0.00047, 0.00286, 0.00573, 0.01647, 0.00023, 0.00101, 0.00604, 0.03466, 0.09749, 0.00048, 0.00202, 0.0122, 0.0694, 0.56664, 0.00029, 0.00136, 0.00805, 0.04676, 0.12178], [0.0006, 0.00023, 0.00011, 5e-05, 3e-05, 0.00281, 0.00098, 0.00049, 0.00023, 5e-05, 0.01662, 0.00591, 0.00293, 0.00049, 0.00011, 0.09659, 0.0336, 0.00591, 0.00098, 0.00023, 0.71443, 0.09659, 0.01662, 0.00281, 0.0006], [0.00029, 0.00048, 0.00023, 0.00011, 7e-05, 0.00136, 0.00202, 0.00101, 0.00047, 0.00032, 0.00805, 0.0122, 0.00604, 0.00286, 0.00066, 0.04676, 0.0694, 0.03466, 0.00573, 0.00136, 0.12178, 0.56664, 0.09749, 0.01647, 0.00354], [0.00014, 0.00023, 0.00048, 0.00023, 0.00014, 0.00066, 0.00098, 0.00208, 0.00098, 0.00066, 0.0039, 0.00591, 0.01248, 0.00591, 0.0039, 0.00797, 0.0336, 0.07158, 0.0336, 0.00797, 0.02076, 0.09659, 0.5719, 0.09659, 0.02076], [7e-05, 0.00011, 0.00023, 0.00048, 0.00029, 0.00032, 0.00047, 0.00101, 0.00202, 0.00136, 0.00066, 0.00286, 0.00604, 0.0122, 0.00805, 0.00136, 0.00573, 0.03466, 0.0694, 0.04676, 0.00354, 0.01647, 0.09749, 0.56664, 0.12178], [3e-05, 5e-05, 0.00011, 0.00023, 0.0006, 5e-05, 0.00023, 0.00049, 0.00098, 0.00281, 0.00011, 0.00049, 0.00293, 0.00591, 0.01662, 0.00023, 0.00098, 0.00591, 0.0336, 0.09659, 0.0006, 0.00281, 0.01662, 0.09659, 0.71443]]