[[0.93426, 0.02841, 0.0009, 3e-05, 0, 0.02841, 0.00658, 0.00021, 0, 0, 0.0009, 0.00021, 5e-05, 0, 0, 3e-05, 0, 0, 0, 0, 0, 0, 0, 0, 0], [0.02952, 0.89893, 0.02841, 0.0009, 3e-05, 0.00689, 0.02713, 0.00659, 0.00021, 0, 0.00022, 0.00086, 0.00021, 5e-05, 0, 0, 3e-05, 0, 0, 0, 0, 0, 0, 0, 0], [0.00093, 0.02841, 0.89914, 0.02841, 0.00093, 0.00022, 0.00658, 0.02715, 0.00658, 0.00022, 5e-05, 0.00021, 0.00086, 0.00021, 5e-05, 0, 0, 3e-05, 0, 0, 0, 0, 0, 0, 0], [3e-05, 0.0009, 0.02841, 0.89893, 0.02952, 0, 0.00021, 0.00659, 0.02713, 0.00689, 0, 5e-05, 0.00021, 0.00086, 0.00022, 0, 0, 0, 3e-05, 0, 0, 0, 0, 0, 0], [0, 3e-05, 0.0009, 0.02841, 0.93426, 0, 0, 0.00021, 0.00658, 0.02841, 0, 0, 5e-05, 0.00021, 0.0009, 0, 0, 0, 0, 3e-05, 0, 0, 0, 0, 0], [0.02952, 0.00689, 0.00022, 0, 0, 0.89893, 0.02713, 0.00086, 3e-05, 0, 0.02841, 0.00659, 0.00021, 0, 0, 0.0009, 0.00021, 5e-05, 0, 0, 3e-05, 0, 0, 0, 0], [0.00716, 0.02841, 0.00689, 0.00022, 0, 0.02841, 0.85864, 0.02715, 0.00086, 3e-05, 0.00689, 0.02715, 0.00659, 0.00021, 0, 0.00022, 0.00086, 0.00021, 5e-05, 0, 0, 3e-05, 0, 0, 0], [0.00023, 0.00689, 0.02841, 0.00689, 0.00023, 0.0009, 0.02713, 0.85909, 0.02713, 0.0009, 0.00022, 0.00659, 0.02716, 0.00659, 0.00022, 5e-05, 0.00021, 0.00086, 0.00021, 5e-05, 0, 0, 3e-05, 0, 0], [0, 0.00022, 0.00689, 0.02841, 0.00716, 3e-05, 0.00086, 0.02715, 0.85864, 0.02841, 0, 0.00021, 0.00659, 0.02715, 0.00689, 0, 5e-05, 0.00021, 0.00086, 0.00022, 0, 0, 0, 3e-05, 0], [0, 0, 0.00022, 0.00689, 0.02952, 0, 3e-05, 0.00086, 0.02713, 0.89893, 0, 0, 0.00021, 0.00659, 0.02841, 0, 0, 5e-05, 0.00021, 0.0009, 0, 0, 0, 0, 3e-05], [0.00093, 0.00022, 5e-05, 0, 0, 0.02841, 0.00658, 0.00021, 0, 0, 0.89914, 0.02715, 0.00086, 3e-05, 0, 0.02841, 0.00658, 0.00021, 0, 0, 0.00093, 0.00022, 5e-05, 0, 0], [0.00023, 0.0009, 0.00022, 5e-05, 0, 0.00689, 0.02713, 0.00659, 0.00021, 0, 0.02841, 0.85909, 0.02716, 0.00086, 3e-05, 0.00689, 0.02713, 0.00659, 0.00021, 0, 0.00023, 0.0009, 0.00022, 5e-05, 0], [5e-05, 0.00022, 0.0009, 0.00022, 5e-05, 0.00022, 0.00658, 0.02715, 0.00658, 0.00022, 0.0009, 0.02715, 0.85952, 0.02715, 0.0009, 0.00022, 0.00658, 0.02715, 0.00658, 0.00022, 5e-05, 0.00022, 0.0009, 0.00022, 5e-05], [0, 5e-05, 0.00022, 0.0009, 0.00023, 0, 0.00021, 0.00659, 0.02713, 0.00689, 3e-05, 0.00086, 0.02716, 0.85909, 0.02841, 0, 0.00021, 0.00659, 0.02713, 0.00689, 0, 5e-05, 0.00022, 0.0009, 0.00023], [0, 0, 5e-05, 0.00022, 0.00093, 0, 0, 0.00021, 0.00658, 0.02841, 0, 3e-05, 0.00086, 0.02715, 0.89914, 0, 0, 0.00021, 0.00658, 0.02841, 0, 0, 5e-05, 0.00022, 0.00093], [3e-05, 0, 0, 0, 0, 0.0009, 0.00021, 5e-05, 0, 0, 0.02841, 0.00659, 0.00021, 0, 0, 0.89893, 0.02713, 0.00086, 3e-05, 0, 0.02952, 0.00689, 0.00022, 0, 0], [0, 3e-05, 0, 0, 0, 0.00022, 0.00086, 0.00021, 5e-05, 0, 0.00689, 0.02715, 0.00659, 0.00021, 0, 0.02841, 0.85864, 0.02715, 0.00086, 3e-05, 0.00716, 0.02841, 0.00689, 0.00022, 0], [0, 0, 3e-05, 0, 0, 5e-05, 0.00021, 0.00086, 0.00021, 5e-05, 0.00022, 0.00659, 0.02716, 0.00659, 0.00022, 0.0009, 0.02713, 0.85909, 0.02713, 0.0009, 0.00023, 0.00689, 0.02841, 0.00689, 0.00023], [0, 0, 0, 3e-05, 0, 0, 5e-05, 0.00021, 0.00086, 0.00022, 0, 0.00021, 0.00659, 0.02715, 0.00689, 3e-05, 0.00086, 0.02715, 0.85864, 0.02841, 0, 0.00022, 0.00689, 0.02841, 0.00716], [0, 0, 0, 0, 3e-05, 0, 0, 5e-05, 0.00021, 0.0009, 0, 0, 0.00021, 0.00659, 0.02841, 0, 3e-05, 0.00086, 0.02713, 0.89893, 0, 0, 0.00022, 0.00689, 0.02952], [0, 0, 0, 0, 0, 3e-05, 0, 0, 0, 0, 0.0009, 0.00021, 5e-05, 0, 0, 0.02841, 0.00658, 0.00021, 0, 0, 0.93426, 0.02841, 0.0009, 3e-05, 0], [0, 0, 0, 0, 0, 0, 3e-05, 0, 0, 0, 0.00022, 0.00086, 0.00021, 5e-05, 0, 0.00689, 0.02713, 0.00659, 0.00021, 0, 0.02952, 0.89893, 0.02841, 0.0009, 3e-05], [0, 0, 0, 0, 0, 0, 0, 3e-05, 0, 0, 5e-05, 0.00021, 0.00086, 0.00021, 5e-05, 0.00022, 0.00658, 0.02715, 0.00658, 0.00022, 0.00093, 0.02841, 0.89914, 0.02841, 0.00093], [0, 0, 0, 0, 0, 0, 0, 0, 3e-05, 0, 0, 5e-05, 0.00021, 0.00086, 0.00022, 0, 0.00021, 0.00659, 0.02713, 0.00689, 3e-05, 0.0009, 0.02841, 0.89893, 0.02952], [0, 0, 0, 0, 0, 0, 0, 0, 0, 3e-05, 0, 0, 5e-05, 0.00021, 0.0009, 0, 0, 0.00021, 0.00658, 0.02841, 0, 3e-05, 0.0009, 0.02841, 0.93426]]