[[0.90149, 0.04542, 0.00242, 0.00013, 0, 0.04542, 0.00229, 0.00012, 0, 0, 0.00242, 0.00012, 0, 0, 0, 0.00013, 0, 0, 0, 0, 0, 0, 0, 0, 0], [0.04798, 0.85352, 0.04542, 0.00242, 0.00014, 0.00242, 0.04301, 0.00229, 0.00012, 0, 0.00013, 0.00229, 0.00012, 0, 0, 0, 0.00012, 0, 0, 0, 0, 0, 0, 0, 0], [0.00255, 0.04542, 0.85352, 0.04542, 0.00255, 0.00013, 0.00229, 0.04301, 0.00229, 0.00013, 0, 0.00012, 0.00229, 0.00012, 0, 0, 0, 0.00012, 0, 0, 0, 0, 0, 0, 0], [0.00014, 0.00242, 0.04542, 0.85352, 0.04798, 0, 0.00012, 0.00229, 0.04301, 0.00242, 0, 0, 0.00012, 0.00229, 0.00013, 0, 0, 0, 0.00012, 0, 0, 0, 0, 0, 0], [0, 0.00013, 0.00242, 0.04542, 0.90149, 0, 0, 0.00012, 0.00229, 0.04542, 0, 0, 0, 0.00012, 0.00242, 0, 0, 0, 0, 0.00013, 0, 0, 0, 0, 0], [0.04798, 0.00242, 0.00013, 0, 0, 0.85352, 0.04301, 0.00229, 0.00012, 0, 0.04542, 0.00229, 0.00012, 0, 0, 0.00242, 0.00012, 0, 0, 0, 0.00014, 0, 0, 0, 0], [0.00255, 0.04542, 0.00242, 0.00013, 0, 0.04542, 0.80809, 0.04301, 0.00229, 0.00013, 0.00242, 0.04301, 0.00229, 0.00012, 0, 0.00013, 0.00229, 0.00012, 0, 0, 0, 0.00013, 0, 0, 0], [0.00014, 0.00242, 0.04542, 0.00242, 0.00014, 0.00242, 0.04301, 0.80809, 0.04301, 0.00242, 0.00013, 0.00229, 0.04301, 0.00229, 0.00013, 0, 0.00012, 0.00229, 0.00012, 0, 0, 0, 0.00013, 0, 0], [0, 0.00013, 0.00242, 0.04542, 0.00255, 0.00013, 0.00229, 0.04301, 0.80809, 0.04542, 0, 0.00012, 0.00229, 0.04301, 0.00242, 0, 0, 0.00012, 0.00229, 0.00013, 0, 0, 0, 0.00013, 0], [0, 0, 0.00013, 0.00242, 0.04798, 0, 0.00012, 0.00229, 0.04301, 0.85352, 0, 0, 0.00012, 0.00229, 0.04542, 0, 0, 0, 0.00012, 0.00242, 0, 0, 0, 0, 0.00014], [0.00255, 0.00013, 0, 0, 0, 0.04542, 0.00229, 0.00012, 0, 0, 0.85352, 0.04301, 0.00229, 0.00012, 0, 0.04542, 0.00229, 0.00012, 0, 0, 0.00255, 0.00013, 0, 0, 0], [0.00014, 0.00242, 0.00013, 0, 0, 0.00242, 0.04301, 0.00229, 0.00012, 0, 0.04542, 0.80809, 0.04301, 0.00229, 0.00013, 0.00242, 0.04301, 0.00229, 0.00012, 0, 0.00014, 0.00242, 0.00013, 0, 0], [0, 0.00013, 0.00242, 0.00013, 0, 0.00013, 0.00229, 0.04301, 0.00229, 0.00013, 0.00242, 0.04301, 0.80809, 0.04301, 0.00242, 0.00013, 0.00229, 0.04301, 0.00229, 0.00013, 0, 0.00013, 0.00242, 0.00013, 0], [0, 0, 0.00013, 0.00242, 0.00014, 0, 0.00012, 0.00229, 0.04301, 0.00242, 0.00013, 0.00229, 0.04301, 0.80809, 0.04542, 0, 0.00012, 0.00229, 0.04301, 0.00242, 0, 0, 0.00013, 0.00242, 0.00014], [0, 0, 0, 0.00013, 0.00255, 0, 0, 0.00012, 0.00229, 0.04542, 0, 0.00012, 0.00229, 0.04301, 0.85352, 0, 0, 0.00012, 0.00229, 0.04542, 0, 0, 0, 0.00013, 0.00255], [0.00014, 0, 0, 0, 0, 0.00242, 0.00012, 0, 0, 0, 0.04542, 0.00229, 0.00012, 0, 0, 0.85352, 0.04301, 0.00229, 0.00012, 0, 0.04798, 0.00242, 0.00013, 0, 0], [0, 0.00013, 0, 0, 0, 0.00013, 0.00229, 0.00012, 0, 0, 0.00242, 0.04301, 0.00229, 0.00012, 0, 0.04542, 0.80809, 0.04301, 0.00229, 0.00013, 0.00255, 0.04542, 0.00242, 0.00013, 0], [0, 0, 0.00013, 0, 0, 0, 0.00012, 0.00229, 0.00012, 0, 0.00013, 0.00229, 0.04301, 0.00229, 0.00013, 0.00242, 0.04301, 0.80809, 0.04301, 0.00242, 0.00014, 0.00242, 0.04542, 0.00242, 0.00014], [0, 0, 0, 0.00013, 0, 0, 0, 0.00012, 0.00229, 0.00013, 0, 0.00012, 0.00229, 0.04301, 0.00242, 0.00013, 0.00229, 0.04301, 0.80809, 0.04542, 0, 0.00013, 0.00242, 0.04542, 0.00255], [0, 0, 0, 0, 0.00014, 0, 0, 0, 0.00012, 0.00242, 0, 0, 0.00012, 0.00229, 0.04542, 0, 0.00012, 0.00229, 0.04301, 0.85352, 0, 0, 0.00013, 0.00242, 0.04798], [0, 0, 0, 0, 0, 0.00013, 0, 0, 0, 0, 0.00242, 0.00012, 0, 0, 0, 0.04542, 0.00229, 0.00012, 0, 0, 0.90149, 0.04542, 0.00242, 0.00013, 0], [0, 0, 0, 0, 0, 0, 0.00012, 0, 0, 0, 0.00013, 0.00229, 0.00012, 0, 0, 0.00242, 0.04301, 0.00229, 0.00012, 0, 0.04798, 0.85352, 0.04542, 0.00242, 0.00014], [0, 0, 0, 0, 0, 0, 0, 0.00012, 0, 0, 0, 0.00012, 0.00229, 0.00012, 0, 0.00013, 0.00229, 0.04301, 0.00229, 0.00013, 0.00255, 0.04542, 0.85352, 0.04542, 0.00255], [0, 0, 0, 0, 0, 0, 0, 0, 0.00012, 0, 0, 0, 0.00012, 0.00229, 0.00013, 0, 0.00012, 0.00229, 0.04301, 0.00242, 0.00014, 0.00242, 0.04542, 0.85352, 0.04798], [0, 0, 0, 0, 0, 0, 0, 0, 0, 0.00013, 0, 0, 0, 0.00012, 0.00242, 0, 0, 0.00012, 0.00229, 0.04542, 0, 0.00013, 0.00242, 0.04542, 0.90149]]