[[0.51517, 0.12292, 0.04834, 0.01901, 0.01232, 0.12292, 0.02933, 0.01153, 0.00454, 0.00294, 0.04834, 0.01153, 0.00454, 0.00178, 0.00116, 0.01901, 0.00454, 0.00178, 0.0007, 0.00045, 0.01232, 0.00294, 0.00116, 0.00045, 0.00029], [0.20258, 0.31258, 0.12292, 0.04834, 0.03133, 0.04834, 0.07458, 0.02933, 0.01153, 0.00747, 0.01901, 0.02933, 0.01153, 0.00454, 0.00294, 0.00747, 0.01153, 0.00454, 0.00178, 0.00116, 0.00484, 0.00747, 0.00294, 0.00116, 0.00075], [0.07966, 0.12292, 0.31258, 0.12292, 0.07966, 0.01901, 0.02933, 0.07458, 0.02933, 0.01901, 0.00747, 0.01153, 0.02933, 0.01153, 0.00747, 0.00294, 0.00454, 0.01153, 0.00454, 0.00294, 0.00191, 0.00294, 0.00747, 0.00294, 0.00191], [0.03133, 0.04834, 0.12292, 0.31258, 0.20258, 0.00747, 0.01153, 0.02933, 0.07458, 0.04834, 0.00294, 0.00454, 0.01153, 0.02933, 0.01901, 0.00116, 0.00178, 0.00454, 0.01153, 0.00747, 0.00075, 0.00116, 0.00294, 0.00747, 0.00484], [0.01232, 0.01901, 0.04834, 0.12292, 0.51517, 0.00294, 0.00454, 0.01153, 0.02933, 0.12292, 0.00116, 0.00178, 0.00454, 0.01153, 0.04834, 0.00045, 0.0007, 0.00178, 0.00454, 0.01901, 0.00029, 0.00045, 0.00116, 0.00294, 0.01232], [0.20258, 0.04834, 0.01901, 0.00747, 0.00484, 0.31258, 0.07458, 0.02933, 0.01153, 0.00747, 0.12292, 0.02933, 0.01153, 0.00454, 0.00294, 0.04834, 0.01153, 0.00454, 0.00178, 0.00116, 0.03133, 0.00747, 0.00294, 0.00116, 0.00075], [0.07966, 0.12292, 0.04834, 0.01901, 0.01232, 0.12292, 0.18966, 0.07458, 0.02933, 0.01901, 0.04834, 0.07458, 0.02933, 0.01153, 0.00747, 0.01901, 0.02933, 0.01153, 0.00454, 0.00294, 0.01232, 0.01901, 0.00747, 0.00294, 0.00191], [0.03133, 0.04834, 0.12292, 0.04834, 0.03133, 0.04834, 0.07458, 0.18966, 0.07458, 0.04834, 0.01901, 0.02933, 0.07458, 0.02933, 0.01901, 0.00747, 0.01153, 0.02933, 0.01153, 0.00747, 0.00484, 0.00747, 0.01901, 0.00747, 0.00484], [0.01232, 0.01901, 0.04834, 0.12292, 0.07966, 0.01901, 0.02933, 0.07458, 0.18966, 0.12292, 0.00747, 0.01153, 0.02933, 0.07458, 0.04834, 0.00294, 0.00454, 0.01153, 0.02933, 0.01901, 0.00191, 0.00294, 0.00747, 0.01901, 0.01232], [0.00484, 0.00747, 0.01901, 0.04834, 0.20258, 0.00747, 0.01153, 0.02933, 0.07458, 0.31258, 0.00294, 0.00454, 0.01153, 0.02933, 0.12292, 0.00116, 0.00178, 0.00454, 0.01153, 0.04834, 0.00075, 0.00116, 0.00294, 0.00747, 0.03133], [0.07966, 0.01901, 0.00747, 0.00294, 0.00191, 0.12292, 0.02933, 0.01153, 0.00454, 0.00294, 0.31258, 0.07458, 0.02933, 0.01153, 0.00747, 0.12292, 0.02933, 0.01153, 0.00454, 0.00294, 0.07966, 0.01901, 0.00747, 0.00294, 0.00191], [0.03133, 0.04834, 0.01901, 0.00747, 0.00484, 0.04834, 0.07458, 0.02933, 0.01153, 0.00747, 0.12292, 0.18966, 0.07458, 0.02933, 0.01901, 0.04834, 0.07458, 0.02933, 0.01153, 0.00747, 0.03133, 0.04834, 0.01901, 0.00747, 0.00484], [0.01232, 0.01901, 0.04834, 0.01901, 0.01232, 0.01901, 0.02933, 0.07458, 0.02933, 0.01901, 0.04834, 0.07458, 0.18966, 0.07458, 0.04834, 0.01901, 0.02933, 0.07458, 0.02933, 0.01901, 0.01232, 0.01901, 0.04834, 0.01901, 0.01232], [0.00484, 0.00747, 0.01901, 0.04834, 0.03133, 0.00747, 0.01153, 0.02933, 0.07458, 0.04834, 0.01901, 0.02933, 0.07458, 0.18966, 0.12292, 0.00747, 0.01153, 0.02933, 0.07458, 0.04834, 0.00484, 0.00747, 0.01901, 0.04834, 0.03133], [0.00191, 0.00294, 0.00747, 0.01901, 0.07966, 0.00294, 0.00454, 0.01153, 0.02933, 0.12292, 0.00747, 0.01153, 0.02933, 0.07458, 0.31258, 0.00294, 0.00454, 0.01153, 0.02933, 0.12292, 0.00191, 0.00294, 0.00747, 0.01901, 0.07966], [0.03133, 0.00747, 0.00294, 0.00116, 0.00075, 0.04834, 0.01153, 0.00454, 0.00178, 0.00116, 0.12292, 0.02933, 0.01153, 0.00454, 0.00294, 0.31258, 0.07458, 0.02933, 0.01153, 0.00747, 0.20258, 0.04834, 0.01901, 0.00747, 0.00484], [0.01232, 0.01901, 0.00747, 0.00294, 0.00191, 0.01901, 0.02933, 0.01153, 0.00454, 0.00294, 0.04834, 0.07458, 0.02933, 0.01153, 0.00747, 0.12292, 0.18966, 0.07458, 0.02933, 0.01901, 0.07966, 0.12292, 0.04834, 0.01901, 0.01232], [0.00484, 0.00747, 0.01901, 0.00747, 0.00484, 0.00747, 0.01153, 0.02933, 0.01153, 0.00747, 0.01901, 0.02933, 0.07458, 0.02933, 0.01901, 0.04834, 0.07458, 0.18966, 0.07458, 0.04834, 0.03133, 0.04834, 0.12292, 0.04834, 0.03133], [0.00191, 0.00294, 0.00747, 0.01901, 0.01232, 0.00294, 0.00454, 0.01153, 0.02933, 0.01901, 0.00747, 0.01153, 0.02933, 0.07458, 0.04834, 0.01901, 0.02933, 0.07458, 0.18966, 0.12292, 0.01232, 0.01901, 0.04834, 0.12292, 0.07966], [0.00075, 0.00116, 0.00294, 0.00747, 0.03133, 0.00116, 0.00178, 0.00454, 0.01153, 0.04834, 0.00294, 0.00454, 0.01153, 0.02933, 0.12292, 0.00747, 0.01153, 0.02933, 0.07458, 0.31258, 0.00484, 0.00747, 0.01901, 0.04834, 0.20258], [0.01232, 0.00294, 0.00116, 0.00045, 0.00029, 0.01901, 0.00454, 0.00178, 0.0007, 0.00045, 0.04834, 0.01153, 0.00454, 0.00178, 0.00116, 0.12292, 0.02933, 0.01153, 0.00454, 0.00294, 0.51517, 0.12292, 0.04834, 0.01901, 0.01232], [0.00484, 0.00747, 0.00294, 0.00116, 0.00075, 0.00747, 0.01153, 0.00454, 0.00178, 0.00116, 0.01901, 0.02933, 0.01153, 0.00454, 0.00294, 0.04834, 0.07458, 0.02933, 0.01153, 0.00747, 0.20258, 0.31258, 0.12292, 0.04834, 0.03133], [0.00191, 0.00294, 0.00747, 0.00294, 0.00191, 0.00294, 0.00454, 0.01153, 0.00454, 0.00294, 0.00747, 0.01153, 0.02933, 0.01153, 0.00747, 0.01901, 0.02933, 0.07458, 0.02933, 0.01901, 0.07966, 0.12292, 0.31258, 0.12292, 0.07966], [0.00075, 0.00116, 0.00294, 0.00747, 0.00484, 0.00116, 0.00178, 0.00454, 0.01153, 0.00747, 0.00294, 0.00454, 0.01153, 0.02933, 0.01901, 0.00747, 0.01153, 0.02933, 0.07458, 0.04834, 0.03133, 0.04834, 0.12292, 0.31258, 0.20258], [0.00029, 0.00045, 0.00116, 0.00294, 0.01232, 0.00045, 0.0007, 0.00178, 0.00454, 0.01901, 0.00116, 0.00178, 0.00454, 0.01153, 0.04834, 0.00294, 0.00454, 0.01153, 0.02933, 0.12292, 0.01232, 0.01901, 0.04834, 0.12292, 0.51517]]