[[0.88449, 0.04723, 0.00272, 0.00016, 0, 0.04723, 0.01338, 0.00077, 4e-05, 0, 0.00272, 0.00077, 0.00024, 1e-05, 0, 0.00016, 4e-05, 1e-05, 0, 0, 0, 0, 0, 0, 0], [0.0508, 0.8224, 0.04728, 0.00271, 0.00017, 0.01464, 0.04316, 0.01341, 0.00077, 5e-05, 0.00084, 0.00248, 0.00077, 0.00024, 1e-05, 5e-05, 0.00014, 4e-05, 1e-05, 0, 0, 0, 0, 0, 0], [0.00292, 0.04723, 0.82318, 0.04723, 0.00292, 0.00084, 0.01338, 0.04326, 0.01338, 0.00084, 0.00026, 0.00077, 0.00249, 0.00077, 0.00026, 1e-05, 4e-05, 0.00014, 4e-05, 1e-05, 0, 0, 0, 0, 0], [0.00017, 0.00271, 0.04728, 0.8224, 0.0508, 5e-05, 0.00077, 0.01341, 0.04316, 0.01464, 1e-05, 0.00024, 0.00077, 0.00248, 0.00084, 0, 1e-05, 4e-05, 0.00014, 5e-05, 0, 0, 0, 0, 0], [0, 0.00016, 0.00272, 0.04723, 0.88449, 0, 4e-05, 0.00077, 0.01338, 0.04723, 0, 1e-05, 0.00024, 0.00077, 0.00272, 0, 0, 1e-05, 4e-05, 0.00016, 0, 0, 0, 0, 0], [0.0508, 0.01464, 0.00084, 5e-05, 0, 0.8224, 0.04316, 0.00248, 0.00014, 0, 0.04728, 0.01341, 0.00077, 4e-05, 0, 0.00271, 0.00077, 0.00024, 1e-05, 0, 0.00017, 5e-05, 1e-05, 0, 0], [0.01574, 0.04723, 0.01465, 0.00084, 5e-05, 0.04723, 0.75157, 0.04326, 0.00248, 0.00016, 0.01465, 0.04326, 0.01343, 0.00077, 5e-05, 0.00084, 0.00248, 0.00077, 0.00024, 1e-05, 5e-05, 0.00016, 5e-05, 1e-05, 0], [0.0009, 0.01464, 0.04728, 0.01464, 0.0009, 0.00271, 0.04316, 0.75321, 0.04316, 0.00271, 0.00084, 0.01341, 0.04335, 0.01341, 0.00084, 0.00026, 0.00077, 0.00248, 0.00077, 0.00026, 2e-05, 5e-05, 0.00016, 5e-05, 2e-05], [5e-05, 0.00084, 0.01465, 0.04723, 0.01574, 0.00016, 0.00248, 0.04326, 0.75157, 0.04723, 5e-05, 0.00077, 0.01343, 0.04326, 0.01465, 1e-05, 0.00024, 0.00077, 0.00248, 0.00084, 0, 1e-05, 5e-05, 0.00016, 5e-05], [0, 5e-05, 0.00084, 0.01464, 0.0508, 0, 0.00014, 0.00248, 0.04316, 0.8224, 0, 4e-05, 0.00077, 0.01341, 0.04728, 0, 1e-05, 0.00024, 0.00077, 0.00271, 0, 0, 1e-05, 5e-05, 0.00017], [0.00292, 0.00084, 0.00026, 1e-05, 0, 0.04723, 0.01338, 0.00077, 4e-05, 0, 0.82318, 0.04326, 0.00249, 0.00014, 0, 0.04723, 0.01338, 0.00077, 4e-05, 0, 0.00292, 0.00084, 0.00026, 1e-05, 0], [0.0009, 0.00271, 0.00084, 0.00026, 2e-05, 0.01464, 0.04316, 0.01341, 0.00077, 5e-05, 0.04728, 0.75321, 0.04335, 0.00248, 0.00016, 0.01464, 0.04316, 0.01341, 0.00077, 5e-05, 0.0009, 0.00271, 0.00084, 0.00026, 2e-05], [0.00028, 0.00084, 0.00272, 0.00084, 0.00028, 0.00084, 0.01338, 0.04326, 0.01338, 0.00084, 0.00272, 0.04326, 0.75475, 0.04326, 0.00272, 0.00084, 0.01338, 0.04326, 0.01338, 0.00084, 0.00028, 0.00084, 0.00272, 0.00084, 0.00028], [2e-05, 0.00026, 0.00084, 0.00271, 0.0009, 5e-05, 0.00077, 0.01341, 0.04316, 0.01464, 0.00016, 0.00248, 0.04335, 0.75321, 0.04728, 5e-05, 0.00077, 0.01341, 0.04316, 0.01464, 2e-05, 0.00026, 0.00084, 0.00271, 0.0009], [0, 1e-05, 0.00026, 0.00084, 0.00292, 0, 4e-05, 0.00077, 0.01338, 0.04723, 0, 0.00014, 0.00249, 0.04326, 0.82318, 0, 4e-05, 0.00077, 0.01338, 0.04723, 0, 1e-05, 0.00026, 0.00084, 0.00292], [0.00017, 5e-05, 1e-05, 0, 0, 0.00271, 0.00077, 0.00024, 1e-05, 0, 0.04728, 0.01341, 0.00077, 4e-05, 0, 0.8224, 0.04316, 0.00248, 0.00014, 0, 0.0508, 0.01464, 0.00084, 5e-05, 0], [5e-05, 0.00016, 5e-05, 1e-05, 0, 0.00084, 0.00248, 0.00077, 0.00024, 1e-05, 0.01465, 0.04326, 0.01343, 0.00077, 5e-05, 0.04723, 0.75157, 0.04326, 0.00248, 0.00016, 0.01574, 0.04723, 0.01465, 0.00084, 5e-05], [2e-05, 5e-05, 0.00016, 5e-05, 2e-05, 0.00026, 0.00077, 0.00248, 0.00077, 0.00026, 0.00084, 0.01341, 0.04335, 0.01341, 0.00084, 0.00271, 0.04316, 0.75321, 0.04316, 0.00271, 0.0009, 0.01464, 0.04728, 0.01464, 0.0009], [0, 1e-05, 5e-05, 0.00016, 5e-05, 1e-05, 0.00024, 0.00077, 0.00248, 0.00084, 5e-05, 0.00077, 0.01343, 0.04326, 0.01465, 0.00016, 0.00248, 0.04326, 0.75157, 0.04723, 5e-05, 0.00084, 0.01465, 0.04723, 0.01574], [0, 0, 1e-05, 5e-05, 0.00017, 0, 1e-05, 0.00024, 0.00077, 0.00271, 0, 4e-05, 0.00077, 0.01341, 0.04728, 0, 0.00014, 0.00248, 0.04316, 0.8224, 0, 5e-05, 0.00084, 0.01464, 0.0508], [0, 0, 0, 0, 0, 0.00016, 4e-05, 1e-05, 0, 0, 0.00272, 0.00077, 0.00024, 1e-05, 0, 0.04723, 0.01338, 0.00077, 4e-05, 0, 0.88449, 0.04723, 0.00272, 0.00016, 0], [0, 0, 0, 0, 0, 5e-05, 0.00014, 4e-05, 1e-05, 0, 0.00084, 0.00248, 0.00077, 0.00024, 1e-05, 0.01464, 0.04316, 0.01341, 0.00077, 5e-05, 0.0508, 0.8224, 0.04728, 0.00271, 0.00017], [0, 0, 0, 0, 0, 1e-05, 4e-05, 0.00014, 4e-05, 1e-05, 0.00026, 0.00077, 0.00249, 0.00077, 0.00026, 0.00084, 0.01338, 0.04326, 0.01338, 0.00084, 0.00292, 0.04723, 0.82318, 0.04723, 0.00292], [0, 0, 0, 0, 0, 0, 1e-05, 4e-05, 0.00014, 5e-05, 1e-05, 0.00024, 0.00077, 0.00248, 0.00084, 5e-05, 0.00077, 0.01341, 0.04316, 0.01464, 0.00017, 0.00271, 0.04728, 0.8224, 0.0508], [0, 0, 0, 0, 0, 0, 0, 1e-05, 4e-05, 0.00016, 0, 1e-05, 0.00024, 0.00077, 0.00272, 0, 4e-05, 0.00077, 0.01338, 0.04723, 0, 0.00016, 0.00272, 0.04723, 0.88449]]