[[0.66437, 0.10607, 0.0231, 0.00489, 0.00141, 0.10607, 0.03602, 0.00818, 0.00166, 0.00056, 0.0231, 0.00818, 0.00451, 0.00093, 0.0003, 0.00489, 0.00166, 0.00093, 0.00047, 0.00016, 0.00141, 0.00056, 0.0003, 0.00016, 0.00011], [0.14265, 0.494, 0.10757, 0.02277, 0.00658, 0.05645, 0.06768, 0.0381, 0.00773, 0.0026, 0.01229, 0.01537, 0.00848, 0.00435, 0.0014, 0.0026, 0.00312, 0.00176, 0.00088, 0.00074, 0.00075, 0.00105, 0.00057, 0.0003, 0.00021], [0.03063, 0.10607, 0.501, 0.10607, 0.03063, 0.01212, 0.03602, 0.07159, 0.03602, 0.01212, 0.00654, 0.00818, 0.01593, 0.00818, 0.00654, 0.00138, 0.00166, 0.0033, 0.00166, 0.00138, 0.0004, 0.00056, 0.00106, 0.00056, 0.0004], [0.00658, 0.02277, 0.10757, 0.494, 0.14265, 0.0026, 0.00773, 0.0381, 0.06768, 0.05645, 0.0014, 0.00435, 0.00848, 0.01537, 0.01229, 0.00074, 0.00088, 0.00176, 0.00312, 0.0026, 0.00021, 0.0003, 0.00057, 0.00105, 0.00075], [0.00141, 0.00489, 0.0231, 0.10607, 0.66437, 0.00056, 0.00166, 0.00818, 0.03602, 0.10607, 0.0003, 0.00093, 0.00451, 0.00818, 0.0231, 0.00016, 0.00047, 0.00093, 0.00166, 0.00489, 0.00011, 0.00016, 0.0003, 0.00056, 0.00141], [0.14265, 0.05645, 0.01229, 0.0026, 0.00075, 0.494, 0.06768, 0.01537, 0.00312, 0.00105, 0.10757, 0.0381, 0.00848, 0.00176, 0.00057, 0.02277, 0.00773, 0.00435, 0.00088, 0.0003, 0.00658, 0.0026, 0.0014, 0.00074, 0.00021], [0.07591, 0.10607, 0.05725, 0.01212, 0.0035, 0.10607, 0.31519, 0.07159, 0.01453, 0.00489, 0.05725, 0.07159, 0.03948, 0.00818, 0.00264, 0.01212, 0.01453, 0.00818, 0.00412, 0.00138, 0.0035, 0.00489, 0.00264, 0.00138, 0.00099], [0.0163, 0.05645, 0.10757, 0.05645, 0.0163, 0.02277, 0.06768, 0.33344, 0.06768, 0.02277, 0.01229, 0.0381, 0.07419, 0.0381, 0.01229, 0.00645, 0.00773, 0.01537, 0.00773, 0.00645, 0.00186, 0.0026, 0.00496, 0.0026, 0.00186], [0.0035, 0.01212, 0.05725, 0.10607, 0.07591, 0.00489, 0.01453, 0.07159, 0.31519, 0.10607, 0.00264, 0.00818, 0.03948, 0.07159, 0.05725, 0.00138, 0.00412, 0.00818, 0.01453, 0.01212, 0.00099, 0.00138, 0.00264, 0.00489, 0.0035], [0.00075, 0.0026, 0.01229, 0.05645, 0.14265, 0.00105, 0.00312, 0.01537, 0.06768, 0.494, 0.00057, 0.00176, 0.00848, 0.0381, 0.10757, 0.0003, 0.00088, 0.00435, 0.00773, 0.02277, 0.00021, 0.00074, 0.0014, 0.0026, 0.00658], [0.03063, 0.01212, 0.00654, 0.00138, 0.0004, 0.10607, 0.03602, 0.00818, 0.00166, 0.00056, 0.501, 0.07159, 0.01593, 0.0033, 0.00106, 0.10607, 0.03602, 0.00818, 0.00166, 0.00056, 0.03063, 0.01212, 0.00654, 0.00138, 0.0004], [0.0163, 0.02277, 0.01229, 0.00645, 0.00186, 0.05645, 0.06768, 0.0381, 0.00773, 0.0026, 0.10757, 0.33344, 0.07419, 0.01537, 0.00496, 0.05645, 0.06768, 0.0381, 0.00773, 0.0026, 0.0163, 0.02277, 0.01229, 0.00645, 0.00186], [0.00867, 0.01212, 0.0231, 0.01212, 0.00867, 0.01212, 0.03602, 0.07159, 0.03602, 0.01212, 0.0231, 0.07159, 0.34552, 0.07159, 0.0231, 0.01212, 0.03602, 0.07159, 0.03602, 0.01212, 0.00867, 0.01212, 0.0231, 0.01212, 0.00867], [0.00186, 0.00645, 0.01229, 0.02277, 0.0163, 0.0026, 0.00773, 0.0381, 0.06768, 0.05645, 0.00496, 0.01537, 0.07419, 0.33344, 0.10757, 0.0026, 0.00773, 0.0381, 0.06768, 0.05645, 0.00186, 0.00645, 0.01229, 0.02277, 0.0163], [0.0004, 0.00138, 0.00654, 0.01212, 0.03063, 0.00056, 0.00166, 0.00818, 0.03602, 0.10607, 0.00106, 0.0033, 0.01593, 0.07159, 0.501, 0.00056, 0.00166, 0.00818, 0.03602, 0.10607, 0.0004, 0.00138, 0.00654, 0.01212, 0.03063], [0.00658, 0.0026, 0.0014, 0.00074, 0.00021, 0.02277, 0.00773, 0.00435, 0.00088, 0.0003, 0.10757, 0.0381, 0.00848, 0.00176, 0.00057, 0.494, 0.06768, 0.01537, 0.00312, 0.00105, 0.14265, 0.05645, 0.01229, 0.0026, 0.00075], [0.0035, 0.00489, 0.00264, 0.00138, 0.00099, 0.01212, 0.01453, 0.00818, 0.00412, 0.00138, 0.05725, 0.07159, 0.03948, 0.00818, 0.00264, 0.10607, 0.31519, 0.07159, 0.01453, 0.00489, 0.07591, 0.10607, 0.05725, 0.01212, 0.0035], [0.00186, 0.0026, 0.00496, 0.0026, 0.00186, 0.00645, 0.00773, 0.01537, 0.00773, 0.00645, 0.01229, 0.0381, 0.07419, 0.0381, 0.01229, 0.02277, 0.06768, 0.33344, 0.06768, 0.02277, 0.0163, 0.05645, 0.10757, 0.05645, 0.0163], [0.00099, 0.00138, 0.00264, 0.00489, 0.0035, 0.00138, 0.00412, 0.00818, 0.01453, 0.01212, 0.00264, 0.00818, 0.03948, 0.07159, 0.05725, 0.00489, 0.01453, 0.07159, 0.31519, 0.10607, 0.0035, 0.01212, 0.05725, 0.10607, 0.07591], [0.00021, 0.00074, 0.0014, 0.0026, 0.00658, 0.0003, 0.00088, 0.00435, 0.00773, 0.02277, 0.00057, 0.00176, 0.00848, 0.0381, 0.10757, 0.00105, 0.00312, 0.01537, 0.06768, 0.494, 0.00075, 0.0026, 0.01229, 0.05645, 0.14265], [0.00141, 0.00056, 0.0003, 0.00016, 0.00011, 0.00489, 0.00166, 0.00093, 0.00047, 0.00016, 0.0231, 0.00818, 0.00451, 0.00093, 0.0003, 0.10607, 0.03602, 0.00818, 0.00166, 0.00056, 0.66437, 0.10607, 0.0231, 0.00489, 0.00141], [0.00075, 0.00105, 0.00057, 0.0003, 0.00021, 0.0026, 0.00312, 0.00176, 0.00088, 0.00074, 0.01229, 0.01537, 0.00848, 0.00435, 0.0014, 0.05645, 0.06768, 0.0381, 0.00773, 0.0026, 0.14265, 0.494, 0.10757, 0.02277, 0.00658], [0.0004, 0.00056, 0.00106, 0.00056, 0.0004, 0.00138, 0.00166, 0.0033, 0.00166, 0.00138, 0.00654, 0.00818, 0.01593, 0.00818, 0.00654, 0.01212, 0.03602, 0.07159, 0.03602, 0.01212, 0.03063, 0.10607, 0.501, 0.10607, 0.03063], [0.00021, 0.0003, 0.00057, 0.00105, 0.00075, 0.00074, 0.00088, 0.00176, 0.00312, 0.0026, 0.0014, 0.00435, 0.00848, 0.01537, 0.01229, 0.0026, 0.00773, 0.0381, 0.06768, 0.05645, 0.00658, 0.02277, 0.10757, 0.494, 0.14265], [0.00011, 0.00016, 0.0003, 0.00056, 0.00141, 0.00016, 0.00047, 0.00093, 0.00166, 0.00489, 0.0003, 0.00093, 0.00451, 0.00818, 0.0231, 0.00056, 0.00166, 0.00818, 0.03602, 0.10607, 0.00141, 0.00489, 0.0231, 0.10607, 0.66437]]