[[0, 0, 0, 0, 0, 0, 0, 0, 0.7126, 0.06837, 0.03284, 0.01577, 0.01458, 0, 0, 0.06837, 0.00656, 0.00315, 0.00151, 0.0014, 0, 0, 0.03284, 0.00315, 0.00151, 0.00073, 0.00067, 0, 0, 0.01577, 0.00151, 0.00073, 0.00035, 0.00032, 0, 0, 0.01458, 0.0014, 0.00067, 0.00032, 0.0003, 0, 0, 0, 0, 0, 0, 0, 0], [0, 0, 0, 0, 0, 0, 0, 0, 0.57026, 0.14234, 0.06837, 0.03284, 0.03035, 0, 0, 0.05471, 0.01366, 0.00656, 0.00315, 0.00291, 0, 0, 0.02628, 0.00656, 0.00315, 0.00151, 0.0014, 0, 0, 0.01262, 0.00315, 0.00151, 0.00073, 0.00067, 0, 0, 0.01166, 0.00291, 0.0014, 0.00067, 0.00062, 0, 0, 0, 0, 0, 0, 0, 0], [0, 0, 0, 0, 0, 0, 0, 0, 0.2739, 0.29636, 0.14234, 0.06837, 0.06319, 0, 0, 0.02628, 0.02843, 0.01366, 0.00656, 0.00606, 0, 0, 0.01262, 0.01366, 0.00656, 0.00315, 0.00291, 0, 0, 0.00606, 0.00656, 0.00315, 0.00151, 0.0014, 0, 0, 0.0056, 0.00606, 0.00291, 0.0014, 0.00129, 0, 0, 0, 0, 0, 0, 0, 0], [0, 0, 0, 0, 0, 0, 0, 0, 0.13156, 0.14234, 0.29636, 0.14234, 0.13156, 0, 0, 0.01262, 0.01366, 0.02843, 0.01366, 0.01262, 0, 0, 0.00606, 0.00656, 0.01366, 0.00656, 0.00606, 0, 0, 0.00291, 0.00315, 0.00656, 0.00315, 0.00291, 0, 0, 0.00269, 0.00291, 0.00606, 0.00291, 0.00269, 0, 0, 0, 0, 0, 0, 0, 0], [0, 0, 0, 0, 0, 0, 0, 0, 0.06319, 0.06837, 0.14234, 0.29636, 0.2739, 0, 0, 0.00606, 0.00656, 0.01366, 0.02843, 0.02628, 0, 0, 0.00291, 0.00315, 0.00656, 0.01366, 0.01262, 0, 0, 0.0014, 0.00151, 0.00315, 0.00656, 0.00606, 0, 0, 0.00129, 0.0014, 0.00291, 0.00606, 0.0056, 0, 0, 0, 0, 0, 0, 0, 0], [0, 0, 0, 0, 0, 0, 0, 0, 0.03035, 0.03284, 0.06837, 0.14234, 0.57026, 0, 0, 0.00291, 0.00315, 0.00656, 0.01366, 0.05471, 0, 0, 0.0014, 0.00151, 0.00315, 0.00656, 0.02628, 0, 0, 0.00067, 0.00073, 0.00151, 0.00315, 0.01262, 0, 0, 0.00062, 0.00067, 0.0014, 0.00291, 0.01166, 0, 0, 0, 0, 0, 0, 0, 0], [0, 0, 0, 0, 0, 0, 0, 0, 0.01458, 0.01577, 0.03284, 0.06837, 0.7126, 0, 0, 0.0014, 0.00151, 0.00315, 0.00656, 0.06837, 0, 0, 0.00067, 0.00073, 0.00151, 0.00315, 0.03284, 0, 0, 0.00032, 0.00035, 0.00073, 0.00151, 0.01577, 0, 0, 0.0003, 0.00032, 0.00067, 0.0014, 0.01458, 0, 0, 0, 0, 0, 0, 0, 0], [0, 0, 0, 0, 0, 0, 0, 0, 0.57026, 0.05471, 0.02628, 0.01262, 0.01166, 0, 0, 0.14234, 0.01366, 0.00656, 0.00315, 0.00291, 0, 0, 0.06837, 0.00656, 0.00315, 0.00151, 0.0014, 0, 0, 0.03284, 0.00315, 0.00151, 0.00073, 0.00067, 0, 0, 0.03035, 0.00291, 0.0014, 0.00067, 0.00062, 0, 0, 0, 0, 0, 0, 0, 0], [0, 0, 0, 0, 0, 0, 0, 0, 0.45635, 0.11391, 0.05471, 0.02628, 0.02429, 0, 0, 0.11391, 0.02843, 0.01366, 0.00656, 0.00606, 0, 0, 0.05471, 0.01366, 0.00656, 0.00315, 0.00291, 0, 0, 0.02628, 0.00656, 0.00315, 0.00151, 0.0014, 0, 0, 0.02429, 0.00606, 0.00291, 0.0014, 0.00129, 0, 0, 0, 0, 0, 0, 0, 0], [0, 0, 0, 0, 0, 0, 0, 0, 0.21919, 0.23716, 0.11391, 0.05471, 0.05056, 0, 0, 0.05471, 0.0592, 0.02843, 0.01366, 0.01262, 0, 0, 0.02628, 0.02843, 0.01366, 0.00656, 0.00606, 0, 0, 0.01262, 0.01366, 0.00656, 0.00315, 0.00291, 0, 0, 0.01166, 0.01262, 0.00606, 0.00291, 0.00269, 0, 0, 0, 0, 0, 0, 0, 0], [0, 0, 0, 0, 0, 0, 0, 0, 0.10528, 0.11391, 0.23716, 0.11391, 0.10528, 0, 0, 0.02628, 0.02843, 0.0592, 0.02843, 0.02628, 0, 0, 0.01262, 0.01366, 0.02843, 0.01366, 0.01262, 0, 0, 0.00606, 0.00656, 0.01366, 0.00656, 0.00606, 0, 0, 0.0056, 0.00606, 0.01262, 0.00606, 0.0056, 0, 0, 0, 0, 0, 0, 0, 0], [0, 0, 0, 0, 0, 0, 0, 0, 0.05056, 0.05471, 0.11391, 0.23716, 0.21919, 0, 0, 0.01262, 0.01366, 0.02843, 0.0592, 0.05471, 0, 0, 0.00606, 0.00656, 0.01366, 0.02843, 0.02628, 0, 0, 0.00291, 0.00315, 0.00656, 0.01366, 0.01262, 0, 0, 0.00269, 0.00291, 0.00606, 0.01262, 0.01166, 0, 0, 0, 0, 0, 0, 0, 0], [0, 0, 0, 0, 0, 0, 0, 0, 0.02429, 0.02628, 0.05471, 0.11391, 0.45635, 0, 0, 0.00606, 0.00656, 0.01366, 0.02843, 0.11391, 0, 0, 0.00291, 0.00315, 0.00656, 0.01366, 0.05471, 0, 0, 0.0014, 0.00151, 0.00315, 0.00656, 0.02628, 0, 0, 0.00129, 0.0014, 0.00291, 0.00606, 0.02429, 0, 0, 0, 0, 0, 0, 0, 0], [0, 0, 0, 0, 0, 0, 0, 0, 0.01166, 0.01262, 0.02628, 0.05471, 0.57026, 0, 0, 0.00291, 0.00315, 0.00656, 0.01366, 0.14234, 0, 0, 0.0014, 0.00151, 0.00315, 0.00656, 0.06837, 0, 0, 0.00067, 0.00073, 0.00151, 0.00315, 0.03284, 0, 0, 0.00062, 0.00067, 0.0014, 0.00291, 0.03035, 0, 0, 0, 0, 0, 0, 0, 0], [0, 0, 0, 0, 0, 0, 0, 0, 0.2739, 0.02628, 0.01262, 0.00606, 0.0056, 0, 0, 0.29636, 0.02843, 0.01366, 0.00656, 0.00606, 0, 0, 0.14234, 0.01366, 0.00656, 0.00315, 0.00291, 0, 0, 0.06837, 0.00656, 0.00315, 0.00151, 0.0014, 0, 0, 0.06319, 0.00606, 0.00291, 0.0014, 0.00129, 0, 0, 0, 0, 0, 0, 0, 0], [0, 0, 0, 0, 0, 0, 0, 0, 0.21919, 0.05471, 0.02628, 0.01262, 0.01166, 0, 0, 0.23716, 0.0592, 0.02843, 0.01366, 0.01262, 0, 0, 0.11391, 0.02843, 0.01366, 0.00656, 0.00606, 0, 0, 0.05471, 0.01366, 0.00656, 0.00315, 0.00291, 0, 0, 0.05056, 0.01262, 0.00606, 0.00291, 0.00269, 0, 0, 0, 0, 0, 0, 0, 0], [0, 0, 0, 0, 0, 0, 0, 0, 0.10528, 0.11391, 0.05471, 0.02628, 0.02429, 0, 0, 0.11391, 0.12325, 0.0592, 0.02843, 0.02628, 0, 0, 0.05471, 0.0592, 0.02843, 0.01366, 0.01262, 0, 0, 0.02628, 0.02843, 0.01366, 0.00656, 0.00606, 0, 0, 0.02429, 0.02628, 0.01262, 0.00606, 0.0056, 0, 0, 0, 0, 0, 0, 0, 0], [0, 0, 0, 0, 0, 0, 0, 0, 0.05056, 0.05471, 0.11391, 0.05471, 0.05056, 0, 0, 0.05471, 0.0592, 0.12325, 0.0592, 0.05471, 0, 0, 0.02628, 0.02843, 0.0592, 0.02843, 0.02628, 0, 0, 0.01262, 0.01366, 0.02843, 0.01366, 0.01262, 0, 0, 0.01166, 0.01262, 0.02628, 0.01262, 0.01166, 0, 0, 0, 0, 0, 0, 0, 0], [0, 0, 0, 0, 0, 0, 0, 0, 0.02429, 0.02628, 0.05471, 0.11391, 0.10528, 0, 0, 0.02628, 0.02843, 0.0592, 0.12325, 0.11391, 0, 0, 0.01262, 0.01366, 0.02843, 0.0592, 0.05471, 0, 0, 0.00606, 0.00656, 0.01366, 0.02843, 0.02628, 0, 0, 0.0056, 0.00606, 0.01262, 0.02628, 0.02429, 0, 0, 0, 0, 0, 0, 0, 0], [0, 0, 0, 0, 0, 0, 0, 0, 0.01166, 0.01262, 0.02628, 0.05471, 0.21919, 0, 0, 0.01262, 0.01366, 0.02843, 0.0592, 0.23716, 0, 0, 0.00606, 0.00656, 0.01366, 0.02843, 0.11391, 0, 0, 0.00291, 0.00315, 0.00656, 0.01366, 0.05471, 0, 0, 0.00269, 0.00291, 0.00606, 0.01262, 0.05056, 0, 0, 0, 0, 0, 0, 0, 0], [0, 0, 0, 0, 0, 0, 0, 0, 0.0056, 0.00606, 0.01262, 0.02628, 0.2739, 0, 0, 0.00606, 0.00656, 0.01366, 0.02843, 0.29636, 0, 0, 0.00291, 0.00315, 0.00656, 0.01366, 0.14234, 0, 0, 0.0014, 0.00151, 0.00315, 0.00656, 0.06837, 0, 0, 0.00129, 0.0014, 0.00291, 0.00606, 0.06319, 0, 0, 0, 0, 0, 0, 0, 0], [0, 0, 0, 0, 0, 0, 0, 0, 0.13156, 0.01262, 0.00606, 0.00291, 0.00269, 0, 0, 0.14234, 0.01366, 0.00656, 0.00315, 0.00291, 0, 0, 0.29636, 0.02843, 0.01366, 0.00656, 0.00606, 0, 0, 0.14234, 0.01366, 0.00656, 0.00315, 0.00291, 0, 0, 0.13156, 0.01262, 0.00606, 0.00291, 0.00269, 0, 0, 0, 0, 0, 0, 0, 0], [0, 0, 0, 0, 0, 0, 0, 0, 0.10528, 0.02628, 0.01262, 0.00606, 0.0056, 0, 0, 0.11391, 0.02843, 0.01366, 0.00656, 0.00606, 0, 0, 0.23716, 0.0592, 0.02843, 0.01366, 0.01262, 0, 0, 0.11391, 0.02843, 0.01366, 0.00656, 0.00606, 0, 0, 0.10528, 0.02628, 0.01262, 0.00606, 0.0056, 0, 0, 0, 0, 0, 0, 0, 0], [0, 0, 0, 0, 0, 0, 0, 0, 0.05056, 0.05471, 0.02628, 0.01262, 0.01166, 0, 0, 0.05471, 0.0592, 0.02843, 0.01366, 0.01262, 0, 0, 0.11391, 0.12325, 0.0592, 0.02843, 0.02628, 0, 0, 0.05471, 0.0592, 0.02843, 0.01366, 0.01262, 0, 0, 0.05056, 0.05471, 0.02628, 0.01262, 0.01166, 0, 0, 0, 0, 0, 0, 0, 0], [0, 0, 0, 0, 0, 0, 0, 0, 0.02429, 0.02628, 0.05471, 0.02628, 0.02429, 0, 0, 0.02628, 0.02843, 0.0592, 0.02843, 0.02628, 0, 0, 0.05471, 0.0592, 0.12325, 0.0592, 0.05471, 0, 0, 0.02628, 0.02843, 0.0592, 0.02843, 0.02628, 0, 0, 0.02429, 0.02628, 0.05471, 0.02628, 0.02429, 0, 0, 0, 0, 0, 0, 0, 0], [0, 0, 0, 0, 0, 0, 0, 0, 0.01166, 0.01262, 0.02628, 0.05471, 0.05056, 0, 0, 0.01262, 0.01366, 0.02843, 0.0592, 0.05471, 0, 0, 0.02628, 0.02843, 0.0592, 0.12325, 0.11391, 0, 0, 0.01262, 0.01366, 0.02843, 0.0592, 0.05471, 0, 0, 0.01166, 0.01262, 0.02628, 0.05471, 0.05056, 0, 0, 0, 0, 0, 0, 0, 0], [0, 0, 0, 0, 0, 0, 0, 0, 0.0056, 0.00606, 0.01262, 0.02628, 0.10528, 0, 0, 0.00606, 0.00656, 0.01366, 0.02843, 0.11391, 0, 0, 0.01262, 0.01366, 0.02843, 0.0592, 0.23716, 0, 0, 0.00606, 0.00656, 0.01366, 0.02843, 0.11391, 0, 0, 0.0056, 0.00606, 0.01262, 0.02628, 0.10528, 0, 0, 0, 0, 0, 0, 0, 0], [0, 0, 0, 0, 0, 0, 0, 0, 0.00269, 0.00291, 0.00606, 0.01262, 0.13156, 0, 0, 0.00291, 0.00315, 0.00656, 0.01366, 0.14234, 0, 0, 0.00606, 0.00656, 0.01366, 0.02843, 0.29636, 0, 0, 0.00291, 0.00315, 0.00656, 0.01366, 0.14234, 0, 0, 0.00269, 0.00291, 0.00606, 0.01262, 0.13156, 0, 0, 0, 0, 0, 0, 0, 0], [0, 0, 0, 0, 0, 0, 0, 0, 0.06319, 0.00606, 0.00291, 0.0014, 0.00129, 0, 0, 0.06837, 0.00656, 0.00315, 0.00151, 0.0014, 0, 0, 0.14234, 0.01366, 0.00656, 0.00315, 0.00291, 0, 0, 0.29636, 0.02843, 0.01366, 0.00656, 0.00606, 0, 0, 0.2739, 0.02628, 0.01262, 0.00606, 0.0056, 0, 0, 0, 0, 0, 0, 0, 0], [0, 0, 0, 0, 0, 0, 0, 0, 0.05056, 0.01262, 0.00606, 0.00291, 0.00269, 0, 0, 0.05471, 0.01366, 0.00656, 0.00315, 0.00291, 0, 0, 0.11391, 0.02843, 0.01366, 0.00656, 0.00606, 0, 0, 0.23716, 0.0592, 0.02843, 0.01366, 0.01262, 0, 0, 0.21919, 0.05471, 0.02628, 0.01262, 0.01166, 0, 0, 0, 0, 0, 0, 0, 0], [0, 0, 0, 0, 0, 0, 0, 0, 0.02429, 0.02628, 0.01262, 0.00606, 0.0056, 0, 0, 0.02628, 0.02843, 0.01366, 0.00656, 0.00606, 0, 0, 0.05471, 0.0592, 0.02843, 0.01366, 0.01262, 0, 0, 0.11391, 0.12325, 0.0592, 0.02843, 0.02628, 0, 0, 0.10528, 0.11391, 0.05471, 0.02628, 0.02429, 0, 0, 0, 0, 0, 0, 0, 0], [0, 0, 0, 0, 0, 0, 0, 0, 0.01166, 0.01262, 0.02628, 0.01262, 0.01166, 0, 0, 0.01262, 0.01366, 0.02843, 0.01366, 0.01262, 0, 0, 0.02628, 0.02843, 0.0592, 0.02843, 0.02628, 0, 0, 0.05471, 0.0592, 0.12325, 0.0592, 0.05471, 0, 0, 0.05056, 0.05471, 0.11391, 0.05471, 0.05056, 0, 0, 0, 0, 0, 0, 0, 0], [0, 0, 0, 0, 0, 0, 0, 0, 0.0056, 0.00606, 0.01262, 0.02628, 0.02429, 0, 0, 0.00606, 0.00656, 0.01366, 0.02843, 0.02628, 0, 0, 0.01262, 0.01366, 0.02843, 0.0592, 0.05471, 0, 0, 0.02628, 0.02843, 0.0592, 0.12325, 0.11391, 0, 0, 0.02429, 0.02628, 0.05471, 0.11391, 0.10528, 0, 0, 0, 0, 0, 0, 0, 0], [0, 0, 0, 0, 0, 0, 0, 0, 0.00269, 0.00291, 0.00606, 0.01262, 0.05056, 0, 0, 0.00291, 0.00315, 0.00656, 0.01366, 0.05471, 0, 0, 0.00606, 0.00656, 0.01366, 0.02843, 0.11391, 0, 0, 0.01262, 0.01366, 0.02843, 0.0592, 0.23716, 0, 0, 0.01166, 0.01262, 0.02628, 0.05471, 0.21919, 0, 0, 0, 0, 0, 0, 0, 0], [0, 0, 0, 0, 0, 0, 0, 0, 0.00129, 0.0014, 0.00291, 0.00606, 0.06319, 0, 0, 0.0014, 0.00151, 0.00315, 0.00656, 0.06837, 0, 0, 0.00291, 0.00315, 0.00656, 0.01366, 0.14234, 0, 0, 0.00606, 0.00656, 0.01366, 0.02843, 0.29636, 0, 0, 0.0056, 0.00606, 0.01262, 0.02628, 0.2739, 0, 0, 0, 0, 0, 0, 0, 0], [0, 0, 0, 0, 0, 0, 0, 0, 0.03035, 0.00291, 0.0014, 0.00067, 0.00062, 0, 0, 0.03284, 0.00315, 0.00151, 0.00073, 0.00067, 0, 0, 0.06837, 0.00656, 0.00315, 0.00151, 0.0014, 0, 0, 0.14234, 0.01366, 0.00656, 0.00315, 0.00291, 0, 0, 0.57026, 0.05471, 0.02628, 0.01262, 0.01166, 0, 0, 0, 0, 0, 0, 0, 0], [0, 0, 0, 0, 0, 0, 0, 0, 0.02429, 0.00606, 0.00291, 0.0014, 0.00129, 0, 0, 0.02628, 0.00656, 0.00315, 0.00151, 0.0014, 0, 0, 0.05471, 0.01366, 0.00656, 0.00315, 0.00291, 0, 0, 0.11391, 0.02843, 0.01366, 0.00656, 0.00606, 0, 0, 0.45635, 0.11391, 0.05471, 0.02628, 0.02429, 0, 0, 0, 0, 0, 0, 0, 0], [0, 0, 0, 0, 0, 0, 0, 0, 0.01166, 0.01262, 0.00606, 0.00291, 0.00269, 0, 0, 0.01262, 0.01366, 0.00656, 0.00315, 0.00291, 0, 0, 0.02628, 0.02843, 0.01366, 0.00656, 0.00606, 0, 0, 0.05471, 0.0592, 0.02843, 0.01366, 0.01262, 0, 0, 0.21919, 0.23716, 0.11391, 0.05471, 0.05056, 0, 0, 0, 0, 0, 0, 0, 0], [0, 0, 0, 0, 0, 0, 0, 0, 0.0056, 0.00606, 0.01262, 0.00606, 0.0056, 0, 0, 0.00606, 0.00656, 0.01366, 0.00656, 0.00606, 0, 0, 0.01262, 0.01366, 0.02843, 0.01366, 0.01262, 0, 0, 0.02628, 0.02843, 0.0592, 0.02843, 0.02628, 0, 0, 0.10528, 0.11391, 0.23716, 0.11391, 0.10528, 0, 0, 0, 0, 0, 0, 0, 0], [0, 0, 0, 0, 0, 0, 0, 0, 0.00269, 0.00291, 0.00606, 0.01262, 0.01166, 0, 0, 0.00291, 0.00315, 0.00656, 0.01366, 0.01262, 0, 0, 0.00606, 0.00656, 0.01366, 0.02843, 0.02628, 0, 0, 0.01262, 0.01366, 0.02843, 0.0592, 0.05471, 0, 0, 0.05056, 0.05471, 0.11391, 0.23716, 0.21919, 0, 0, 0, 0, 0, 0, 0, 0], [0, 0, 0, 0, 0, 0, 0, 0, 0.00129, 0.0014, 0.00291, 0.00606, 0.02429, 0, 0, 0.0014, 0.00151, 0.00315, 0.00656, 0.02628, 0, 0, 0.00291, 0.00315, 0.00656, 0.01366, 0.05471, 0, 0, 0.00606, 0.00656, 0.01366, 0.02843, 0.11391, 0, 0, 0.02429, 0.02628, 0.05471, 0.11391, 0.45635, 0, 0, 0, 0, 0, 0, 0, 0], [0, 0, 0, 0, 0, 0, 0, 0, 0.00062, 0.00067, 0.0014, 0.00291, 0.03035, 0, 0, 0.00067, 0.00073, 0.00151, 0.00315, 0.03284, 0, 0, 0.0014, 0.00151, 0.00315, 0.00656, 0.06837, 0, 0, 0.00291, 0.00315, 0.00656, 0.01366, 0.14234, 0, 0, 0.01166, 0.01262, 0.02628, 0.05471, 0.57026, 0, 0, 0, 0, 0, 0, 0, 0], [0, 0, 0, 0, 0, 0, 0, 0, 0.01458, 0.0014, 0.00067, 0.00032, 0.0003, 0, 0, 0.01577, 0.00151, 0.00073, 0.00035, 0.00032, 0, 0, 0.03284, 0.00315, 0.00151, 0.00073, 0.00067, 0, 0, 0.06837, 0.00656, 0.00315, 0.00151, 0.0014, 0, 0, 0.7126, 0.06837, 0.03284, 0.01577, 0.01458, 0, 0, 0, 0, 0, 0, 0, 0], [0, 0, 0, 0, 0, 0, 0, 0, 0.01166, 0.00291, 0.0014, 0.00067, 0.00062, 0, 0, 0.01262, 0.00315, 0.00151, 0.00073, 0.00067, 0, 0, 0.02628, 0.00656, 0.00315, 0.00151, 0.0014, 0, 0, 0.05471, 0.01366, 0.00656, 0.00315, 0.00291, 0, 0, 0.57026, 0.14234, 0.06837, 0.03284, 0.03035, 0, 0, 0, 0, 0, 0, 0, 0], [0, 0, 0, 0, 0, 0, 0, 0, 0.0056, 0.00606, 0.00291, 0.0014, 0.00129, 0, 0, 0.00606, 0.00656, 0.00315, 0.00151, 0.0014, 0, 0, 0.01262, 0.01366, 0.00656, 0.00315, 0.00291, 0, 0, 0.02628, 0.02843, 0.01366, 0.00656, 0.00606, 0, 0, 0.2739, 0.29636, 0.14234, 0.06837, 0.06319, 0, 0, 0, 0, 0, 0, 0, 0], [0, 0, 0, 0, 0, 0, 0, 0, 0.00269, 0.00291, 0.00606, 0.00291, 0.00269, 0, 0, 0.00291, 0.00315, 0.00656, 0.00315, 0.00291, 0, 0, 0.00606, 0.00656, 0.01366, 0.00656, 0.00606, 0, 0, 0.01262, 0.01366, 0.02843, 0.01366, 0.01262, 0, 0, 0.13156, 0.14234, 0.29636, 0.14234, 0.13156, 0, 0, 0, 0, 0, 0, 0, 0], [0, 0, 0, 0, 0, 0, 0, 0, 0.00129, 0.0014, 0.00291, 0.00606, 0.0056, 0, 0, 0.0014, 0.00151, 0.00315, 0.00656, 0.00606, 0, 0, 0.00291, 0.00315, 0.00656, 0.01366, 0.01262, 0, 0, 0.00606, 0.00656, 0.01366, 0.02843, 0.02628, 0, 0, 0.06319, 0.06837, 0.14234, 0.29636, 0.2739, 0, 0, 0, 0, 0, 0, 0, 0], [0, 0, 0, 0, 0, 0, 0, 0, 0.00062, 0.00067, 0.0014, 0.00291, 0.01166, 0, 0, 0.00067, 0.00073, 0.00151, 0.00315, 0.01262, 0, 0, 0.0014, 0.00151, 0.00315, 0.00656, 0.02628, 0, 0, 0.00291, 0.00315, 0.00656, 0.01366, 0.05471, 0, 0, 0.03035, 0.03284, 0.06837, 0.14234, 0.57026, 0, 0, 0, 0, 0, 0, 0, 0], [0, 0, 0, 0, 0, 0, 0, 0, 0.0003, 0.00032, 0.00067, 0.0014, 0.01458, 0, 0, 0.00032, 0.00035, 0.00073, 0.00151, 0.01577, 0, 0, 0.00067, 0.00073, 0.00151, 0.00315, 0.03284, 0, 0, 0.0014, 0.00151, 0.00315, 0.00656, 0.06837, 0, 0, 0.01458, 0.01577, 0.03284, 0.06837, 0.7126, 0, 0, 0, 0, 0, 0, 0, 0]]