[[0.51517, 0.12292, 0.04834, 0.01901, 0.00747, 0.00294, 0.00191, 0.12292, 0.02933, 0.01153, 0.00454, 0.00178, 0.0007, 0.00045, 0.04834, 0.01153, 0.00454, 0.00178, 0.0007, 0.00028, 0.00018, 0.01901, 0.00454, 0.00178, 0.0007, 0.00028, 0.00011, 7e-05, 0.00747, 0.00178, 0.0007, 0.00028, 0.00011, 4e-05, 3e-05, 0.00294, 0.0007, 0.00028, 0.00011, 4e-05, 2e-05, 1e-05, 0.00191, 0.00045, 0.00018, 7e-05, 3e-05, 1e-05, 0], [0.20258, 0.31258, 0.12292, 0.04834, 0.01901, 0.00747, 0.00484, 0.04834, 0.07458, 0.02933, 0.01153, 0.00454, 0.00178, 0.00116, 0.01901, 0.02933, 0.01153, 0.00454, 0.00178, 0.0007, 0.00045, 0.00747, 0.01153, 0.00454, 0.00178, 0.0007, 0.00028, 0.00018, 0.00294, 0.00454, 0.00178, 0.0007, 0.00028, 0.00011, 7e-05, 0.00116, 0.00178, 0.0007, 0.00028, 0.00011, 4e-05, 3e-05, 0.00075, 0.00116, 0.00045, 0.00018, 7e-05, 3e-05, 2e-05], [0.07966, 0.12292, 0.31258, 0.12292, 0.04834, 0.01901, 0.01232, 0.01901, 0.02933, 0.07458, 0.02933, 0.01153, 0.00454, 0.00294, 0.00747, 0.01153, 0.02933, 0.01153, 0.00454, 0.00178, 0.00116, 0.00294, 0.00454, 0.01153, 0.00454, 0.00178, 0.0007, 0.00045, 0.00116, 0.00178, 0.00454, 0.00178, 0.0007, 0.00028, 0.00018, 0.00045, 0.0007, 0.00178, 0.0007, 0.00028, 0.00011, 7e-05, 0.00029, 0.00045, 0.00116, 0.00045, 0.00018, 7e-05, 5e-05], [0.03133, 0.04834, 0.12292, 0.31258, 0.12292, 0.04834, 0.03133, 0.00747, 0.01153, 0.02933, 0.07458, 0.02933, 0.01153, 0.00747, 0.00294, 0.00454, 0.01153, 0.02933, 0.01153, 0.00454, 0.00294, 0.00116, 0.00178, 0.00454, 0.01153, 0.00454, 0.00178, 0.00116, 0.00045, 0.0007, 0.00178, 0.00454, 0.00178, 0.0007, 0.00045, 0.00018, 0.00028, 0.0007, 0.00178, 0.0007, 0.00028, 0.00018, 0.00012, 0.00018, 0.00045, 0.00116, 0.00045, 0.00018, 0.00012], [0.01232, 0.01901, 0.04834, 0.12292, 0.31258, 0.12292, 0.07966, 0.00294, 0.00454, 0.01153, 0.02933, 0.07458, 0.02933, 0.01901, 0.00116, 0.00178, 0.00454, 0.01153, 0.02933, 0.01153, 0.00747, 0.00045, 0.0007, 0.00178, 0.00454, 0.01153, 0.00454, 0.00294, 0.00018, 0.00028, 0.0007, 0.00178, 0.00454, 0.00178, 0.00116, 7e-05, 0.00011, 0.00028, 0.0007, 0.00178, 0.0007, 0.00045, 5e-05, 7e-05, 0.00018, 0.00045, 0.00116, 0.00045, 0.00029], [0.00484, 0.00747, 0.01901, 0.04834, 0.12292, 0.31258, 0.20258, 0.00116, 0.00178, 0.00454, 0.01153, 0.02933, 0.07458, 0.04834, 0.00045, 0.0007, 0.00178, 0.00454, 0.01153, 0.02933, 0.01901, 0.00018, 0.00028, 0.0007, 0.00178, 0.00454, 0.01153, 0.00747, 7e-05, 0.00011, 0.00028, 0.0007, 0.00178, 0.00454, 0.00294, 3e-05, 4e-05, 0.00011, 0.00028, 0.0007, 0.00178, 0.00116, 2e-05, 3e-05, 7e-05, 0.00018, 0.00045, 0.00116, 0.00075], [0.00191, 0.00294, 0.00747, 0.01901, 0.04834, 0.12292, 0.51517, 0.00045, 0.0007, 0.00178, 0.00454, 0.01153, 0.02933, 0.12292, 0.00018, 0.00028, 0.0007, 0.00178, 0.00454, 0.01153, 0.04834, 7e-05, 0.00011, 0.00028, 0.0007, 0.00178, 0.00454, 0.01901, 3e-05, 4e-05, 0.00011, 0.00028, 0.0007, 0.00178, 0.00747, 1e-05, 2e-05, 4e-05, 0.00011, 0.00028, 0.0007, 0.00294, 0, 1e-05, 3e-05, 7e-05, 0.00018, 0.00045, 0.00191], [0.20258, 0.04834, 0.01901, 0.00747, 0.00294, 0.00116, 0.00075, 0.31258, 0.07458, 0.02933, 0.01153, 0.00454, 0.00178, 0.00116, 0.12292, 0.02933, 0.01153, 0.00454, 0.00178, 0.0007, 0.00045, 0.04834, 0.01153, 0.00454, 0.00178, 0.0007, 0.00028, 0.00018, 0.01901, 0.00454, 0.00178, 0.0007, 0.00028, 0.00011, 7e-05, 0.00747, 0.00178, 0.0007, 0.00028, 0.00011, 4e-05, 3e-05, 0.00484, 0.00116, 0.00045, 0.00018, 7e-05, 3e-05, 2e-05], [0.07966, 0.12292, 0.04834, 0.01901, 0.00747, 0.00294, 0.00191, 0.12292, 0.18966, 0.07458, 0.02933, 0.01153, 0.00454, 0.00294, 0.04834, 0.07458, 0.02933, 0.01153, 0.00454, 0.00178, 0.00116, 0.01901, 0.02933, 0.01153, 0.00454, 0.00178, 0.0007, 0.00045, 0.00747, 0.01153, 0.00454, 0.00178, 0.0007, 0.00028, 0.00018, 0.00294, 0.00454, 0.00178, 0.0007, 0.00028, 0.00011, 7e-05, 0.00191, 0.00294, 0.00116, 0.00045, 0.00018, 7e-05, 5e-05], [0.03133, 0.04834, 0.12292, 0.04834, 0.01901, 0.00747, 0.00484, 0.04834, 0.07458, 0.18966, 0.07458, 0.02933, 0.01153, 0.00747, 0.01901, 0.02933, 0.07458, 0.02933, 0.01153, 0.00454, 0.00294, 0.00747, 0.01153, 0.02933, 0.01153, 0.00454, 0.00178, 0.00116, 0.00294, 0.00454, 0.01153, 0.00454, 0.00178, 0.0007, 0.00045, 0.00116, 0.00178, 0.00454, 0.00178, 0.0007, 0.00028, 0.00018, 0.00075, 0.00116, 0.00294, 0.00116, 0.00045, 0.00018, 0.00012], [0.01232, 0.01901, 0.04834, 0.12292, 0.04834, 0.01901, 0.01232, 0.01901, 0.02933, 0.07458, 0.18966, 0.07458, 0.02933, 0.01901, 0.00747, 0.01153, 0.02933, 0.07458, 0.02933, 0.01153, 0.00747, 0.00294, 0.00454, 0.01153, 0.02933, 0.01153, 0.00454, 0.00294, 0.00116, 0.00178, 0.00454, 0.01153, 0.00454, 0.00178, 0.00116, 0.00045, 0.0007, 0.00178, 0.00454, 0.00178, 0.0007, 0.00045, 0.00029, 0.00045, 0.00116, 0.00294, 0.00116, 0.00045, 0.00029], [0.00484, 0.00747, 0.01901, 0.04834, 0.12292, 0.04834, 0.03133, 0.00747, 0.01153, 0.02933, 0.07458, 0.18966, 0.07458, 0.04834, 0.00294, 0.00454, 0.01153, 0.02933, 0.07458, 0.02933, 0.01901, 0.00116, 0.00178, 0.00454, 0.01153, 0.02933, 0.01153, 0.00747, 0.00045, 0.0007, 0.00178, 0.00454, 0.01153, 0.00454, 0.00294, 0.00018, 0.00028, 0.0007, 0.00178, 0.00454, 0.00178, 0.00116, 0.00012, 0.00018, 0.00045, 0.00116, 0.00294, 0.00116, 0.00075], [0.00191, 0.00294, 0.00747, 0.01901, 0.04834, 0.12292, 0.07966, 0.00294, 0.00454, 0.01153, 0.02933, 0.07458, 0.18966, 0.12292, 0.00116, 0.00178, 0.00454, 0.01153, 0.02933, 0.07458, 0.04834, 0.00045, 0.0007, 0.00178, 0.00454, 0.01153, 0.02933, 0.01901, 0.00018, 0.00028, 0.0007, 0.00178, 0.00454, 0.01153, 0.00747, 7e-05, 0.00011, 0.00028, 0.0007, 0.00178, 0.00454, 0.00294, 5e-05, 7e-05, 0.00018, 0.00045, 0.00116, 0.00294, 0.00191], [0.00075, 0.00116, 0.00294, 0.00747, 0.01901, 0.04834, 0.20258, 0.00116, 0.00178, 0.00454, 0.01153, 0.02933, 0.07458, 0.31258, 0.00045, 0.0007, 0.00178, 0.00454, 0.01153, 0.02933, 0.12292, 0.00018, 0.00028, 0.0007, 0.00178, 0.00454, 0.01153, 0.04834, 7e-05, 0.00011, 0.00028, 0.0007, 0.00178, 0.00454, 0.01901, 3e-05, 4e-05, 0.00011, 0.00028, 0.0007, 0.00178, 0.00747, 2e-05, 3e-05, 7e-05, 0.00018, 0.00045, 0.00116, 0.00484], [0.07966, 0.01901, 0.00747, 0.00294, 0.00116, 0.00045, 0.00029, 0.12292, 0.02933, 0.01153, 0.00454, 0.00178, 0.0007, 0.00045, 0.31258, 0.07458, 0.02933, 0.01153, 0.00454, 0.00178, 0.00116, 0.12292, 0.02933, 0.01153, 0.00454, 0.00178, 0.0007, 0.00045, 0.04834, 0.01153, 0.00454, 0.00178, 0.0007, 0.00028, 0.00018, 0.01901, 0.00454, 0.00178, 0.0007, 0.00028, 0.00011, 7e-05, 0.01232, 0.00294, 0.00116, 0.00045, 0.00018, 7e-05, 5e-05], [0.03133, 0.04834, 0.01901, 0.00747, 0.00294, 0.00116, 0.00075, 0.04834, 0.07458, 0.02933, 0.01153, 0.00454, 0.00178, 0.00116, 0.12292, 0.18966, 0.07458, 0.02933, 0.01153, 0.00454, 0.00294, 0.04834, 0.07458, 0.02933, 0.01153, 0.00454, 0.00178, 0.00116, 0.01901, 0.02933, 0.01153, 0.00454, 0.00178, 0.0007, 0.00045, 0.00747, 0.01153, 0.00454, 0.00178, 0.0007, 0.00028, 0.00018, 0.00484, 0.00747, 0.00294, 0.00116, 0.00045, 0.00018, 0.00012], [0.01232, 0.01901, 0.04834, 0.01901, 0.00747, 0.00294, 0.00191, 0.01901, 0.02933, 0.07458, 0.02933, 0.01153, 0.00454, 0.00294, 0.04834, 0.07458, 0.18966, 0.07458, 0.02933, 0.01153, 0.00747, 0.01901, 0.02933, 0.07458, 0.02933, 0.01153, 0.00454, 0.00294, 0.00747, 0.01153, 0.02933, 0.01153, 0.00454, 0.00178, 0.00116, 0.00294, 0.00454, 0.01153, 0.00454, 0.00178, 0.0007, 0.00045, 0.00191, 0.00294, 0.00747, 0.00294, 0.00116, 0.00045, 0.00029], [0.00484, 0.00747, 0.01901, 0.04834, 0.01901, 0.00747, 0.00484, 0.00747, 0.01153, 0.02933, 0.07458, 0.02933, 0.01153, 0.00747, 0.01901, 0.02933, 0.07458, 0.18966, 0.07458, 0.02933, 0.01901, 0.00747, 0.01153, 0.02933, 0.07458, 0.02933, 0.01153, 0.00747, 0.00294, 0.00454, 0.01153, 0.02933, 0.01153, 0.00454, 0.00294, 0.00116, 0.00178, 0.00454, 0.01153, 0.00454, 0.00178, 0.00116, 0.00075, 0.00116, 0.00294, 0.00747, 0.00294, 0.00116, 0.00075], [0.00191, 0.00294, 0.00747, 0.01901, 0.04834, 0.01901, 0.01232, 0.00294, 0.00454, 0.01153, 0.02933, 0.07458, 0.02933, 0.01901, 0.00747, 0.01153, 0.02933, 0.07458, 0.18966, 0.07458, 0.04834, 0.00294, 0.00454, 0.01153, 0.02933, 0.07458, 0.02933, 0.01901, 0.00116, 0.00178, 0.00454, 0.01153, 0.02933, 0.01153, 0.00747, 0.00045, 0.0007, 0.00178, 0.00454, 0.01153, 0.00454, 0.00294, 0.00029, 0.00045, 0.00116, 0.00294, 0.00747, 0.00294, 0.00191], [0.00075, 0.00116, 0.00294, 0.00747, 0.01901, 0.04834, 0.03133, 0.00116, 0.00178, 0.00454, 0.01153, 0.02933, 0.07458, 0.04834, 0.00294, 0.00454, 0.01153, 0.02933, 0.07458, 0.18966, 0.12292, 0.00116, 0.00178, 0.00454, 0.01153, 0.02933, 0.07458, 0.04834, 0.00045, 0.0007, 0.00178, 0.00454, 0.01153, 0.02933, 0.01901, 0.00018, 0.00028, 0.0007, 0.00178, 0.00454, 0.01153, 0.00747, 0.00012, 0.00018, 0.00045, 0.00116, 0.00294, 0.00747, 0.00484], [0.00029, 0.00045, 0.00116, 0.00294, 0.00747, 0.01901, 0.07966, 0.00045, 0.0007, 0.00178, 0.00454, 0.01153, 0.02933, 0.12292, 0.00116, 0.00178, 0.00454, 0.01153, 0.02933, 0.07458, 0.31258, 0.00045, 0.0007, 0.00178, 0.00454, 0.01153, 0.02933, 0.12292, 0.00018, 0.00028, 0.0007, 0.00178, 0.00454, 0.01153, 0.04834, 7e-05, 0.00011, 0.00028, 0.0007, 0.00178, 0.00454, 0.01901, 5e-05, 7e-05, 0.00018, 0.00045, 0.00116, 0.00294, 0.01232], [0.03133, 0.00747, 0.00294, 0.00116, 0.00045, 0.00018, 0.00012, 0.04834, 0.01153, 0.00454, 0.00178, 0.0007, 0.00028, 0.00018, 0.12292, 0.02933, 0.01153, 0.00454, 0.00178, 0.0007, 0.00045, 0.31258, 0.07458, 0.02933, 0.01153, 0.00454, 0.00178, 0.00116, 0.12292, 0.02933, 0.01153, 0.00454, 0.00178, 0.0007, 0.00045, 0.04834, 0.01153, 0.00454, 0.00178, 0.0007, 0.00028, 0.00018, 0.03133, 0.00747, 0.00294, 0.00116, 0.00045, 0.00018, 0.00012], [0.01232, 0.01901, 0.00747, 0.00294, 0.00116, 0.00045, 0.00029, 0.01901, 0.02933, 0.01153, 0.00454, 0.00178, 0.0007, 0.00045, 0.04834, 0.07458, 0.02933, 0.01153, 0.00454, 0.00178, 0.00116, 0.12292, 0.18966, 0.07458, 0.02933, 0.01153, 0.00454, 0.00294, 0.04834, 0.07458, 0.02933, 0.01153, 0.00454, 0.00178, 0.00116, 0.01901, 0.02933, 0.01153, 0.00454, 0.00178, 0.0007, 0.00045, 0.01232, 0.01901, 0.00747, 0.00294, 0.00116, 0.00045, 0.00029], [0.00484, 0.00747, 0.01901, 0.00747, 0.00294, 0.00116, 0.00075, 0.00747, 0.01153, 0.02933, 0.01153, 0.00454, 0.00178, 0.00116, 0.01901, 0.02933, 0.07458, 0.02933, 0.01153, 0.00454, 0.00294, 0.04834, 0.07458, 0.18966, 0.07458, 0.02933, 0.01153, 0.00747, 0.01901, 0.02933, 0.07458, 0.02933, 0.01153, 0.00454, 0.00294, 0.00747, 0.01153, 0.02933, 0.01153, 0.00454, 0.00178, 0.00116, 0.00484, 0.00747, 0.01901, 0.00747, 0.00294, 0.00116, 0.00075], [0.00191, 0.00294, 0.00747, 0.01901, 0.00747, 0.00294, 0.00191, 0.00294, 0.00454, 0.01153, 0.02933, 0.01153, 0.00454, 0.00294, 0.00747, 0.01153, 0.02933, 0.07458, 0.02933, 0.01153, 0.00747, 0.01901, 0.02933, 0.07458, 0.18966, 0.07458, 0.02933, 0.01901, 0.00747, 0.01153, 0.02933, 0.07458, 0.02933, 0.01153, 0.00747, 0.00294, 0.00454, 0.01153, 0.02933, 0.01153, 0.00454, 0.00294, 0.00191, 0.00294, 0.00747, 0.01901, 0.00747, 0.00294, 0.00191], [0.00075, 0.00116, 0.00294, 0.00747, 0.01901, 0.00747, 0.00484, 0.00116, 0.00178, 0.00454, 0.01153, 0.02933, 0.01153, 0.00747, 0.00294, 0.00454, 0.01153, 0.02933, 0.07458, 0.02933, 0.01901, 0.00747, 0.01153, 0.02933, 0.07458, 0.18966, 0.07458, 0.04834, 0.00294, 0.00454, 0.01153, 0.02933, 0.07458, 0.02933, 0.01901, 0.00116, 0.00178, 0.00454, 0.01153, 0.02933, 0.01153, 0.00747, 0.00075, 0.00116, 0.00294, 0.00747, 0.01901, 0.00747, 0.00484], [0.00029, 0.00045, 0.00116, 0.00294, 0.00747, 0.01901, 0.01232, 0.00045, 0.0007, 0.00178, 0.00454, 0.01153, 0.02933, 0.01901, 0.00116, 0.00178, 0.00454, 0.01153, 0.02933, 0.07458, 0.04834, 0.00294, 0.00454, 0.01153, 0.02933, 0.07458, 0.18966, 0.12292, 0.00116, 0.00178, 0.00454, 0.01153, 0.02933, 0.07458, 0.04834, 0.00045, 0.0007, 0.00178, 0.00454, 0.01153, 0.02933, 0.01901, 0.00029, 0.00045, 0.00116, 0.00294, 0.00747, 0.01901, 0.01232], [0.00012, 0.00018, 0.00045, 0.00116, 0.00294, 0.00747, 0.03133, 0.00018, 0.00028, 0.0007, 0.00178, 0.00454, 0.01153, 0.04834, 0.00045, 0.0007, 0.00178, 0.00454, 0.01153, 0.02933, 0.12292, 0.00116, 0.00178, 0.00454, 0.01153, 0.02933, 0.07458, 0.31258, 0.00045, 0.0007, 0.00178, 0.00454, 0.01153, 0.02933, 0.12292, 0.00018, 0.00028, 0.0007, 0.00178, 0.00454, 0.01153, 0.04834, 0.00012, 0.00018, 0.00045, 0.00116, 0.00294, 0.00747, 0.03133], [0.01232, 0.00294, 0.00116, 0.00045, 0.00018, 7e-05, 5e-05, 0.01901, 0.00454, 0.00178, 0.0007, 0.00028, 0.00011, 7e-05, 0.04834, 0.01153, 0.00454, 0.00178, 0.0007, 0.00028, 0.00018, 0.12292, 0.02933, 0.01153, 0.00454, 0.00178, 0.0007, 0.00045, 0.31258, 0.07458, 0.02933, 0.01153, 0.00454, 0.00178, 0.00116, 0.12292, 0.02933, 0.01153, 0.00454, 0.00178, 0.0007, 0.00045, 0.07966, 0.01901, 0.00747, 0.00294, 0.00116, 0.00045, 0.00029], [0.00484, 0.00747, 0.00294, 0.00116, 0.00045, 0.00018, 0.00012, 0.00747, 0.01153, 0.00454, 0.00178, 0.0007, 0.00028, 0.00018, 0.01901, 0.02933, 0.01153, 0.00454, 0.00178, 0.0007, 0.00045, 0.04834, 0.07458, 0.02933, 0.01153, 0.00454, 0.00178, 0.00116, 0.12292, 0.18966, 0.07458, 0.02933, 0.01153, 0.00454, 0.00294, 0.04834, 0.07458, 0.02933, 0.01153, 0.00454, 0.00178, 0.00116, 0.03133, 0.04834, 0.01901, 0.00747, 0.00294, 0.00116, 0.00075], [0.00191, 0.00294, 0.00747, 0.00294, 0.00116, 0.00045, 0.00029, 0.00294, 0.00454, 0.01153, 0.00454, 0.00178, 0.0007, 0.00045, 0.00747, 0.01153, 0.02933, 0.01153, 0.00454, 0.00178, 0.00116, 0.01901, 0.02933, 0.07458, 0.02933, 0.01153, 0.00454, 0.00294, 0.04834, 0.07458, 0.18966, 0.07458, 0.02933, 0.01153, 0.00747, 0.01901, 0.02933, 0.07458, 0.02933, 0.01153, 0.00454, 0.00294, 0.01232, 0.01901, 0.04834, 0.01901, 0.00747, 0.00294, 0.00191], [0.00075, 0.00116, 0.00294, 0.00747, 0.00294, 0.00116, 0.00075, 0.00116, 0.00178, 0.00454, 0.01153, 0.00454, 0.00178, 0.00116, 0.00294, 0.00454, 0.01153, 0.02933, 0.01153, 0.00454, 0.00294, 0.00747, 0.01153, 0.02933, 0.07458, 0.02933, 0.01153, 0.00747, 0.01901, 0.02933, 0.07458, 0.18966, 0.07458, 0.02933, 0.01901, 0.00747, 0.01153, 0.02933, 0.07458, 0.02933, 0.01153, 0.00747, 0.00484, 0.00747, 0.01901, 0.04834, 0.01901, 0.00747, 0.00484], [0.00029, 0.00045, 0.00116, 0.00294, 0.00747, 0.00294, 0.00191, 0.00045, 0.0007, 0.00178, 0.00454, 0.01153, 0.00454, 0.00294, 0.00116, 0.00178, 0.00454, 0.01153, 0.02933, 0.01153, 0.00747, 0.00294, 0.00454, 0.01153, 0.02933, 0.07458, 0.02933, 0.01901, 0.00747, 0.01153, 0.02933, 0.07458, 0.18966, 0.07458, 0.04834, 0.00294, 0.00454, 0.01153, 0.02933, 0.07458, 0.02933, 0.01901, 0.00191, 0.00294, 0.00747, 0.01901, 0.04834, 0.01901, 0.01232], [0.00012, 0.00018, 0.00045, 0.00116, 0.00294, 0.00747, 0.00484, 0.00018, 0.00028, 0.0007, 0.00178, 0.00454, 0.01153, 0.00747, 0.00045, 0.0007, 0.00178, 0.00454, 0.01153, 0.02933, 0.01901, 0.00116, 0.00178, 0.00454, 0.01153, 0.02933, 0.07458, 0.04834, 0.00294, 0.00454, 0.01153, 0.02933, 0.07458, 0.18966, 0.12292, 0.00116, 0.00178, 0.00454, 0.01153, 0.02933, 0.07458, 0.04834, 0.00075, 0.00116, 0.00294, 0.00747, 0.01901, 0.04834, 0.03133], [5e-05, 7e-05, 0.00018, 0.00045, 0.00116, 0.00294, 0.01232, 7e-05, 0.00011, 0.00028, 0.0007, 0.00178, 0.00454, 0.01901, 0.00018, 0.00028, 0.0007, 0.00178, 0.00454, 0.01153, 0.04834, 0.00045, 0.0007, 0.00178, 0.00454, 0.01153, 0.02933, 0.12292, 0.00116, 0.00178, 0.00454, 0.01153, 0.02933, 0.07458, 0.31258, 0.00045, 0.0007, 0.00178, 0.00454, 0.01153, 0.02933, 0.12292, 0.00029, 0.00045, 0.00116, 0.00294, 0.00747, 0.01901, 0.07966], [0.00484, 0.00116, 0.00045, 0.00018, 7e-05, 3e-05, 2e-05, 0.00747, 0.00178, 0.0007, 0.00028, 0.00011, 4e-05, 3e-05, 0.01901, 0.00454, 0.00178, 0.0007, 0.00028, 0.00011, 7e-05, 0.04834, 0.01153, 0.00454, 0.00178, 0.0007, 0.00028, 0.00018, 0.12292, 0.02933, 0.01153, 0.00454, 0.00178, 0.0007, 0.00045, 0.31258, 0.07458, 0.02933, 0.01153, 0.00454, 0.00178, 0.00116, 0.20258, 0.04834, 0.01901, 0.00747, 0.00294, 0.00116, 0.00075], [0.00191, 0.00294, 0.00116, 0.00045, 0.00018, 7e-05, 5e-05, 0.00294, 0.00454, 0.00178, 0.0007, 0.00028, 0.00011, 7e-05, 0.00747, 0.01153, 0.00454, 0.00178, 0.0007, 0.00028, 0.00018, 0.01901, 0.02933, 0.01153, 0.00454, 0.00178, 0.0007, 0.00045, 0.04834, 0.07458, 0.02933, 0.01153, 0.00454, 0.00178, 0.00116, 0.12292, 0.18966, 0.07458, 0.02933, 0.01153, 0.00454, 0.00294, 0.07966, 0.12292, 0.04834, 0.01901, 0.00747, 0.00294, 0.00191], [0.00075, 0.00116, 0.00294, 0.00116, 0.00045, 0.00018, 0.00012, 0.00116, 0.00178, 0.00454, 0.00178, 0.0007, 0.00028, 0.00018, 0.00294, 0.00454, 0.01153, 0.00454, 0.00178, 0.0007, 0.00045, 0.00747, 0.01153, 0.02933, 0.01153, 0.00454, 0.00178, 0.00116, 0.01901, 0.02933, 0.07458, 0.02933, 0.01153, 0.00454, 0.00294, 0.04834, 0.07458, 0.18966, 0.07458, 0.02933, 0.01153, 0.00747, 0.03133, 0.04834, 0.12292, 0.04834, 0.01901, 0.00747, 0.00484], [0.00029, 0.00045, 0.00116, 0.00294, 0.00116, 0.00045, 0.00029, 0.00045, 0.0007, 0.00178, 0.00454, 0.00178, 0.0007, 0.00045, 0.00116, 0.00178, 0.00454, 0.01153, 0.00454, 0.00178, 0.00116, 0.00294, 0.00454, 0.01153, 0.02933, 0.01153, 0.00454, 0.00294, 0.00747, 0.01153, 0.02933, 0.07458, 0.02933, 0.01153, 0.00747, 0.01901, 0.02933, 0.07458, 0.18966, 0.07458, 0.02933, 0.01901, 0.01232, 0.01901, 0.04834, 0.12292, 0.04834, 0.01901, 0.01232], [0.00012, 0.00018, 0.00045, 0.00116, 0.00294, 0.00116, 0.00075, 0.00018, 0.00028, 0.0007, 0.00178, 0.00454, 0.00178, 0.00116, 0.00045, 0.0007, 0.00178, 0.00454, 0.01153, 0.00454, 0.00294, 0.00116, 0.00178, 0.00454, 0.01153, 0.02933, 0.01153, 0.00747, 0.00294, 0.00454, 0.01153, 0.02933, 0.07458, 0.02933, 0.01901, 0.00747, 0.01153, 0.02933, 0.07458, 0.18966, 0.07458, 0.04834, 0.00484, 0.00747, 0.01901, 0.04834, 0.12292, 0.04834, 0.03133], [5e-05, 7e-05, 0.00018, 0.00045, 0.00116, 0.00294, 0.00191, 7e-05, 0.00011, 0.00028, 0.0007, 0.00178, 0.00454, 0.00294, 0.00018, 0.00028, 0.0007, 0.00178, 0.00454, 0.01153, 0.00747, 0.00045, 0.0007, 0.00178, 0.00454, 0.01153, 0.02933, 0.01901, 0.00116, 0.00178, 0.00454, 0.01153, 0.02933, 0.07458, 0.04834, 0.00294, 0.00454, 0.01153, 0.02933, 0.07458, 0.18966, 0.12292, 0.00191, 0.00294, 0.00747, 0.01901, 0.04834, 0.12292, 0.07966], [2e-05, 3e-05, 7e-05, 0.00018, 0.00045, 0.00116, 0.00484, 3e-05, 4e-05, 0.00011, 0.00028, 0.0007, 0.00178, 0.00747, 7e-05, 0.00011, 0.00028, 0.0007, 0.00178, 0.00454, 0.01901, 0.00018, 0.00028, 0.0007, 0.00178, 0.00454, 0.01153, 0.04834, 0.00045, 0.0007, 0.00178, 0.00454, 0.01153, 0.02933, 0.12292, 0.00116, 0.00178, 0.00454, 0.01153, 0.02933, 0.07458, 0.31258, 0.00075, 0.00116, 0.00294, 0.00747, 0.01901, 0.04834, 0.20258], [0.00191, 0.00045, 0.00018, 7e-05, 3e-05, 1e-05, 0, 0.00294, 0.0007, 0.00028, 0.00011, 4e-05, 2e-05, 1e-05, 0.00747, 0.00178, 0.0007, 0.00028, 0.00011, 4e-05, 3e-05, 0.01901, 0.00454, 0.00178, 0.0007, 0.00028, 0.00011, 7e-05, 0.04834, 0.01153, 0.00454, 0.00178, 0.0007, 0.00028, 0.00018, 0.12292, 0.02933, 0.01153, 0.00454, 0.00178, 0.0007, 0.00045, 0.51517, 0.12292, 0.04834, 0.01901, 0.00747, 0.00294, 0.00191], [0.00075, 0.00116, 0.00045, 0.00018, 7e-05, 3e-05, 2e-05, 0.00116, 0.00178, 0.0007, 0.00028, 0.00011, 4e-05, 3e-05, 0.00294, 0.00454, 0.00178, 0.0007, 0.00028, 0.00011, 7e-05, 0.00747, 0.01153, 0.00454, 0.00178, 0.0007, 0.00028, 0.00018, 0.01901, 0.02933, 0.01153, 0.00454, 0.00178, 0.0007, 0.00045, 0.04834, 0.07458, 0.02933, 0.01153, 0.00454, 0.00178, 0.00116, 0.20258, 0.31258, 0.12292, 0.04834, 0.01901, 0.00747, 0.00484], [0.00029, 0.00045, 0.00116, 0.00045, 0.00018, 7e-05, 5e-05, 0.00045, 0.0007, 0.00178, 0.0007, 0.00028, 0.00011, 7e-05, 0.00116, 0.00178, 0.00454, 0.00178, 0.0007, 0.00028, 0.00018, 0.00294, 0.00454, 0.01153, 0.00454, 0.00178, 0.0007, 0.00045, 0.00747, 0.01153, 0.02933, 0.01153, 0.00454, 0.00178, 0.00116, 0.01901, 0.02933, 0.07458, 0.02933, 0.01153, 0.00454, 0.00294, 0.07966, 0.12292, 0.31258, 0.12292, 0.04834, 0.01901, 0.01232], [0.00012, 0.00018, 0.00045, 0.00116, 0.00045, 0.00018, 0.00012, 0.00018, 0.00028, 0.0007, 0.00178, 0.0007, 0.00028, 0.00018, 0.00045, 0.0007, 0.00178, 0.00454, 0.00178, 0.0007, 0.00045, 0.00116, 0.00178, 0.00454, 0.01153, 0.00454, 0.00178, 0.00116, 0.00294, 0.00454, 0.01153, 0.02933, 0.01153, 0.00454, 0.00294, 0.00747, 0.01153, 0.02933, 0.07458, 0.02933, 0.01153, 0.00747, 0.03133, 0.04834, 0.12292, 0.31258, 0.12292, 0.04834, 0.03133], [5e-05, 7e-05, 0.00018, 0.00045, 0.00116, 0.00045, 0.00029, 7e-05, 0.00011, 0.00028, 0.0007, 0.00178, 0.0007, 0.00045, 0.00018, 0.00028, 0.0007, 0.00178, 0.00454, 0.00178, 0.00116, 0.00045, 0.0007, 0.00178, 0.00454, 0.01153, 0.00454, 0.00294, 0.00116, 0.00178, 0.00454, 0.01153, 0.02933, 0.01153, 0.00747, 0.00294, 0.00454, 0.01153, 0.02933, 0.07458, 0.02933, 0.01901, 0.01232, 0.01901, 0.04834, 0.12292, 0.31258, 0.12292, 0.07966], [2e-05, 3e-05, 7e-05, 0.00018, 0.00045, 0.00116, 0.00075, 3e-05, 4e-05, 0.00011, 0.00028, 0.0007, 0.00178, 0.00116, 7e-05, 0.00011, 0.00028, 0.0007, 0.00178, 0.00454, 0.00294, 0.00018, 0.00028, 0.0007, 0.00178, 0.00454, 0.01153, 0.00747, 0.00045, 0.0007, 0.00178, 0.00454, 0.01153, 0.02933, 0.01901, 0.00116, 0.00178, 0.00454, 0.01153, 0.02933, 0.07458, 0.04834, 0.00484, 0.00747, 0.01901, 0.04834, 0.12292, 0.31258, 0.20258], [0, 1e-05, 3e-05, 7e-05, 0.00018, 0.00045, 0.00191, 1e-05, 2e-05, 4e-05, 0.00011, 0.00028, 0.0007, 0.00294, 3e-05, 4e-05, 0.00011, 0.00028, 0.0007, 0.00178, 0.00747, 7e-05, 0.00011, 0.00028, 0.0007, 0.00178, 0.00454, 0.01901, 0.00018, 0.00028, 0.0007, 0.00178, 0.00454, 0.01153, 0.04834, 0.00045, 0.0007, 0.00178, 0.00454, 0.01153, 0.02933, 0.12292, 0.00191, 0.00294, 0.00747, 0.01901, 0.04834, 0.12292, 0.51517]]