[[0.6435, 0.11955, 0.02948, 0.00727, 0.00238, 0.11955, 0.02221, 0.00548, 0.00135, 0.00044, 0.02948, 0.00548, 0.00135, 0.00033, 0.00011, 0.00727, 0.00135, 0.00033, 8e-05, 3e-05, 0.00238, 0.00044, 0.00011, 3e-05, 0], [0.15868, 0.48481, 0.11955, 0.02948, 0.00965, 0.02948, 0.09007, 0.02221, 0.00548, 0.00179, 0.00727, 0.02221, 0.00548, 0.00135, 0.00044, 0.00179, 0.00548, 0.00135, 0.00033, 0.00011, 0.00059, 0.00179, 0.00044, 0.00011, 4e-05], [0.03913, 0.11955, 0.48481, 0.11955, 0.03913, 0.00727, 0.02221, 0.09007, 0.02221, 0.00727, 0.00179, 0.00548, 0.02221, 0.00548, 0.00179, 0.00044, 0.00135, 0.00548, 0.00135, 0.00044, 0.00014, 0.00044, 0.00179, 0.00044, 0.00014], [0.00965, 0.02948, 0.11955, 0.48481, 0.15868, 0.00179, 0.00548, 0.02221, 0.09007, 0.02948, 0.00044, 0.00135, 0.00548, 0.02221, 0.00727, 0.00011, 0.00033, 0.00135, 0.00548, 0.00179, 4e-05, 0.00011, 0.00044, 0.00179, 0.00059], [0.00238, 0.00727, 0.02948, 0.11955, 0.6435, 0.00044, 0.00135, 0.00548, 0.02221, 0.11955, 0.00011, 0.00033, 0.00135, 0.00548, 0.02948, 3e-05, 8e-05, 0.00033, 0.00135, 0.00727, 0, 3e-05, 0.00011, 0.00044, 0.00238], [0.15868, 0.02948, 0.00727, 0.00179, 0.00059, 0.48481, 0.09007, 0.02221, 0.00548, 0.00179, 0.11955, 0.02221, 0.00548, 0.00135, 0.00044, 0.02948, 0.00548, 0.00135, 0.00033, 0.00011, 0.00965, 0.00179, 0.00044, 0.00011, 4e-05], [0.03913, 0.11955, 0.02948, 0.00727, 0.00238, 0.11955, 0.36526, 0.09007, 0.02221, 0.00727, 0.02948, 0.09007, 0.02221, 0.00548, 0.00179, 0.00727, 0.02221, 0.00548, 0.00135, 0.00044, 0.00238, 0.00727, 0.00179, 0.00044, 0.00014], [0.00965, 0.02948, 0.11955, 0.02948, 0.00965, 0.02948, 0.09007, 0.36526, 0.09007, 0.02948, 0.00727, 0.02221, 0.09007, 0.02221, 0.00727, 0.00179, 0.00548, 0.02221, 0.00548, 0.00179, 0.00059, 0.00179, 0.00727, 0.00179, 0.00059], [0.00238, 0.00727, 0.02948, 0.11955, 0.03913, 0.00727, 0.02221, 0.09007, 0.36526, 0.11955, 0.00179, 0.00548, 0.02221, 0.09007, 0.02948, 0.00044, 0.00135, 0.00548, 0.02221, 0.00727, 0.00014, 0.00044, 0.00179, 0.00727, 0.00238], [0.00059, 0.00179, 0.00727, 0.02948, 0.15868, 0.00179, 0.00548, 0.02221, 0.09007, 0.48481, 0.00044, 0.00135, 0.00548, 0.02221, 0.11955, 0.00011, 0.00033, 0.00135, 0.00548, 0.02948, 4e-05, 0.00011, 0.00044, 0.00179, 0.00965], [0.03913, 0.00727, 0.00179, 0.00044, 0.00014, 0.11955, 0.02221, 0.00548, 0.00135, 0.00044, 0.48481, 0.09007, 0.02221, 0.00548, 0.00179, 0.11955, 0.02221, 0.00548, 0.00135, 0.00044, 0.03913, 0.00727, 0.00179, 0.00044, 0.00014], [0.00965, 0.02948, 0.00727, 0.00179, 0.00059, 0.02948, 0.09007, 0.02221, 0.00548, 0.00179, 0.11955, 0.36526, 0.09007, 0.02221, 0.00727, 0.02948, 0.09007, 0.02221, 0.00548, 0.00179, 0.00965, 0.02948, 0.00727, 0.00179, 0.00059], [0.00238, 0.00727, 0.02948, 0.00727, 0.00238, 0.00727, 0.02221, 0.09007, 0.02221, 0.00727, 0.02948, 0.09007, 0.36526, 0.09007, 0.02948, 0.00727, 0.02221, 0.09007, 0.02221, 0.00727, 0.00238, 0.00727, 0.02948, 0.00727, 0.00238], [0.00059, 0.00179, 0.00727, 0.02948, 0.00965, 0.00179, 0.00548, 0.02221, 0.09007, 0.02948, 0.00727, 0.02221, 0.09007, 0.36526, 0.11955, 0.00179, 0.00548, 0.02221, 0.09007, 0.02948, 0.00059, 0.00179, 0.00727, 0.02948, 0.00965], [0.00014, 0.00044, 0.00179, 0.00727, 0.03913, 0.00044, 0.00135, 0.00548, 0.02221, 0.11955, 0.00179, 0.00548, 0.02221, 0.09007, 0.48481, 0.00044, 0.00135, 0.00548, 0.02221, 0.11955, 0.00014, 0.00044, 0.00179, 0.00727, 0.03913], [0.00965, 0.00179, 0.00044, 0.00011, 4e-05, 0.02948, 0.00548, 0.00135, 0.00033, 0.00011, 0.11955, 0.02221, 0.00548, 0.00135, 0.00044, 0.48481, 0.09007, 0.02221, 0.00548, 0.00179, 0.15868, 0.02948, 0.00727, 0.00179, 0.00059], [0.00238, 0.00727, 0.00179, 0.00044, 0.00014, 0.00727, 0.02221, 0.00548, 0.00135, 0.00044, 0.02948, 0.09007, 0.02221, 0.00548, 0.00179, 0.11955, 0.36526, 0.09007, 0.02221, 0.00727, 0.03913, 0.11955, 0.02948, 0.00727, 0.00238], [0.00059, 0.00179, 0.00727, 0.00179, 0.00059, 0.00179, 0.00548, 0.02221, 0.00548, 0.00179, 0.00727, 0.02221, 0.09007, 0.02221, 0.00727, 0.02948, 0.09007, 0.36526, 0.09007, 0.02948, 0.00965, 0.02948, 0.11955, 0.02948, 0.00965], [0.00014, 0.00044, 0.00179, 0.00727, 0.00238, 0.00044, 0.00135, 0.00548, 0.02221, 0.00727, 0.00179, 0.00548, 0.02221, 0.09007, 0.02948, 0.00727, 0.02221, 0.09007, 0.36526, 0.11955, 0.00238, 0.00727, 0.02948, 0.11955, 0.03913], [4e-05, 0.00011, 0.00044, 0.00179, 0.00965, 0.00011, 0.00033, 0.00135, 0.00548, 0.02948, 0.00044, 0.00135, 0.00548, 0.02221, 0.11955, 0.00179, 0.00548, 0.02221, 0.09007, 0.48481, 0.00059, 0.00179, 0.00727, 0.02948, 0.15868], [0.00238, 0.00044, 0.00011, 3e-05, 0, 0.00727, 0.00135, 0.00033, 8e-05, 3e-05, 0.02948, 0.00548, 0.00135, 0.00033, 0.00011, 0.11955, 0.02221, 0.00548, 0.00135, 0.00044, 0.6435, 0.11955, 0.02948, 0.00727, 0.00238], [0.00059, 0.00179, 0.00044, 0.00011, 4e-05, 0.00179, 0.00548, 0.00135, 0.00033, 0.00011, 0.00727, 0.02221, 0.00548, 0.00135, 0.00044, 0.02948, 0.09007, 0.02221, 0.00548, 0.00179, 0.15868, 0.48481, 0.11955, 0.02948, 0.00965], [0.00014, 0.00044, 0.00179, 0.00044, 0.00014, 0.00044, 0.00135, 0.00548, 0.00135, 0.00044, 0.00179, 0.00548, 0.02221, 0.00548, 0.00179, 0.00727, 0.02221, 0.09007, 0.02221, 0.00727, 0.03913, 0.11955, 0.48481, 0.11955, 0.03913], [4e-05, 0.00011, 0.00044, 0.00179, 0.00059, 0.00011, 0.00033, 0.00135, 0.00548, 0.00179, 0.00044, 0.00135, 0.00548, 0.02221, 0.00727, 0.00179, 0.00548, 0.02221, 0.09007, 0.02948, 0.00965, 0.02948, 0.11955, 0.48481, 0.15868], [0, 3e-05, 0.00011, 0.00044, 0.00238, 3e-05, 8e-05, 0.00033, 0.00135, 0.00727, 0.00011, 0.00033, 0.00135, 0.00548, 0.02948, 0.00044, 0.00135, 0.00548, 0.02221, 0.11955, 0.00238, 0.00727, 0.02948, 0.11955, 0.6435]]