[[0.63916, 0.10978, 0.02676, 0.0063, 0.00211, 0.10978, 0.03616, 0.00935, 0.00208, 0.00084, 0.02676, 0.00935, 0.00544, 0.00125, 0.00048, 0.0063, 0.00208, 0.00125, 0.00064, 0.00026, 0.00211, 0.00084, 0.00048, 0.00026, 0.0002], [0.15318, 0.45806, 0.11166, 0.02631, 0.0088, 0.06111, 0.06496, 0.03901, 0.00867, 0.00351, 0.0149, 0.01679, 0.00976, 0.0052, 0.00199, 0.00351, 0.00373, 0.00224, 0.00116, 0.00109, 0.00117, 0.00151, 0.00086, 0.00047, 0.00036], [0.03671, 0.10978, 0.46591, 0.10978, 0.03671, 0.01465, 0.03616, 0.07008, 0.03616, 0.01465, 0.00829, 0.00935, 0.01754, 0.00935, 0.00829, 0.00195, 0.00208, 0.00402, 0.00208, 0.00195, 0.00065, 0.00084, 0.00154, 0.00084, 0.00065], [0.0088, 0.02631, 0.11166, 0.45806, 0.15318, 0.00351, 0.00867, 0.03901, 0.06496, 0.06111, 0.00199, 0.0052, 0.00976, 0.01679, 0.0149, 0.00109, 0.00116, 0.00224, 0.00373, 0.00351, 0.00036, 0.00047, 0.00086, 0.00151, 0.00117], [0.00211, 0.0063, 0.02676, 0.10978, 0.63916, 0.00084, 0.00208, 0.00935, 0.03616, 0.10978, 0.00048, 0.00125, 0.00544, 0.00935, 0.02676, 0.00026, 0.00064, 0.00125, 0.00208, 0.0063, 0.0002, 0.00026, 0.00048, 0.00084, 0.00211], [0.15318, 0.06111, 0.0149, 0.00351, 0.00117, 0.45806, 0.06496, 0.01679, 0.00373, 0.00151, 0.11166, 0.03901, 0.00976, 0.00224, 0.00086, 0.02631, 0.00867, 0.0052, 0.00116, 0.00047, 0.0088, 0.00351, 0.00199, 0.00109, 0.00036], [0.08527, 0.10978, 0.06216, 0.01465, 0.0049, 0.10978, 0.27105, 0.07008, 0.01557, 0.0063, 0.06216, 0.07008, 0.04074, 0.00935, 0.00357, 0.01465, 0.01557, 0.00935, 0.00482, 0.00195, 0.0049, 0.0063, 0.00357, 0.00195, 0.00152], [0.02044, 0.06111, 0.11166, 0.06111, 0.02044, 0.02631, 0.06496, 0.29241, 0.06496, 0.02631, 0.0149, 0.03901, 0.07318, 0.03901, 0.0149, 0.00815, 0.00867, 0.01679, 0.00867, 0.00815, 0.00273, 0.00351, 0.00641, 0.00351, 0.00273], [0.0049, 0.01465, 0.06216, 0.10978, 0.08527, 0.0063, 0.01557, 0.07008, 0.27105, 0.10978, 0.00357, 0.00935, 0.04074, 0.07008, 0.06216, 0.00195, 0.00482, 0.00935, 0.01557, 0.01465, 0.00152, 0.00195, 0.00357, 0.0063, 0.0049], [0.00117, 0.00351, 0.0149, 0.06111, 0.15318, 0.00151, 0.00373, 0.01679, 0.06496, 0.45806, 0.00086, 0.00224, 0.00976, 0.03901, 0.11166, 0.00047, 0.00116, 0.0052, 0.00867, 0.02631, 0.00036, 0.00109, 0.00199, 0.00351, 0.0088], [0.03671, 0.01465, 0.00829, 0.00195, 0.00065, 0.10978, 0.03616, 0.00935, 0.00208, 0.00084, 0.46591, 0.07008, 0.01754, 0.00402, 0.00154, 0.10978, 0.03616, 0.00935, 0.00208, 0.00084, 0.03671, 0.01465, 0.00829, 0.00195, 0.00065], [0.02044, 0.02631, 0.0149, 0.00815, 0.00273, 0.06111, 0.06496, 0.03901, 0.00867, 0.00351, 0.11166, 0.29241, 0.07318, 0.01679, 0.00641, 0.06111, 0.06496, 0.03901, 0.00867, 0.00351, 0.02044, 0.02631, 0.0149, 0.00815, 0.00273], [0.01138, 0.01465, 0.02676, 0.01465, 0.01138, 0.01465, 0.03616, 0.07008, 0.03616, 0.01465, 0.02676, 0.07008, 0.30534, 0.07008, 0.02676, 0.01465, 0.03616, 0.07008, 0.03616, 0.01465, 0.01138, 0.01465, 0.02676, 0.01465, 0.01138], [0.00273, 0.00815, 0.0149, 0.02631, 0.02044, 0.00351, 0.00867, 0.03901, 0.06496, 0.06111, 0.00641, 0.01679, 0.07318, 0.29241, 0.11166, 0.00351, 0.00867, 0.03901, 0.06496, 0.06111, 0.00273, 0.00815, 0.0149, 0.02631, 0.02044], [0.00065, 0.00195, 0.00829, 0.01465, 0.03671, 0.00084, 0.00208, 0.00935, 0.03616, 0.10978, 0.00154, 0.00402, 0.01754, 0.07008, 0.46591, 0.00084, 0.00208, 0.00935, 0.03616, 0.10978, 0.00065, 0.00195, 0.00829, 0.01465, 0.03671], [0.0088, 0.00351, 0.00199, 0.00109, 0.00036, 0.02631, 0.00867, 0.0052, 0.00116, 0.00047, 0.11166, 0.03901, 0.00976, 0.00224, 0.00086, 0.45806, 0.06496, 0.01679, 0.00373, 0.00151, 0.15318, 0.06111, 0.0149, 0.00351, 0.00117], [0.0049, 0.0063, 0.00357, 0.00195, 0.00152, 0.01465, 0.01557, 0.00935, 0.00482, 0.00195, 0.06216, 0.07008, 0.04074, 0.00935, 0.00357, 0.10978, 0.27105, 0.07008, 0.01557, 0.0063, 0.08527, 0.10978, 0.06216, 0.01465, 0.0049], [0.00273, 0.00351, 0.00641, 0.00351, 0.00273, 0.00815, 0.00867, 0.01679, 0.00867, 0.00815, 0.0149, 0.03901, 0.07318, 0.03901, 0.0149, 0.02631, 0.06496, 0.29241, 0.06496, 0.02631, 0.02044, 0.06111, 0.11166, 0.06111, 0.02044], [0.00152, 0.00195, 0.00357, 0.0063, 0.0049, 0.00195, 0.00482, 0.00935, 0.01557, 0.01465, 0.00357, 0.00935, 0.04074, 0.07008, 0.06216, 0.0063, 0.01557, 0.07008, 0.27105, 0.10978, 0.0049, 0.01465, 0.06216, 0.10978, 0.08527], [0.00036, 0.00109, 0.00199, 0.00351, 0.0088, 0.00047, 0.00116, 0.0052, 0.00867, 0.02631, 0.00086, 0.00224, 0.00976, 0.03901, 0.11166, 0.00151, 0.00373, 0.01679, 0.06496, 0.45806, 0.00117, 0.00351, 0.0149, 0.06111, 0.15318], [0.00211, 0.00084, 0.00048, 0.00026, 0.0002, 0.0063, 0.00208, 0.00125, 0.00064, 0.00026, 0.02676, 0.00935, 0.00544, 0.00125, 0.00048, 0.10978, 0.03616, 0.00935, 0.00208, 0.00084, 0.63916, 0.10978, 0.02676, 0.0063, 0.00211], [0.00117, 0.00151, 0.00086, 0.00047, 0.00036, 0.00351, 0.00373, 0.00224, 0.00116, 0.00109, 0.0149, 0.01679, 0.00976, 0.0052, 0.00199, 0.06111, 0.06496, 0.03901, 0.00867, 0.00351, 0.15318, 0.45806, 0.11166, 0.02631, 0.0088], [0.00065, 0.00084, 0.00154, 0.00084, 0.00065, 0.00195, 0.00208, 0.00402, 0.00208, 0.00195, 0.00829, 0.00935, 0.01754, 0.00935, 0.00829, 0.01465, 0.03616, 0.07008, 0.03616, 0.01465, 0.03671, 0.10978, 0.46591, 0.10978, 0.03671], [0.00036, 0.00047, 0.00086, 0.00151, 0.00117, 0.00109, 0.00116, 0.00224, 0.00373, 0.00351, 0.00199, 0.0052, 0.00976, 0.01679, 0.0149, 0.00351, 0.00867, 0.03901, 0.06496, 0.06111, 0.0088, 0.02631, 0.11166, 0.45806, 0.15318], [0.0002, 0.00026, 0.00048, 0.00084, 0.00211, 0.00026, 0.00064, 0.00125, 0.00208, 0.0063, 0.00048, 0.00125, 0.00544, 0.00935, 0.02676, 0.00084, 0.00208, 0.00935, 0.03616, 0.10978, 0.00211, 0.0063, 0.02676, 0.10978, 0.63916]]