[[0.80933, 0.072, 0.00735, 0.00074, 9e-05, 0.072, 0.02368, 0.00243, 0.00024, 3e-05, 0.00735, 0.00243, 0.00096, 0.0001, 1e-05, 0.00074, 0.00024, 0.0001, 4e-05, 0, 9e-05, 3e-05, 1e-05, 0, 0], [0.08231, 0.70799, 0.07224, 0.00732, 0.00085, 0.02821, 0.06044, 0.02388, 0.00241, 0.00029, 0.00288, 0.0062, 0.00245, 0.00095, 0.00011, 0.00029, 0.00063, 0.00025, 0.0001, 4e-05, 3e-05, 8e-05, 3e-05, 1e-05, 0], [0.00837, 0.072, 0.71032, 0.072, 0.00837, 0.00287, 0.02368, 0.06097, 0.02368, 0.00287, 0.00113, 0.00243, 0.00625, 0.00243, 0.00113, 0.00011, 0.00024, 0.00063, 0.00024, 0.00011, 1e-05, 3e-05, 8e-05, 3e-05, 1e-05], [0.00085, 0.00732, 0.07224, 0.70799, 0.08231, 0.00029, 0.00241, 0.02388, 0.06044, 0.02821, 0.00011, 0.00095, 0.00245, 0.0062, 0.00288, 4e-05, 0.0001, 0.00025, 0.00063, 0.00029, 0, 1e-05, 3e-05, 8e-05, 3e-05], [9e-05, 0.00074, 0.00735, 0.072, 0.80933, 3e-05, 0.00024, 0.00243, 0.02368, 0.072, 1e-05, 0.0001, 0.00096, 0.00243, 0.00735, 0, 4e-05, 0.0001, 0.00024, 0.00074, 0, 0, 1e-05, 3e-05, 9e-05], [0.08231, 0.02821, 0.00288, 0.00029, 3e-05, 0.70799, 0.06044, 0.0062, 0.00063, 8e-05, 0.07224, 0.02388, 0.00245, 0.00025, 3e-05, 0.00732, 0.00241, 0.00095, 0.0001, 1e-05, 0.00085, 0.00029, 0.00011, 4e-05, 0], [0.03224, 0.072, 0.0283, 0.00287, 0.00033, 0.072, 0.5943, 0.06097, 0.00615, 0.00074, 0.0283, 0.06097, 0.02406, 0.00243, 0.00029, 0.00287, 0.00615, 0.00243, 0.00094, 0.00011, 0.00033, 0.00074, 0.00029, 0.00011, 5e-05], [0.00328, 0.02821, 0.07224, 0.02821, 0.00328, 0.00732, 0.06044, 0.59946, 0.06044, 0.00732, 0.00288, 0.02388, 0.06142, 0.02388, 0.00288, 0.00112, 0.00241, 0.0062, 0.00241, 0.00112, 0.00013, 0.00029, 0.00075, 0.00029, 0.00013], [0.00033, 0.00287, 0.0283, 0.072, 0.03224, 0.00074, 0.00615, 0.06097, 0.5943, 0.072, 0.00029, 0.00243, 0.02406, 0.06097, 0.0283, 0.00011, 0.00094, 0.00243, 0.00615, 0.00287, 5e-05, 0.00011, 0.00029, 0.00074, 0.00033], [3e-05, 0.00029, 0.00288, 0.02821, 0.08231, 8e-05, 0.00063, 0.0062, 0.06044, 0.70799, 3e-05, 0.00025, 0.00245, 0.02388, 0.07224, 1e-05, 0.0001, 0.00095, 0.00241, 0.00732, 0, 4e-05, 0.00011, 0.00029, 0.00085], [0.00837, 0.00287, 0.00113, 0.00011, 1e-05, 0.072, 0.02368, 0.00243, 0.00024, 3e-05, 0.71032, 0.06097, 0.00625, 0.00063, 8e-05, 0.072, 0.02368, 0.00243, 0.00024, 3e-05, 0.00837, 0.00287, 0.00113, 0.00011, 1e-05], [0.00328, 0.00732, 0.00288, 0.00112, 0.00013, 0.02821, 0.06044, 0.02388, 0.00241, 0.00029, 0.07224, 0.59946, 0.06142, 0.0062, 0.00075, 0.02821, 0.06044, 0.02388, 0.00241, 0.00029, 0.00328, 0.00732, 0.00288, 0.00112, 0.00013], [0.00128, 0.00287, 0.00735, 0.00287, 0.00128, 0.00287, 0.02368, 0.06097, 0.02368, 0.00287, 0.00735, 0.06097, 0.60395, 0.06097, 0.00735, 0.00287, 0.02368, 0.06097, 0.02368, 0.00287, 0.00128, 0.00287, 0.00735, 0.00287, 0.00128], [0.00013, 0.00112, 0.00288, 0.00732, 0.00328, 0.00029, 0.00241, 0.02388, 0.06044, 0.02821, 0.00075, 0.0062, 0.06142, 0.59946, 0.07224, 0.00029, 0.00241, 0.02388, 0.06044, 0.02821, 0.00013, 0.00112, 0.00288, 0.00732, 0.00328], [1e-05, 0.00011, 0.00113, 0.00287, 0.00837, 3e-05, 0.00024, 0.00243, 0.02368, 0.072, 8e-05, 0.00063, 0.00625, 0.06097, 0.71032, 3e-05, 0.00024, 0.00243, 0.02368, 0.072, 1e-05, 0.00011, 0.00113, 0.00287, 0.00837], [0.00085, 0.00029, 0.00011, 4e-05, 0, 0.00732, 0.00241, 0.00095, 0.0001, 1e-05, 0.07224, 0.02388, 0.00245, 0.00025, 3e-05, 0.70799, 0.06044, 0.0062, 0.00063, 8e-05, 0.08231, 0.02821, 0.00288, 0.00029, 3e-05], [0.00033, 0.00074, 0.00029, 0.00011, 5e-05, 0.00287, 0.00615, 0.00243, 0.00094, 0.00011, 0.0283, 0.06097, 0.02406, 0.00243, 0.00029, 0.072, 0.5943, 0.06097, 0.00615, 0.00074, 0.03224, 0.072, 0.0283, 0.00287, 0.00033], [0.00013, 0.00029, 0.00075, 0.00029, 0.00013, 0.00112, 0.00241, 0.0062, 0.00241, 0.00112, 0.00288, 0.02388, 0.06142, 0.02388, 0.00288, 0.00732, 0.06044, 0.59946, 0.06044, 0.00732, 0.00328, 0.02821, 0.07224, 0.02821, 0.00328], [5e-05, 0.00011, 0.00029, 0.00074, 0.00033, 0.00011, 0.00094, 0.00243, 0.00615, 0.00287, 0.00029, 0.00243, 0.02406, 0.06097, 0.0283, 0.00074, 0.00615, 0.06097, 0.5943, 0.072, 0.00033, 0.00287, 0.0283, 0.072, 0.03224], [0, 4e-05, 0.00011, 0.00029, 0.00085, 1e-05, 0.0001, 0.00095, 0.00241, 0.00732, 3e-05, 0.00025, 0.00245, 0.02388, 0.07224, 8e-05, 0.00063, 0.0062, 0.06044, 0.70799, 3e-05, 0.00029, 0.00288, 0.02821, 0.08231], [9e-05, 3e-05, 1e-05, 0, 0, 0.00074, 0.00024, 0.0001, 4e-05, 0, 0.00735, 0.00243, 0.00096, 0.0001, 1e-05, 0.072, 0.02368, 0.00243, 0.00024, 3e-05, 0.80933, 0.072, 0.00735, 0.00074, 9e-05], [3e-05, 8e-05, 3e-05, 1e-05, 0, 0.00029, 0.00063, 0.00025, 0.0001, 4e-05, 0.00288, 0.0062, 0.00245, 0.00095, 0.00011, 0.02821, 0.06044, 0.02388, 0.00241, 0.00029, 0.08231, 0.70799, 0.07224, 0.00732, 0.00085], [1e-05, 3e-05, 8e-05, 3e-05, 1e-05, 0.00011, 0.00024, 0.00063, 0.00024, 0.00011, 0.00113, 0.00243, 0.00625, 0.00243, 0.00113, 0.00287, 0.02368, 0.06097, 0.02368, 0.00287, 0.00837, 0.072, 0.71032, 0.072, 0.00837], [0, 1e-05, 3e-05, 8e-05, 3e-05, 4e-05, 0.0001, 0.00025, 0.00063, 0.00029, 0.00011, 0.00095, 0.00245, 0.0062, 0.00288, 0.00029, 0.00241, 0.02388, 0.06044, 0.02821, 0.00085, 0.00732, 0.07224, 0.70799, 0.08231], [0, 0, 1e-05, 3e-05, 9e-05, 0, 4e-05, 0.0001, 0.00024, 0.00074, 1e-05, 0.0001, 0.00096, 0.00243, 0.00735, 3e-05, 0.00024, 0.00243, 0.02368, 0.072, 9e-05, 0.00074, 0.00735, 0.072, 0.80933]]