[[0.72449, 0.09438, 0.01545, 0.00249, 0.0005, 0.09438, 0.03283, 0.00548, 0.00087, 0.00019, 0.01545, 0.00548, 0.00265, 0.00042, 9e-05, 0.00249, 0.00087, 0.00042, 0.00019, 4e-05, 0.0005, 0.00019, 9e-05, 4e-05, 3e-05], [0.1176, 0.58141, 0.09517, 0.01532, 0.0031, 0.04478, 0.06919, 0.03374, 0.00533, 0.00118, 0.00733, 0.01154, 0.00559, 0.0026, 0.00056, 0.00118, 0.00182, 0.00089, 0.00041, 0.00027, 0.00024, 0.0004, 0.00019, 9e-05, 5e-05], [0.01909, 0.09438, 0.58634, 0.09438, 0.01909, 0.00727, 0.03283, 0.0711, 0.03283, 0.00727, 0.00348, 0.00548, 0.01178, 0.00548, 0.00348, 0.00056, 0.00087, 0.00187, 0.00087, 0.00056, 0.00011, 0.00019, 0.00041, 0.00019, 0.00011], [0.0031, 0.01532, 0.09517, 0.58141, 0.1176, 0.00118, 0.00533, 0.03374, 0.06919, 0.04478, 0.00056, 0.0026, 0.00559, 0.01154, 0.00733, 0.00027, 0.00041, 0.00089, 0.00182, 0.00118, 5e-05, 9e-05, 0.00019, 0.0004, 0.00024], [0.0005, 0.00249, 0.01545, 0.09438, 0.72449, 0.00019, 0.00087, 0.00548, 0.03283, 0.09438, 9e-05, 0.00042, 0.00265, 0.00548, 0.01545, 4e-05, 0.00019, 0.00042, 0.00087, 0.00249, 3e-05, 4e-05, 9e-05, 0.00019, 0.0005], [0.1176, 0.04478, 0.00733, 0.00118, 0.00024, 0.58141, 0.06919, 0.01154, 0.00182, 0.0004, 0.09517, 0.03374, 0.00559, 0.00089, 0.00019, 0.01532, 0.00533, 0.0026, 0.00041, 9e-05, 0.0031, 0.00118, 0.00056, 0.00027, 5e-05], [0.0558, 0.09438, 0.04516, 0.00727, 0.00147, 0.09438, 0.42625, 0.0711, 0.01123, 0.00249, 0.04516, 0.0711, 0.03444, 0.00548, 0.00119, 0.00727, 0.01123, 0.00548, 0.00253, 0.00056, 0.00147, 0.00249, 0.00119, 0.00056, 0.00033], [0.00906, 0.04478, 0.09517, 0.04478, 0.00906, 0.01532, 0.06919, 0.43805, 0.06919, 0.01532, 0.00733, 0.03374, 0.07258, 0.03374, 0.00733, 0.00345, 0.00533, 0.01154, 0.00533, 0.00345, 0.0007, 0.00118, 0.00251, 0.00118, 0.0007], [0.00147, 0.00727, 0.04516, 0.09438, 0.0558, 0.00249, 0.01123, 0.0711, 0.42625, 0.09438, 0.00119, 0.00548, 0.03444, 0.0711, 0.04516, 0.00056, 0.00253, 0.00548, 0.01123, 0.00727, 0.00033, 0.00056, 0.00119, 0.00249, 0.00147], [0.00024, 0.00118, 0.00733, 0.04478, 0.1176, 0.0004, 0.00182, 0.01154, 0.06919, 0.58141, 0.00019, 0.00089, 0.00559, 0.03374, 0.09517, 9e-05, 0.00041, 0.0026, 0.00533, 0.01532, 5e-05, 0.00027, 0.00056, 0.00118, 0.0031], [0.01909, 0.00727, 0.00348, 0.00056, 0.00011, 0.09438, 0.03283, 0.00548, 0.00087, 0.00019, 0.58634, 0.0711, 0.01178, 0.00187, 0.00041, 0.09438, 0.03283, 0.00548, 0.00087, 0.00019, 0.01909, 0.00727, 0.00348, 0.00056, 0.00011], [0.00906, 0.01532, 0.00733, 0.00345, 0.0007, 0.04478, 0.06919, 0.03374, 0.00533, 0.00118, 0.09517, 0.43805, 0.07258, 0.01154, 0.00251, 0.04478, 0.06919, 0.03374, 0.00533, 0.00118, 0.00906, 0.01532, 0.00733, 0.00345, 0.0007], [0.0043, 0.00727, 0.01545, 0.00727, 0.0043, 0.00727, 0.03283, 0.0711, 0.03283, 0.00727, 0.01545, 0.0711, 0.44712, 0.0711, 0.01545, 0.00727, 0.03283, 0.0711, 0.03283, 0.00727, 0.0043, 0.00727, 0.01545, 0.00727, 0.0043], [0.0007, 0.00345, 0.00733, 0.01532, 0.00906, 0.00118, 0.00533, 0.03374, 0.06919, 0.04478, 0.00251, 0.01154, 0.07258, 0.43805, 0.09517, 0.00118, 0.00533, 0.03374, 0.06919, 0.04478, 0.0007, 0.00345, 0.00733, 0.01532, 0.00906], [0.00011, 0.00056, 0.00348, 0.00727, 0.01909, 0.00019, 0.00087, 0.00548, 0.03283, 0.09438, 0.00041, 0.00187, 0.01178, 0.0711, 0.58634, 0.00019, 0.00087, 0.00548, 0.03283, 0.09438, 0.00011, 0.00056, 0.00348, 0.00727, 0.01909], [0.0031, 0.00118, 0.00056, 0.00027, 5e-05, 0.01532, 0.00533, 0.0026, 0.00041, 9e-05, 0.09517, 0.03374, 0.00559, 0.00089, 0.00019, 0.58141, 0.06919, 0.01154, 0.00182, 0.0004, 0.1176, 0.04478, 0.00733, 0.00118, 0.00024], [0.00147, 0.00249, 0.00119, 0.00056, 0.00033, 0.00727, 0.01123, 0.00548, 0.00253, 0.00056, 0.04516, 0.0711, 0.03444, 0.00548, 0.00119, 0.09438, 0.42625, 0.0711, 0.01123, 0.00249, 0.0558, 0.09438, 0.04516, 0.00727, 0.00147], [0.0007, 0.00118, 0.00251, 0.00118, 0.0007, 0.00345, 0.00533, 0.01154, 0.00533, 0.00345, 0.00733, 0.03374, 0.07258, 0.03374, 0.00733, 0.01532, 0.06919, 0.43805, 0.06919, 0.01532, 0.00906, 0.04478, 0.09517, 0.04478, 0.00906], [0.00033, 0.00056, 0.00119, 0.00249, 0.00147, 0.00056, 0.00253, 0.00548, 0.01123, 0.00727, 0.00119, 0.00548, 0.03444, 0.0711, 0.04516, 0.00249, 0.01123, 0.0711, 0.42625, 0.09438, 0.00147, 0.00727, 0.04516, 0.09438, 0.0558], [5e-05, 0.00027, 0.00056, 0.00118, 0.0031, 9e-05, 0.00041, 0.0026, 0.00533, 0.01532, 0.00019, 0.00089, 0.00559, 0.03374, 0.09517, 0.0004, 0.00182, 0.01154, 0.06919, 0.58141, 0.00024, 0.00118, 0.00733, 0.04478, 0.1176], [0.0005, 0.00019, 9e-05, 4e-05, 3e-05, 0.00249, 0.00087, 0.00042, 0.00019, 4e-05, 0.01545, 0.00548, 0.00265, 0.00042, 9e-05, 0.09438, 0.03283, 0.00548, 0.00087, 0.00019, 0.72449, 0.09438, 0.01545, 0.00249, 0.0005], [0.00024, 0.0004, 0.00019, 9e-05, 5e-05, 0.00118, 0.00182, 0.00089, 0.00041, 0.00027, 0.00733, 0.01154, 0.00559, 0.0026, 0.00056, 0.04478, 0.06919, 0.03374, 0.00533, 0.00118, 0.1176, 0.58141, 0.09517, 0.01532, 0.0031], [0.00011, 0.00019, 0.00041, 0.00019, 0.00011, 0.00056, 0.00087, 0.00187, 0.00087, 0.00056, 0.00348, 0.00548, 0.01178, 0.00548, 0.00348, 0.00727, 0.03283, 0.0711, 0.03283, 0.00727, 0.01909, 0.09438, 0.58634, 0.09438, 0.01909], [5e-05, 9e-05, 0.00019, 0.0004, 0.00024, 0.00027, 0.00041, 0.00089, 0.00182, 0.00118, 0.00056, 0.0026, 0.00559, 0.01154, 0.00733, 0.00118, 0.00533, 0.03374, 0.06919, 0.04478, 0.0031, 0.01532, 0.09517, 0.58141, 0.1176], [3e-05, 4e-05, 9e-05, 0.00019, 0.0005, 4e-05, 0.00019, 0.00042, 0.00087, 0.00249, 9e-05, 0.00042, 0.00265, 0.00548, 0.01545, 0.00019, 0.00087, 0.00548, 0.03283, 0.09438, 0.0005, 0.00249, 0.01545, 0.09438, 0.72449]]