[[0.82042, 0.06863, 0.00652, 0.00062, 7e-05, 0.06863, 0.02223, 0.00212, 0.0002, 2e-05, 0.00652, 0.00212, 0.00081, 8e-05, 0, 0.00062, 0.0002, 8e-05, 3e-05, 0, 7e-05, 2e-05, 0, 0, 0], [0.07769, 0.72476, 0.06882, 0.0065, 0.0007, 0.02611, 0.05843, 0.02239, 0.0021, 0.00023, 0.00248, 0.00557, 0.00213, 0.00081, 9e-05, 0.00023, 0.00052, 0.0002, 8e-05, 3e-05, 3e-05, 6e-05, 2e-05, 0, 0], [0.00736, 0.06863, 0.72681, 0.06863, 0.00736, 0.00247, 0.02223, 0.05886, 0.02223, 0.00247, 0.00094, 0.00212, 0.00561, 0.00212, 0.00094, 9e-05, 0.0002, 0.00053, 0.0002, 9e-05, 0, 2e-05, 6e-05, 2e-05, 0], [0.0007, 0.0065, 0.06882, 0.72476, 0.07769, 0.00023, 0.0021, 0.02239, 0.05843, 0.02611, 9e-05, 0.00081, 0.00213, 0.00557, 0.00248, 3e-05, 8e-05, 0.0002, 0.00052, 0.00023, 0, 0, 2e-05, 6e-05, 3e-05], [7e-05, 0.00062, 0.00652, 0.06863, 0.82042, 2e-05, 0.0002, 0.00212, 0.02223, 0.06863, 0, 8e-05, 0.00081, 0.00212, 0.00652, 0, 3e-05, 8e-05, 0.0002, 0.00062, 0, 0, 0, 2e-05, 7e-05], [0.07769, 0.02611, 0.00248, 0.00023, 3e-05, 0.72476, 0.05843, 0.00557, 0.00052, 6e-05, 0.06882, 0.02239, 0.00213, 0.0002, 2e-05, 0.0065, 0.0021, 0.00081, 8e-05, 0, 0.0007, 0.00023, 9e-05, 3e-05, 0], [0.02955, 0.06863, 0.02618, 0.00247, 0.00026, 0.06863, 0.61708, 0.05886, 0.00553, 0.00062, 0.02618, 0.05886, 0.02253, 0.00212, 0.00023, 0.00247, 0.00553, 0.00212, 0.0008, 9e-05, 0.00026, 0.00062, 0.00023, 9e-05, 4e-05], [0.0028, 0.02611, 0.06882, 0.02611, 0.0028, 0.0065, 0.05843, 0.62158, 0.05843, 0.0065, 0.00248, 0.02239, 0.05923, 0.02239, 0.00248, 0.00094, 0.0021, 0.00557, 0.0021, 0.00094, 0.0001, 0.00023, 0.00062, 0.00023, 0.0001], [0.00026, 0.00247, 0.02618, 0.06863, 0.02955, 0.00062, 0.00553, 0.05886, 0.61708, 0.06863, 0.00023, 0.00212, 0.02253, 0.05886, 0.02618, 9e-05, 0.0008, 0.00212, 0.00553, 0.00247, 4e-05, 9e-05, 0.00023, 0.00062, 0.00026], [3e-05, 0.00023, 0.00248, 0.02611, 0.07769, 6e-05, 0.00052, 0.00557, 0.05843, 0.72476, 2e-05, 0.0002, 0.00213, 0.02239, 0.06882, 0, 8e-05, 0.00081, 0.0021, 0.0065, 0, 3e-05, 9e-05, 0.00023, 0.0007], [0.00736, 0.00247, 0.00094, 9e-05, 0, 0.06863, 0.02223, 0.00212, 0.0002, 2e-05, 0.72681, 0.05886, 0.00561, 0.00053, 6e-05, 0.06863, 0.02223, 0.00212, 0.0002, 2e-05, 0.00736, 0.00247, 0.00094, 9e-05, 0], [0.0028, 0.0065, 0.00248, 0.00094, 0.0001, 0.02611, 0.05843, 0.02239, 0.0021, 0.00023, 0.06882, 0.62158, 0.05923, 0.00557, 0.00062, 0.02611, 0.05843, 0.02239, 0.0021, 0.00023, 0.0028, 0.0065, 0.00248, 0.00094, 0.0001], [0.00106, 0.00247, 0.00652, 0.00247, 0.00106, 0.00247, 0.02223, 0.05886, 0.02223, 0.00247, 0.00652, 0.05886, 0.62555, 0.05886, 0.00652, 0.00247, 0.02223, 0.05886, 0.02223, 0.00247, 0.00106, 0.00247, 0.00652, 0.00247, 0.00106], [0.0001, 0.00094, 0.00248, 0.0065, 0.0028, 0.00023, 0.0021, 0.02239, 0.05843, 0.02611, 0.00062, 0.00557, 0.05923, 0.62158, 0.06882, 0.00023, 0.0021, 0.02239, 0.05843, 0.02611, 0.0001, 0.00094, 0.00248, 0.0065, 0.0028], [0, 9e-05, 0.00094, 0.00247, 0.00736, 2e-05, 0.0002, 0.00212, 0.02223, 0.06863, 6e-05, 0.00053, 0.00561, 0.05886, 0.72681, 2e-05, 0.0002, 0.00212, 0.02223, 0.06863, 0, 9e-05, 0.00094, 0.00247, 0.00736], [0.0007, 0.00023, 9e-05, 3e-05, 0, 0.0065, 0.0021, 0.00081, 8e-05, 0, 0.06882, 0.02239, 0.00213, 0.0002, 2e-05, 0.72476, 0.05843, 0.00557, 0.00052, 6e-05, 0.07769, 0.02611, 0.00248, 0.00023, 3e-05], [0.00026, 0.00062, 0.00023, 9e-05, 4e-05, 0.00247, 0.00553, 0.00212, 0.0008, 9e-05, 0.02618, 0.05886, 0.02253, 0.00212, 0.00023, 0.06863, 0.61708, 0.05886, 0.00553, 0.00062, 0.02955, 0.06863, 0.02618, 0.00247, 0.00026], [0.0001, 0.00023, 0.00062, 0.00023, 0.0001, 0.00094, 0.0021, 0.00557, 0.0021, 0.00094, 0.00248, 0.02239, 0.05923, 0.02239, 0.00248, 0.0065, 0.05843, 0.62158, 0.05843, 0.0065, 0.0028, 0.02611, 0.06882, 0.02611, 0.0028], [4e-05, 9e-05, 0.00023, 0.00062, 0.00026, 9e-05, 0.0008, 0.00212, 0.00553, 0.00247, 0.00023, 0.00212, 0.02253, 0.05886, 0.02618, 0.00062, 0.00553, 0.05886, 0.61708, 0.06863, 0.00026, 0.00247, 0.02618, 0.06863, 0.02955], [0, 3e-05, 9e-05, 0.00023, 0.0007, 0, 8e-05, 0.00081, 0.0021, 0.0065, 2e-05, 0.0002, 0.00213, 0.02239, 0.06882, 6e-05, 0.00052, 0.00557, 0.05843, 0.72476, 3e-05, 0.00023, 0.00248, 0.02611, 0.07769], [7e-05, 2e-05, 0, 0, 0, 0.00062, 0.0002, 8e-05, 3e-05, 0, 0.00652, 0.00212, 0.00081, 8e-05, 0, 0.06863, 0.02223, 0.00212, 0.0002, 2e-05, 0.82042, 0.06863, 0.00652, 0.00062, 7e-05], [3e-05, 6e-05, 2e-05, 0, 0, 0.00023, 0.00052, 0.0002, 8e-05, 3e-05, 0.00248, 0.00557, 0.00213, 0.00081, 9e-05, 0.02611, 0.05843, 0.02239, 0.0021, 0.00023, 0.07769, 0.72476, 0.06882, 0.0065, 0.0007], [0, 2e-05, 6e-05, 2e-05, 0, 9e-05, 0.0002, 0.00053, 0.0002, 9e-05, 0.00094, 0.00212, 0.00561, 0.00212, 0.00094, 0.00247, 0.02223, 0.05886, 0.02223, 0.00247, 0.00736, 0.06863, 0.72681, 0.06863, 0.00736], [0, 0, 2e-05, 6e-05, 3e-05, 3e-05, 8e-05, 0.0002, 0.00052, 0.00023, 9e-05, 0.00081, 0.00213, 0.00557, 0.00248, 0.00023, 0.0021, 0.02239, 0.05843, 0.02611, 0.0007, 0.0065, 0.06882, 0.72476, 0.07769], [0, 0, 0, 2e-05, 7e-05, 0, 3e-05, 8e-05, 0.0002, 0.00062, 0, 8e-05, 0.00081, 0.00212, 0.00652, 2e-05, 0.0002, 0.00212, 0.02223, 0.06863, 7e-05, 0.00062, 0.00652, 0.06863, 0.82042]]