[[0.6239, 0.11164, 0.02909, 0.0073, 0.00267, 0.11164, 0.03584, 0.01004, 0.00234, 0.00107, 0.02909, 0.01004, 0.00602, 0.00147, 0.00062, 0.0073, 0.00234, 0.00147, 0.00077, 0.00035, 0.00267, 0.00107, 0.00062, 0.00035, 0.00029], [0.15955, 0.43656, 0.11377, 0.02855, 0.01043, 0.06383, 0.06268, 0.03925, 0.00916, 0.00417, 0.01663, 0.01756, 0.01053, 0.00574, 0.00243, 0.00417, 0.0041, 0.00257, 0.00134, 0.00136, 0.00153, 0.00187, 0.00109, 0.00061, 0.0005], [0.0408, 0.11164, 0.44488, 0.11164, 0.0408, 0.01632, 0.03584, 0.06866, 0.03584, 0.01632, 0.00951, 0.01004, 0.01842, 0.01004, 0.00951, 0.00239, 0.00234, 0.00449, 0.00234, 0.00239, 0.00087, 0.00107, 0.0019, 0.00107, 0.00087], [0.01043, 0.02855, 0.11377, 0.43656, 0.15955, 0.00417, 0.00916, 0.03925, 0.06268, 0.06383, 0.00243, 0.00574, 0.01053, 0.01756, 0.01663, 0.00136, 0.00134, 0.00257, 0.0041, 0.00417, 0.0005, 0.00061, 0.00109, 0.00187, 0.00153], [0.00267, 0.0073, 0.02909, 0.11164, 0.6239, 0.00107, 0.00234, 0.01004, 0.03584, 0.11164, 0.00062, 0.00147, 0.00602, 0.01004, 0.02909, 0.00035, 0.00077, 0.00147, 0.00234, 0.0073, 0.00029, 0.00035, 0.00062, 0.00107, 0.00267], [0.15955, 0.06383, 0.01663, 0.00417, 0.00153, 0.43656, 0.06268, 0.01756, 0.0041, 0.00187, 0.11377, 0.03925, 0.01053, 0.00257, 0.00109, 0.02855, 0.00916, 0.00574, 0.00134, 0.00061, 0.01043, 0.00417, 0.00243, 0.00136, 0.0005], [0.09122, 0.11164, 0.06505, 0.01632, 0.00597, 0.11164, 0.24512, 0.06866, 0.01603, 0.0073, 0.06505, 0.06866, 0.04119, 0.01004, 0.00425, 0.01632, 0.01603, 0.01004, 0.00524, 0.00239, 0.00597, 0.0073, 0.00425, 0.00239, 0.00195], [0.02333, 0.06383, 0.11377, 0.06383, 0.02333, 0.02855, 0.06268, 0.26847, 0.06268, 0.02855, 0.01663, 0.03925, 0.07204, 0.03925, 0.01663, 0.00933, 0.00916, 0.01756, 0.00916, 0.00933, 0.00341, 0.00417, 0.00744, 0.00417, 0.00341], [0.00597, 0.01632, 0.06505, 0.11164, 0.09122, 0.0073, 0.01603, 0.06866, 0.24512, 0.11164, 0.00425, 0.01004, 0.04119, 0.06866, 0.06505, 0.00239, 0.00524, 0.01004, 0.01603, 0.01632, 0.00195, 0.00239, 0.00425, 0.0073, 0.00597], [0.00153, 0.00417, 0.01663, 0.06383, 0.15955, 0.00187, 0.0041, 0.01756, 0.06268, 0.43656, 0.00109, 0.00257, 0.01053, 0.03925, 0.11377, 0.00061, 0.00134, 0.00574, 0.00916, 0.02855, 0.0005, 0.00136, 0.00243, 0.00417, 0.01043], [0.0408, 0.01632, 0.00951, 0.00239, 0.00087, 0.11164, 0.03584, 0.01004, 0.00234, 0.00107, 0.44488, 0.06866, 0.01842, 0.00449, 0.0019, 0.11164, 0.03584, 0.01004, 0.00234, 0.00107, 0.0408, 0.01632, 0.00951, 0.00239, 0.00087], [0.02333, 0.02855, 0.01663, 0.00933, 0.00341, 0.06383, 0.06268, 0.03925, 0.00916, 0.00417, 0.11377, 0.26847, 0.07204, 0.01756, 0.00744, 0.06383, 0.06268, 0.03925, 0.00916, 0.00417, 0.02333, 0.02855, 0.01663, 0.00933, 0.00341], [0.01334, 0.01632, 0.02909, 0.01632, 0.01334, 0.01632, 0.03584, 0.06866, 0.03584, 0.01632, 0.02909, 0.06866, 0.28171, 0.06866, 0.02909, 0.01632, 0.03584, 0.06866, 0.03584, 0.01632, 0.01334, 0.01632, 0.02909, 0.01632, 0.01334], [0.00341, 0.00933, 0.01663, 0.02855, 0.02333, 0.00417, 0.00916, 0.03925, 0.06268, 0.06383, 0.00744, 0.01756, 0.07204, 0.26847, 0.11377, 0.00417, 0.00916, 0.03925, 0.06268, 0.06383, 0.00341, 0.00933, 0.01663, 0.02855, 0.02333], [0.00087, 0.00239, 0.00951, 0.01632, 0.0408, 0.00107, 0.00234, 0.01004, 0.03584, 0.11164, 0.0019, 0.00449, 0.01842, 0.06866, 0.44488, 0.00107, 0.00234, 0.01004, 0.03584, 0.11164, 0.00087, 0.00239, 0.00951, 0.01632, 0.0408], [0.01043, 0.00417, 0.00243, 0.00136, 0.0005, 0.02855, 0.00916, 0.00574, 0.00134, 0.00061, 0.11377, 0.03925, 0.01053, 0.00257, 0.00109, 0.43656, 0.06268, 0.01756, 0.0041, 0.00187, 0.15955, 0.06383, 0.01663, 0.00417, 0.00153], [0.00597, 0.0073, 0.00425, 0.00239, 0.00195, 0.01632, 0.01603, 0.01004, 0.00524, 0.00239, 0.06505, 0.06866, 0.04119, 0.01004, 0.00425, 0.11164, 0.24512, 0.06866, 0.01603, 0.0073, 0.09122, 0.11164, 0.06505, 0.01632, 0.00597], [0.00341, 0.00417, 0.00744, 0.00417, 0.00341, 0.00933, 0.00916, 0.01756, 0.00916, 0.00933, 0.01663, 0.03925, 0.07204, 0.03925, 0.01663, 0.02855, 0.06268, 0.26847, 0.06268, 0.02855, 0.02333, 0.06383, 0.11377, 0.06383, 0.02333], [0.00195, 0.00239, 0.00425, 0.0073, 0.00597, 0.00239, 0.00524, 0.01004, 0.01603, 0.01632, 0.00425, 0.01004, 0.04119, 0.06866, 0.06505, 0.0073, 0.01603, 0.06866, 0.24512, 0.11164, 0.00597, 0.01632, 0.06505, 0.11164, 0.09122], [0.0005, 0.00136, 0.00243, 0.00417, 0.01043, 0.00061, 0.00134, 0.00574, 0.00916, 0.02855, 0.00109, 0.00257, 0.01053, 0.03925, 0.11377, 0.00187, 0.0041, 0.01756, 0.06268, 0.43656, 0.00153, 0.00417, 0.01663, 0.06383, 0.15955], [0.00267, 0.00107, 0.00062, 0.00035, 0.00029, 0.0073, 0.00234, 0.00147, 0.00077, 0.00035, 0.02909, 0.01004, 0.00602, 0.00147, 0.00062, 0.11164, 0.03584, 0.01004, 0.00234, 0.00107, 0.6239, 0.11164, 0.02909, 0.0073, 0.00267], [0.00153, 0.00187, 0.00109, 0.00061, 0.0005, 0.00417, 0.0041, 0.00257, 0.00134, 0.00136, 0.01663, 0.01756, 0.01053, 0.00574, 0.00243, 0.06383, 0.06268, 0.03925, 0.00916, 0.00417, 0.15955, 0.43656, 0.11377, 0.02855, 0.01043], [0.00087, 0.00107, 0.0019, 0.00107, 0.00087, 0.00239, 0.00234, 0.00449, 0.00234, 0.00239, 0.00951, 0.01004, 0.01842, 0.01004, 0.00951, 0.01632, 0.03584, 0.06866, 0.03584, 0.01632, 0.0408, 0.11164, 0.44488, 0.11164, 0.0408], [0.0005, 0.00061, 0.00109, 0.00187, 0.00153, 0.00136, 0.00134, 0.00257, 0.0041, 0.00417, 0.00243, 0.00574, 0.01053, 0.01756, 0.01663, 0.00417, 0.00916, 0.03925, 0.06268, 0.06383, 0.01043, 0.02855, 0.11377, 0.43656, 0.15955], [0.00029, 0.00035, 0.00062, 0.00107, 0.00267, 0.00035, 0.00077, 0.00147, 0.00234, 0.0073, 0.00062, 0.00147, 0.00602, 0.01004, 0.02909, 0.00107, 0.00234, 0.01004, 0.03584, 0.11164, 0.00267, 0.0073, 0.02909, 0.11164, 0.6239]]