[[0.86279, 0.05484, 0.00382, 0.00026, 2e-05, 0.05484, 0.01643, 0.00115, 8e-05, 0, 0.00382, 0.00115, 0.00039, 3e-05, 0, 0.00026, 8e-05, 3e-05, 0, 0, 2e-05, 0, 0, 0, 0], [0.05995, 0.78919, 0.05492, 0.00381, 0.00029, 0.01838, 0.04902, 0.01648, 0.00114, 9e-05, 0.00128, 0.00342, 0.00115, 0.00038, 3e-05, 9e-05, 0.00024, 8e-05, 3e-05, 0, 0, 2e-05, 0, 0, 0], [0.00417, 0.05484, 0.79033, 0.05484, 0.00417, 0.00128, 0.01643, 0.04919, 0.01643, 0.00128, 0.00043, 0.00115, 0.00343, 0.00115, 0.00043, 3e-05, 8e-05, 0.00024, 8e-05, 3e-05, 0, 0, 2e-05, 0, 0], [0.00029, 0.00381, 0.05492, 0.78919, 0.05995, 9e-05, 0.00114, 0.01648, 0.04902, 0.01838, 3e-05, 0.00038, 0.00115, 0.00342, 0.00128, 0, 3e-05, 8e-05, 0.00024, 9e-05, 0, 0, 0, 2e-05, 0], [2e-05, 0.00026, 0.00382, 0.05484, 0.86279, 0, 8e-05, 0.00115, 0.01643, 0.05484, 0, 3e-05, 0.00039, 0.00115, 0.00382, 0, 0, 3e-05, 8e-05, 0.00026, 0, 0, 0, 0, 2e-05], [0.05995, 0.01838, 0.00128, 9e-05, 0, 0.78919, 0.04902, 0.00342, 0.00024, 2e-05, 0.05492, 0.01648, 0.00115, 8e-05, 0, 0.00381, 0.00114, 0.00038, 3e-05, 0, 0.00029, 9e-05, 3e-05, 0, 0], [0.02009, 0.05484, 0.0184, 0.00128, 0.0001, 0.05484, 0.70551, 0.04919, 0.00341, 0.00026, 0.0184, 0.04919, 0.01654, 0.00115, 9e-05, 0.00128, 0.00341, 0.00115, 0.00038, 3e-05, 0.0001, 0.00026, 9e-05, 3e-05, 1e-05], [0.0014, 0.01838, 0.05492, 0.01838, 0.0014, 0.00381, 0.04902, 0.70795, 0.04902, 0.00381, 0.00128, 0.01648, 0.04935, 0.01648, 0.00128, 0.00043, 0.00114, 0.00342, 0.00114, 0.00043, 3e-05, 9e-05, 0.00027, 9e-05, 3e-05], [0.0001, 0.00128, 0.0184, 0.05484, 0.02009, 0.00026, 0.00341, 0.04919, 0.70551, 0.05484, 9e-05, 0.00115, 0.01654, 0.04919, 0.0184, 3e-05, 0.00038, 0.00115, 0.00341, 0.00128, 1e-05, 3e-05, 9e-05, 0.00026, 0.0001], [0, 9e-05, 0.00128, 0.01838, 0.05995, 2e-05, 0.00024, 0.00342, 0.04902, 0.78919, 0, 8e-05, 0.00115, 0.01648, 0.05492, 0, 3e-05, 0.00038, 0.00114, 0.00381, 0, 0, 3e-05, 9e-05, 0.00029], [0.00417, 0.00128, 0.00043, 3e-05, 0, 0.05484, 0.01643, 0.00115, 8e-05, 0, 0.79033, 0.04919, 0.00343, 0.00024, 2e-05, 0.05484, 0.01643, 0.00115, 8e-05, 0, 0.00417, 0.00128, 0.00043, 3e-05, 0], [0.0014, 0.00381, 0.00128, 0.00043, 3e-05, 0.01838, 0.04902, 0.01648, 0.00114, 9e-05, 0.05492, 0.70795, 0.04935, 0.00342, 0.00027, 0.01838, 0.04902, 0.01648, 0.00114, 9e-05, 0.0014, 0.00381, 0.00128, 0.00043, 3e-05], [0.00047, 0.00128, 0.00382, 0.00128, 0.00047, 0.00128, 0.01643, 0.04919, 0.01643, 0.00128, 0.00382, 0.04919, 0.71018, 0.04919, 0.00382, 0.00128, 0.01643, 0.04919, 0.01643, 0.00128, 0.00047, 0.00128, 0.00382, 0.00128, 0.00047], [3e-05, 0.00043, 0.00128, 0.00381, 0.0014, 9e-05, 0.00114, 0.01648, 0.04902, 0.01838, 0.00027, 0.00342, 0.04935, 0.70795, 0.05492, 9e-05, 0.00114, 0.01648, 0.04902, 0.01838, 3e-05, 0.00043, 0.00128, 0.00381, 0.0014], [0, 3e-05, 0.00043, 0.00128, 0.00417, 0, 8e-05, 0.00115, 0.01643, 0.05484, 2e-05, 0.00024, 0.00343, 0.04919, 0.79033, 0, 8e-05, 0.00115, 0.01643, 0.05484, 0, 3e-05, 0.00043, 0.00128, 0.00417], [0.00029, 9e-05, 3e-05, 0, 0, 0.00381, 0.00114, 0.00038, 3e-05, 0, 0.05492, 0.01648, 0.00115, 8e-05, 0, 0.78919, 0.04902, 0.00342, 0.00024, 2e-05, 0.05995, 0.01838, 0.00128, 9e-05, 0], [0.0001, 0.00026, 9e-05, 3e-05, 1e-05, 0.00128, 0.00341, 0.00115, 0.00038, 3e-05, 0.0184, 0.04919, 0.01654, 0.00115, 9e-05, 0.05484, 0.70551, 0.04919, 0.00341, 0.00026, 0.02009, 0.05484, 0.0184, 0.00128, 0.0001], [3e-05, 9e-05, 0.00027, 9e-05, 3e-05, 0.00043, 0.00114, 0.00342, 0.00114, 0.00043, 0.00128, 0.01648, 0.04935, 0.01648, 0.00128, 0.00381, 0.04902, 0.70795, 0.04902, 0.00381, 0.0014, 0.01838, 0.05492, 0.01838, 0.0014], [1e-05, 3e-05, 9e-05, 0.00026, 0.0001, 3e-05, 0.00038, 0.00115, 0.00341, 0.00128, 9e-05, 0.00115, 0.01654, 0.04919, 0.0184, 0.00026, 0.00341, 0.04919, 0.70551, 0.05484, 0.0001, 0.00128, 0.0184, 0.05484, 0.02009], [0, 0, 3e-05, 9e-05, 0.00029, 0, 3e-05, 0.00038, 0.00114, 0.00381, 0, 8e-05, 0.00115, 0.01648, 0.05492, 2e-05, 0.00024, 0.00342, 0.04902, 0.78919, 0, 9e-05, 0.00128, 0.01838, 0.05995], [2e-05, 0, 0, 0, 0, 0.00026, 8e-05, 3e-05, 0, 0, 0.00382, 0.00115, 0.00039, 3e-05, 0, 0.05484, 0.01643, 0.00115, 8e-05, 0, 0.86279, 0.05484, 0.00382, 0.00026, 2e-05], [0, 2e-05, 0, 0, 0, 9e-05, 0.00024, 8e-05, 3e-05, 0, 0.00128, 0.00342, 0.00115, 0.00038, 3e-05, 0.01838, 0.04902, 0.01648, 0.00114, 9e-05, 0.05995, 0.78919, 0.05492, 0.00381, 0.00029], [0, 0, 2e-05, 0, 0, 3e-05, 8e-05, 0.00024, 8e-05, 3e-05, 0.00043, 0.00115, 0.00343, 0.00115, 0.00043, 0.00128, 0.01643, 0.04919, 0.01643, 0.00128, 0.00417, 0.05484, 0.79033, 0.05484, 0.00417], [0, 0, 0, 2e-05, 0, 0, 3e-05, 8e-05, 0.00024, 9e-05, 3e-05, 0.00038, 0.00115, 0.00342, 0.00128, 9e-05, 0.00114, 0.01648, 0.04902, 0.01838, 0.00029, 0.00381, 0.05492, 0.78919, 0.05995], [0, 0, 0, 0, 2e-05, 0, 0, 3e-05, 8e-05, 0.00026, 0, 3e-05, 0.00039, 0.00115, 0.00382, 0, 8e-05, 0.00115, 0.01643, 0.05484, 2e-05, 0.00026, 0.00382, 0.05484, 0.86279]]