[[0.70565, 0.09844, 0.01768, 0.00311, 0.0007, 0.09844, 0.0342, 0.00629, 0.00108, 0.00027, 0.01768, 0.00629, 0.00318, 0.00055, 0.00014, 0.00311, 0.00108, 0.00055, 0.00026, 7e-05, 0.0007, 0.00027, 0.00014, 7e-05, 4e-05], [0.12544, 0.55378, 0.09943, 0.0175, 0.00396, 0.04849, 0.06944, 0.0354, 0.00608, 0.00153, 0.00871, 0.01278, 0.00645, 0.0031, 0.00076, 0.00153, 0.00219, 0.00112, 0.00053, 0.00037, 0.00035, 0.00055, 0.00028, 0.00013, 8e-05], [0.0223, 0.09844, 0.55935, 0.09844, 0.0223, 0.00862, 0.0342, 0.07187, 0.0342, 0.00862, 0.00429, 0.00629, 0.0131, 0.00629, 0.00429, 0.00075, 0.00108, 0.00227, 0.00108, 0.00075, 0.00017, 0.00027, 0.00056, 0.00027, 0.00017], [0.00396, 0.0175, 0.09943, 0.55378, 0.12544, 0.00153, 0.00608, 0.0354, 0.06944, 0.04849, 0.00076, 0.0031, 0.00645, 0.01278, 0.00871, 0.00037, 0.00053, 0.00112, 0.00219, 0.00153, 8e-05, 0.00013, 0.00028, 0.00055, 0.00035], [0.0007, 0.00311, 0.01768, 0.09844, 0.70565, 0.00027, 0.00108, 0.00629, 0.0342, 0.09844, 0.00014, 0.00055, 0.00318, 0.00629, 0.01768, 7e-05, 0.00026, 0.00055, 0.00108, 0.00311, 4e-05, 7e-05, 0.00014, 0.00027, 0.0007], [0.12544, 0.04849, 0.00871, 0.00153, 0.00035, 0.55378, 0.06944, 0.01278, 0.00219, 0.00055, 0.09943, 0.0354, 0.00645, 0.00112, 0.00028, 0.0175, 0.00608, 0.0031, 0.00053, 0.00013, 0.00396, 0.00153, 0.00076, 0.00037, 8e-05], [0.06178, 0.09844, 0.04898, 0.00862, 0.00195, 0.09844, 0.39063, 0.07187, 0.01234, 0.00311, 0.04898, 0.07187, 0.03628, 0.00629, 0.00155, 0.00862, 0.01234, 0.00629, 0.00299, 0.00075, 0.00195, 0.00311, 0.00155, 0.00075, 0.00047], [0.01098, 0.04849, 0.09943, 0.04849, 0.01098, 0.0175, 0.06944, 0.4043, 0.06944, 0.0175, 0.00871, 0.0354, 0.07367, 0.0354, 0.00871, 0.00425, 0.00608, 0.01278, 0.00608, 0.00425, 0.00096, 0.00153, 0.00314, 0.00153, 0.00096], [0.00195, 0.00862, 0.04898, 0.09844, 0.06178, 0.00311, 0.01234, 0.07187, 0.39063, 0.09844, 0.00155, 0.00629, 0.03628, 0.07187, 0.04898, 0.00075, 0.00299, 0.00629, 0.01234, 0.00862, 0.00047, 0.00075, 0.00155, 0.00311, 0.00195], [0.00035, 0.00153, 0.00871, 0.04849, 0.12544, 0.00055, 0.00219, 0.01278, 0.06944, 0.55378, 0.00028, 0.00112, 0.00645, 0.0354, 0.09943, 0.00013, 0.00053, 0.0031, 0.00608, 0.0175, 8e-05, 0.00037, 0.00076, 0.00153, 0.00396], [0.0223, 0.00862, 0.00429, 0.00075, 0.00017, 0.09844, 0.0342, 0.00629, 0.00108, 0.00027, 0.55935, 0.07187, 0.0131, 0.00227, 0.00056, 0.09844, 0.0342, 0.00629, 0.00108, 0.00027, 0.0223, 0.00862, 0.00429, 0.00075, 0.00017], [0.01098, 0.0175, 0.00871, 0.00425, 0.00096, 0.04849, 0.06944, 0.0354, 0.00608, 0.00153, 0.09943, 0.4043, 0.07367, 0.01278, 0.00314, 0.04849, 0.06944, 0.0354, 0.00608, 0.00153, 0.01098, 0.0175, 0.00871, 0.00425, 0.00096], [0.00541, 0.00862, 0.01768, 0.00862, 0.00541, 0.00862, 0.0342, 0.07187, 0.0342, 0.00862, 0.01768, 0.07187, 0.4144, 0.07187, 0.01768, 0.00862, 0.0342, 0.07187, 0.0342, 0.00862, 0.00541, 0.00862, 0.01768, 0.00862, 0.00541], [0.00096, 0.00425, 0.00871, 0.0175, 0.01098, 0.00153, 0.00608, 0.0354, 0.06944, 0.04849, 0.00314, 0.01278, 0.07367, 0.4043, 0.09943, 0.00153, 0.00608, 0.0354, 0.06944, 0.04849, 0.00096, 0.00425, 0.00871, 0.0175, 0.01098], [0.00017, 0.00075, 0.00429, 0.00862, 0.0223, 0.00027, 0.00108, 0.00629, 0.0342, 0.09844, 0.00056, 0.00227, 0.0131, 0.07187, 0.55935, 0.00027, 0.00108, 0.00629, 0.0342, 0.09844, 0.00017, 0.00075, 0.00429, 0.00862, 0.0223], [0.00396, 0.00153, 0.00076, 0.00037, 8e-05, 0.0175, 0.00608, 0.0031, 0.00053, 0.00013, 0.09943, 0.0354, 0.00645, 0.00112, 0.00028, 0.55378, 0.06944, 0.01278, 0.00219, 0.00055, 0.12544, 0.04849, 0.00871, 0.00153, 0.00035], [0.00195, 0.00311, 0.00155, 0.00075, 0.00047, 0.00862, 0.01234, 0.00629, 0.00299, 0.00075, 0.04898, 0.07187, 0.03628, 0.00629, 0.00155, 0.09844, 0.39063, 0.07187, 0.01234, 0.00311, 0.06178, 0.09844, 0.04898, 0.00862, 0.00195], [0.00096, 0.00153, 0.00314, 0.00153, 0.00096, 0.00425, 0.00608, 0.01278, 0.00608, 0.00425, 0.00871, 0.0354, 0.07367, 0.0354, 0.00871, 0.0175, 0.06944, 0.4043, 0.06944, 0.0175, 0.01098, 0.04849, 0.09943, 0.04849, 0.01098], [0.00047, 0.00075, 0.00155, 0.00311, 0.00195, 0.00075, 0.00299, 0.00629, 0.01234, 0.00862, 0.00155, 0.00629, 0.03628, 0.07187, 0.04898, 0.00311, 0.01234, 0.07187, 0.39063, 0.09844, 0.00195, 0.00862, 0.04898, 0.09844, 0.06178], [8e-05, 0.00037, 0.00076, 0.00153, 0.00396, 0.00013, 0.00053, 0.0031, 0.00608, 0.0175, 0.00028, 0.00112, 0.00645, 0.0354, 0.09943, 0.00055, 0.00219, 0.01278, 0.06944, 0.55378, 0.00035, 0.00153, 0.00871, 0.04849, 0.12544], [0.0007, 0.00027, 0.00014, 7e-05, 4e-05, 0.00311, 0.00108, 0.00055, 0.00026, 7e-05, 0.01768, 0.00629, 0.00318, 0.00055, 0.00014, 0.09844, 0.0342, 0.00629, 0.00108, 0.00027, 0.70565, 0.09844, 0.01768, 0.00311, 0.0007], [0.00035, 0.00055, 0.00028, 0.00013, 8e-05, 0.00153, 0.00219, 0.00112, 0.00053, 0.00037, 0.00871, 0.01278, 0.00645, 0.0031, 0.00076, 0.04849, 0.06944, 0.0354, 0.00608, 0.00153, 0.12544, 0.55378, 0.09943, 0.0175, 0.00396], [0.00017, 0.00027, 0.00056, 0.00027, 0.00017, 0.00075, 0.00108, 0.00227, 0.00108, 0.00075, 0.00429, 0.00629, 0.0131, 0.00629, 0.00429, 0.00862, 0.0342, 0.07187, 0.0342, 0.00862, 0.0223, 0.09844, 0.55935, 0.09844, 0.0223], [8e-05, 0.00013, 0.00028, 0.00055, 0.00035, 0.00037, 0.00053, 0.00112, 0.00219, 0.00153, 0.00076, 0.0031, 0.00645, 0.01278, 0.00871, 0.00153, 0.00608, 0.0354, 0.06944, 0.04849, 0.00396, 0.0175, 0.09943, 0.55378, 0.12544], [4e-05, 7e-05, 0.00014, 0.00027, 0.0007, 7e-05, 0.00026, 0.00055, 0.00108, 0.00311, 0.00014, 0.00055, 0.00318, 0.00629, 0.01768, 0.00027, 0.00108, 0.00629, 0.0342, 0.09844, 0.0007, 0.00311, 0.01768, 0.09844, 0.70565]]