[[0.83102, 0.07277, 0.00706, 0.00068, 7e-05, 0.07277, 0.00637, 0.00062, 6e-05, 0, 0.00706, 0.00062, 6e-05, 0, 0, 0.00068, 6e-05, 0, 0, 0, 7e-05, 0, 0, 0, 0], [0.08059, 0.75043, 0.07277, 0.00706, 0.00076, 0.00706, 0.06571, 0.00637, 0.00062, 7e-05, 0.00068, 0.00637, 0.00062, 6e-05, 0, 7e-05, 0.00062, 6e-05, 0, 0, 0, 7e-05, 0, 0, 0], [0.00781, 0.07277, 0.75043, 0.07277, 0.00781, 0.00068, 0.00637, 0.06571, 0.00637, 0.00068, 7e-05, 0.00062, 0.00637, 0.00062, 7e-05, 0, 6e-05, 0.00062, 6e-05, 0, 0, 0, 7e-05, 0, 0], [0.00076, 0.00706, 0.07277, 0.75043, 0.08059, 7e-05, 0.00062, 0.00637, 0.06571, 0.00706, 0, 6e-05, 0.00062, 0.00637, 0.00068, 0, 0, 6e-05, 0.00062, 7e-05, 0, 0, 0, 7e-05, 0], [7e-05, 0.00068, 0.00706, 0.07277, 0.83102, 0, 6e-05, 0.00062, 0.00637, 0.07277, 0, 0, 6e-05, 0.00062, 0.00706, 0, 0, 0, 6e-05, 0.00068, 0, 0, 0, 0, 7e-05], [0.08059, 0.00706, 0.00068, 7e-05, 0, 0.75043, 0.06571, 0.00637, 0.00062, 7e-05, 0.07277, 0.00637, 0.00062, 6e-05, 0, 0.00706, 0.00062, 6e-05, 0, 0, 0.00076, 7e-05, 0, 0, 0], [0.00781, 0.07277, 0.00706, 0.00068, 7e-05, 0.07277, 0.67766, 0.06571, 0.00637, 0.00068, 0.00706, 0.06571, 0.00637, 0.00062, 7e-05, 0.00068, 0.00637, 0.00062, 6e-05, 0, 7e-05, 0.00068, 7e-05, 0, 0], [0.00076, 0.00706, 0.07277, 0.00706, 0.00076, 0.00706, 0.06571, 0.67766, 0.06571, 0.00706, 0.00068, 0.00637, 0.06571, 0.00637, 0.00068, 7e-05, 0.00062, 0.00637, 0.00062, 7e-05, 0, 7e-05, 0.00068, 7e-05, 0], [7e-05, 0.00068, 0.00706, 0.07277, 0.00781, 0.00068, 0.00637, 0.06571, 0.67766, 0.07277, 7e-05, 0.00062, 0.00637, 0.06571, 0.00706, 0, 6e-05, 0.00062, 0.00637, 0.00068, 0, 0, 7e-05, 0.00068, 7e-05], [0, 7e-05, 0.00068, 0.00706, 0.08059, 7e-05, 0.00062, 0.00637, 0.06571, 0.75043, 0, 6e-05, 0.00062, 0.00637, 0.07277, 0, 0, 6e-05, 0.00062, 0.00706, 0, 0, 0, 7e-05, 0.00076], [0.00781, 0.00068, 7e-05, 0, 0, 0.07277, 0.00637, 0.00062, 6e-05, 0, 0.75043, 0.06571, 0.00637, 0.00062, 7e-05, 0.07277, 0.00637, 0.00062, 6e-05, 0, 0.00781, 0.00068, 7e-05, 0, 0], [0.00076, 0.00706, 0.00068, 7e-05, 0, 0.00706, 0.06571, 0.00637, 0.00062, 7e-05, 0.07277, 0.67766, 0.06571, 0.00637, 0.00068, 0.00706, 0.06571, 0.00637, 0.00062, 7e-05, 0.00076, 0.00706, 0.00068, 7e-05, 0], [7e-05, 0.00068, 0.00706, 0.00068, 7e-05, 0.00068, 0.00637, 0.06571, 0.00637, 0.00068, 0.00706, 0.06571, 0.67766, 0.06571, 0.00706, 0.00068, 0.00637, 0.06571, 0.00637, 0.00068, 7e-05, 0.00068, 0.00706, 0.00068, 7e-05], [0, 7e-05, 0.00068, 0.00706, 0.00076, 7e-05, 0.00062, 0.00637, 0.06571, 0.00706, 0.00068, 0.00637, 0.06571, 0.67766, 0.07277, 7e-05, 0.00062, 0.00637, 0.06571, 0.00706, 0, 7e-05, 0.00068, 0.00706, 0.00076], [0, 0, 7e-05, 0.00068, 0.00781, 0, 6e-05, 0.00062, 0.00637, 0.07277, 7e-05, 0.00062, 0.00637, 0.06571, 0.75043, 0, 6e-05, 0.00062, 0.00637, 0.07277, 0, 0, 7e-05, 0.00068, 0.00781], [0.00076, 7e-05, 0, 0, 0, 0.00706, 0.00062, 6e-05, 0, 0, 0.07277, 0.00637, 0.00062, 6e-05, 0, 0.75043, 0.06571, 0.00637, 0.00062, 7e-05, 0.08059, 0.00706, 0.00068, 7e-05, 0], [7e-05, 0.00068, 7e-05, 0, 0, 0.00068, 0.00637, 0.00062, 6e-05, 0, 0.00706, 0.06571, 0.00637, 0.00062, 7e-05, 0.07277, 0.67766, 0.06571, 0.00637, 0.00068, 0.00781, 0.07277, 0.00706, 0.00068, 7e-05], [0, 7e-05, 0.00068, 7e-05, 0, 7e-05, 0.00062, 0.00637, 0.00062, 7e-05, 0.00068, 0.00637, 0.06571, 0.00637, 0.00068, 0.00706, 0.06571, 0.67766, 0.06571, 0.00706, 0.00076, 0.00706, 0.07277, 0.00706, 0.00076], [0, 0, 7e-05, 0.00068, 7e-05, 0, 6e-05, 0.00062, 0.00637, 0.00068, 7e-05, 0.00062, 0.00637, 0.06571, 0.00706, 0.00068, 0.00637, 0.06571, 0.67766, 0.07277, 7e-05, 0.00068, 0.00706, 0.07277, 0.00781], [0, 0, 0, 7e-05, 0.00076, 0, 0, 6e-05, 0.00062, 0.00706, 0, 6e-05, 0.00062, 0.00637, 0.07277, 7e-05, 0.00062, 0.00637, 0.06571, 0.75043, 0, 7e-05, 0.00068, 0.00706, 0.08059], [7e-05, 0, 0, 0, 0, 0.00068, 6e-05, 0, 0, 0, 0.00706, 0.00062, 6e-05, 0, 0, 0.07277, 0.00637, 0.00062, 6e-05, 0, 0.83102, 0.07277, 0.00706, 0.00068, 7e-05], [0, 7e-05, 0, 0, 0, 7e-05, 0.00062, 6e-05, 0, 0, 0.00068, 0.00637, 0.00062, 6e-05, 0, 0.00706, 0.06571, 0.00637, 0.00062, 7e-05, 0.08059, 0.75043, 0.07277, 0.00706, 0.00076], [0, 0, 7e-05, 0, 0, 0, 6e-05, 0.00062, 6e-05, 0, 7e-05, 0.00062, 0.00637, 0.00062, 7e-05, 0.00068, 0.00637, 0.06571, 0.00637, 0.00068, 0.00781, 0.07277, 0.75043, 0.07277, 0.00781], [0, 0, 0, 7e-05, 0, 0, 0, 6e-05, 0.00062, 7e-05, 0, 6e-05, 0.00062, 0.00637, 0.00068, 7e-05, 0.00062, 0.00637, 0.06571, 0.00706, 0.00076, 0.00706, 0.07277, 0.75043, 0.08059], [0, 0, 0, 0, 7e-05, 0, 0, 0, 6e-05, 0.00068, 0, 0, 6e-05, 0.00062, 0.00706, 0, 6e-05, 0.00062, 0.00637, 0.07277, 7e-05, 0.00068, 0.00706, 0.07277, 0.83102]]