[[0, 0.35215, 0.02379, 0.0199, 0, 0.35215, 0.06791, 0.0343, 0.01086, 0.009, 0.02379, 0.0343, 0.00936, 0.00444, 0.00179, 0.0199, 0.01086, 0.00444, 0.00512, 0.00258, 0, 0.009, 0.00179, 0.00258, 0], [0, 0.31137, 0.05949, 0.04978, 0, 0.14081, 0.16983, 0.08578, 0.02715, 0.02251, 0.01634, 0.02355, 0.01363, 0.01111, 0.00449, 0.01367, 0.01581, 0.00647, 0.00746, 0.00645, 0, 0.00796, 0.00261, 0.00375, 0], [0, 0.1245, 0.14879, 0.1245, 0, 0.0563, 0.06791, 0.21453, 0.06791, 0.0563, 0.01122, 0.01617, 0.01984, 0.01617, 0.01122, 0.00939, 0.01086, 0.00942, 0.01086, 0.00939, 0, 0.00547, 0.0038, 0.00547, 0], [0, 0.04978, 0.05949, 0.31137, 0, 0.02251, 0.02715, 0.08578, 0.16983, 0.14081, 0.00449, 0.01111, 0.01363, 0.02355, 0.01634, 0.00645, 0.00746, 0.00647, 0.01581, 0.01367, 0, 0.00375, 0.00261, 0.00796, 0], [0, 0.0199, 0.02379, 0.35215, 0, 0.009, 0.01086, 0.0343, 0.06791, 0.35215, 0.00179, 0.00444, 0.00936, 0.0343, 0.02379, 0.00258, 0.00512, 0.00444, 0.01086, 0.0199, 0, 0.00258, 0.00179, 0.009, 0], [0, 0.14081, 0.01634, 0.01367, 0, 0.31137, 0.16983, 0.02355, 0.01581, 0.00796, 0.05949, 0.08578, 0.01363, 0.00647, 0.00261, 0.04978, 0.02715, 0.01111, 0.00746, 0.00375, 0, 0.02251, 0.00449, 0.00645, 0], [0, 0.1245, 0.04086, 0.03419, 0, 0.1245, 0.24731, 0.05891, 0.03954, 0.0199, 0.04086, 0.05891, 0.03408, 0.01617, 0.00653, 0.03419, 0.03954, 0.01617, 0.01865, 0.00939, 0, 0.0199, 0.00653, 0.00939, 0], [0, 0.0855, 0.05949, 0.0855, 0, 0.04978, 0.09889, 0.14732, 0.09889, 0.04978, 0.01634, 0.04045, 0.04963, 0.04045, 0.01634, 0.02348, 0.02715, 0.02355, 0.02715, 0.02348, 0, 0.01367, 0.00951, 0.01367, 0], [0, 0.03419, 0.04086, 0.1245, 0, 0.0199, 0.03954, 0.05891, 0.24731, 0.1245, 0.00653, 0.01617, 0.03408, 0.05891, 0.04086, 0.00939, 0.01865, 0.01617, 0.03954, 0.03419, 0, 0.00939, 0.00653, 0.0199, 0], [0, 0.01367, 0.01634, 0.14081, 0, 0.00796, 0.01581, 0.02355, 0.16983, 0.31137, 0.00261, 0.00647, 0.01363, 0.08578, 0.05949, 0.00375, 0.00746, 0.01111, 0.02715, 0.04978, 0, 0.00645, 0.00449, 0.02251, 0], [0, 0.0563, 0.01122, 0.00939, 0, 0.1245, 0.06791, 0.01617, 0.01086, 0.00547, 0.14879, 0.21453, 0.01984, 0.00942, 0.0038, 0.1245, 0.06791, 0.01617, 0.01086, 0.00547, 0, 0.0563, 0.01122, 0.00939, 0], [0, 0.04978, 0.01634, 0.02348, 0, 0.0855, 0.09889, 0.04045, 0.02715, 0.01367, 0.05949, 0.14732, 0.04963, 0.02355, 0.00951, 0.0855, 0.09889, 0.04045, 0.02715, 0.01367, 0, 0.04978, 0.01634, 0.02348, 0], [0, 0.03419, 0.02379, 0.03419, 0, 0.03419, 0.06791, 0.05891, 0.06791, 0.03419, 0.02379, 0.05891, 0.12411, 0.05891, 0.02379, 0.03419, 0.06791, 0.05891, 0.06791, 0.03419, 0, 0.03419, 0.02379, 0.03419, 0], [0, 0.02348, 0.01634, 0.04978, 0, 0.01367, 0.02715, 0.04045, 0.09889, 0.0855, 0.00951, 0.02355, 0.04963, 0.14732, 0.05949, 0.01367, 0.02715, 0.04045, 0.09889, 0.0855, 0, 0.02348, 0.01634, 0.04978, 0], [0, 0.00939, 0.01122, 0.0563, 0, 0.00547, 0.01086, 0.01617, 0.06791, 0.1245, 0.0038, 0.00942, 0.01984, 0.21453, 0.14879, 0.00547, 0.01086, 0.01617, 0.06791, 0.1245, 0, 0.00939, 0.01122, 0.0563, 0], [0, 0.02251, 0.00449, 0.00645, 0, 0.04978, 0.02715, 0.01111, 0.00746, 0.00375, 0.05949, 0.08578, 0.01363, 0.00647, 0.00261, 0.31137, 0.16983, 0.02355, 0.01581, 0.00796, 0, 0.14081, 0.01634, 0.01367, 0], [0, 0.0199, 0.00653, 0.00939, 0, 0.03419, 0.03954, 0.01617, 0.01865, 0.00939, 0.04086, 0.05891, 0.03408, 0.01617, 0.00653, 0.1245, 0.24731, 0.05891, 0.03954, 0.0199, 0, 0.1245, 0.04086, 0.03419, 0], [0, 0.01367, 0.00951, 0.01367, 0, 0.02348, 0.02715, 0.02355, 0.02715, 0.02348, 0.01634, 0.04045, 0.04963, 0.04045, 0.01634, 0.04978, 0.09889, 0.14732, 0.09889, 0.04978, 0, 0.0855, 0.05949, 0.0855, 0], [0, 0.00939, 0.00653, 0.0199, 0, 0.00939, 0.01865, 0.01617, 0.03954, 0.03419, 0.00653, 0.01617, 0.03408, 0.05891, 0.04086, 0.0199, 0.03954, 0.05891, 0.24731, 0.1245, 0, 0.03419, 0.04086, 0.1245, 0], [0, 0.00645, 0.00449, 0.02251, 0, 0.00375, 0.00746, 0.01111, 0.02715, 0.04978, 0.00261, 0.00647, 0.01363, 0.08578, 0.05949, 0.00796, 0.01581, 0.02355, 0.16983, 0.31137, 0, 0.01367, 0.01634, 0.14081, 0], [0, 0.009, 0.00179, 0.00258, 0, 0.0199, 0.01086, 0.00444, 0.00512, 0.00258, 0.02379, 0.0343, 0.00936, 0.00444, 0.00179, 0.35215, 0.06791, 0.0343, 0.01086, 0.009, 0, 0.35215, 0.02379, 0.0199, 0], [0, 0.00796, 0.00261, 0.00375, 0, 0.01367, 0.01581, 0.00647, 0.00746, 0.00645, 0.01634, 0.02355, 0.01363, 0.01111, 0.00449, 0.14081, 0.16983, 0.08578, 0.02715, 0.02251, 0, 0.31137, 0.05949, 0.04978, 0], [0, 0.00547, 0.0038, 0.00547, 0, 0.00939, 0.01086, 0.00942, 0.01086, 0.00939, 0.01122, 0.01617, 0.01984, 0.01617, 0.01122, 0.0563, 0.06791, 0.21453, 0.06791, 0.0563, 0, 0.1245, 0.14879, 0.1245, 0], [0, 0.00375, 0.00261, 0.00796, 0, 0.00645, 0.00746, 0.00647, 0.01581, 0.01367, 0.00449, 0.01111, 0.01363, 0.02355, 0.01634, 0.02251, 0.02715, 0.08578, 0.16983, 0.14081, 0, 0.04978, 0.05949, 0.31137, 0], [0, 0.00258, 0.00179, 0.009, 0, 0.00258, 0.00512, 0.00444, 0.01086, 0.0199, 0.00179, 0.00444, 0.00936, 0.0343, 0.02379, 0.009, 0.01086, 0.0343, 0.06791, 0.35215, 0, 0.0199, 0.02379, 0.35215, 0]]