[[0.83573, 0.06381, 0.00546, 0.00046, 4e-05, 0.06381, 0.02017, 0.00173, 0.00015, 1e-05, 0.00546, 0.00173, 0.00063, 5e-05, 0, 0.00046, 0.00015, 5e-05, 2e-05, 0, 4e-05, 1e-05, 0, 0, 0], [0.07129, 0.74798, 0.06395, 0.00544, 0.00052, 0.02326, 0.05534, 0.02029, 0.00172, 0.00017, 0.00199, 0.00475, 0.00174, 0.00063, 6e-05, 0.00017, 0.0004, 0.00015, 5e-05, 2e-05, 2e-05, 4e-05, 1e-05, 0, 0], [0.00608, 0.06381, 0.74967, 0.06381, 0.00608, 0.00198, 0.02017, 0.05566, 0.02017, 0.00198, 0.00072, 0.00173, 0.00477, 0.00173, 0.00072, 6e-05, 0.00015, 0.00041, 0.00015, 6e-05, 0, 1e-05, 4e-05, 1e-05, 0], [0.00052, 0.00544, 0.06395, 0.74798, 0.07129, 0.00017, 0.00172, 0.02029, 0.05534, 0.02326, 6e-05, 0.00063, 0.00174, 0.00475, 0.00199, 2e-05, 5e-05, 0.00015, 0.0004, 0.00017, 0, 0, 1e-05, 4e-05, 2e-05], [4e-05, 0.00046, 0.00546, 0.06381, 0.83573, 1e-05, 0.00015, 0.00173, 0.02017, 0.06381, 0, 5e-05, 0.00063, 0.00173, 0.00546, 0, 2e-05, 5e-05, 0.00015, 0.00046, 0, 0, 0, 1e-05, 4e-05], [0.07129, 0.02326, 0.00199, 0.00017, 2e-05, 0.74798, 0.05534, 0.00475, 0.0004, 4e-05, 0.06395, 0.02029, 0.00174, 0.00015, 1e-05, 0.00544, 0.00172, 0.00063, 5e-05, 0, 0.00052, 0.00017, 6e-05, 2e-05, 0], [0.02599, 0.06381, 0.02331, 0.00198, 0.00019, 0.06381, 0.64879, 0.05566, 0.00472, 0.00046, 0.02331, 0.05566, 0.02039, 0.00173, 0.00017, 0.00198, 0.00472, 0.00173, 0.00063, 6e-05, 0.00019, 0.00046, 0.00017, 6e-05, 3e-05], [0.00222, 0.02326, 0.06395, 0.02326, 0.00222, 0.00544, 0.05534, 0.65246, 0.05534, 0.00544, 0.00199, 0.02029, 0.05594, 0.02029, 0.00199, 0.00072, 0.00172, 0.00475, 0.00172, 0.00072, 7e-05, 0.00017, 0.00047, 0.00017, 7e-05], [0.00019, 0.00198, 0.02331, 0.06381, 0.02599, 0.00046, 0.00472, 0.05566, 0.64879, 0.06381, 0.00017, 0.00173, 0.02039, 0.05566, 0.02331, 6e-05, 0.00063, 0.00173, 0.00472, 0.00198, 3e-05, 6e-05, 0.00017, 0.00046, 0.00019], [2e-05, 0.00017, 0.00199, 0.02326, 0.07129, 4e-05, 0.0004, 0.00475, 0.05534, 0.74798, 1e-05, 0.00015, 0.00174, 0.02029, 0.06395, 0, 5e-05, 0.00063, 0.00172, 0.00544, 0, 2e-05, 6e-05, 0.00017, 0.00052], [0.00608, 0.00198, 0.00072, 6e-05, 0, 0.06381, 0.02017, 0.00173, 0.00015, 1e-05, 0.74967, 0.05566, 0.00477, 0.00041, 4e-05, 0.06381, 0.02017, 0.00173, 0.00015, 1e-05, 0.00608, 0.00198, 0.00072, 6e-05, 0], [0.00222, 0.00544, 0.00199, 0.00072, 7e-05, 0.02326, 0.05534, 0.02029, 0.00172, 0.00017, 0.06395, 0.65246, 0.05594, 0.00475, 0.00047, 0.02326, 0.05534, 0.02029, 0.00172, 0.00017, 0.00222, 0.00544, 0.00199, 0.00072, 7e-05], [0.00081, 0.00198, 0.00546, 0.00198, 0.00081, 0.00198, 0.02017, 0.05566, 0.02017, 0.00198, 0.00546, 0.05566, 0.65576, 0.05566, 0.00546, 0.00198, 0.02017, 0.05566, 0.02017, 0.00198, 0.00081, 0.00198, 0.00546, 0.00198, 0.00081], [7e-05, 0.00072, 0.00199, 0.00544, 0.00222, 0.00017, 0.00172, 0.02029, 0.05534, 0.02326, 0.00047, 0.00475, 0.05594, 0.65246, 0.06395, 0.00017, 0.00172, 0.02029, 0.05534, 0.02326, 7e-05, 0.00072, 0.00199, 0.00544, 0.00222], [0, 6e-05, 0.00072, 0.00198, 0.00608, 1e-05, 0.00015, 0.00173, 0.02017, 0.06381, 4e-05, 0.00041, 0.00477, 0.05566, 0.74967, 1e-05, 0.00015, 0.00173, 0.02017, 0.06381, 0, 6e-05, 0.00072, 0.00198, 0.00608], [0.00052, 0.00017, 6e-05, 2e-05, 0, 0.00544, 0.00172, 0.00063, 5e-05, 0, 0.06395, 0.02029, 0.00174, 0.00015, 1e-05, 0.74798, 0.05534, 0.00475, 0.0004, 4e-05, 0.07129, 0.02326, 0.00199, 0.00017, 2e-05], [0.00019, 0.00046, 0.00017, 6e-05, 3e-05, 0.00198, 0.00472, 0.00173, 0.00063, 6e-05, 0.02331, 0.05566, 0.02039, 0.00173, 0.00017, 0.06381, 0.64879, 0.05566, 0.00472, 0.00046, 0.02599, 0.06381, 0.02331, 0.00198, 0.00019], [7e-05, 0.00017, 0.00047, 0.00017, 7e-05, 0.00072, 0.00172, 0.00475, 0.00172, 0.00072, 0.00199, 0.02029, 0.05594, 0.02029, 0.00199, 0.00544, 0.05534, 0.65246, 0.05534, 0.00544, 0.00222, 0.02326, 0.06395, 0.02326, 0.00222], [3e-05, 6e-05, 0.00017, 0.00046, 0.00019, 6e-05, 0.00063, 0.00173, 0.00472, 0.00198, 0.00017, 0.00173, 0.02039, 0.05566, 0.02331, 0.00046, 0.00472, 0.05566, 0.64879, 0.06381, 0.00019, 0.00198, 0.02331, 0.06381, 0.02599], [0, 2e-05, 6e-05, 0.00017, 0.00052, 0, 5e-05, 0.00063, 0.00172, 0.00544, 1e-05, 0.00015, 0.00174, 0.02029, 0.06395, 4e-05, 0.0004, 0.00475, 0.05534, 0.74798, 2e-05, 0.00017, 0.00199, 0.02326, 0.07129], [4e-05, 1e-05, 0, 0, 0, 0.00046, 0.00015, 5e-05, 2e-05, 0, 0.00546, 0.00173, 0.00063, 5e-05, 0, 0.06381, 0.02017, 0.00173, 0.00015, 1e-05, 0.83573, 0.06381, 0.00546, 0.00046, 4e-05], [2e-05, 4e-05, 1e-05, 0, 0, 0.00017, 0.0004, 0.00015, 5e-05, 2e-05, 0.00199, 0.00475, 0.00174, 0.00063, 6e-05, 0.02326, 0.05534, 0.02029, 0.00172, 0.00017, 0.07129, 0.74798, 0.06395, 0.00544, 0.00052], [0, 1e-05, 4e-05, 1e-05, 0, 6e-05, 0.00015, 0.00041, 0.00015, 6e-05, 0.00072, 0.00173, 0.00477, 0.00173, 0.00072, 0.00198, 0.02017, 0.05566, 0.02017, 0.00198, 0.00608, 0.06381, 0.74967, 0.06381, 0.00608], [0, 0, 1e-05, 4e-05, 2e-05, 2e-05, 5e-05, 0.00015, 0.0004, 0.00017, 6e-05, 0.00063, 0.00174, 0.00475, 0.00199, 0.00017, 0.00172, 0.02029, 0.05534, 0.02326, 0.00052, 0.00544, 0.06395, 0.74798, 0.07129], [0, 0, 0, 1e-05, 4e-05, 0, 2e-05, 5e-05, 0.00015, 0.00046, 0, 5e-05, 0.00063, 0.00173, 0.00546, 1e-05, 0.00015, 0.00173, 0.02017, 0.06381, 4e-05, 0.00046, 0.00546, 0.06381, 0.83573]]