[[0.6927, 0.10103, 0.0193, 0.0036, 0.00088, 0.10103, 0.03496, 0.00687, 0.00125, 0.00034, 0.0193, 0.00687, 0.00357, 0.00066, 0.00018, 0.0036, 0.00125, 0.00066, 0.00032, 9e-05, 0.00088, 0.00034, 0.00018, 9e-05, 6e-05], [0.13083, 0.53491, 0.10217, 0.01908, 0.00467, 0.05101, 0.06924, 0.03639, 0.0066, 0.00182, 0.00974, 0.01361, 0.00707, 0.00347, 0.00093, 0.00182, 0.00247, 0.0013, 0.00063, 0.00046, 0.00045, 0.00068, 0.00035, 0.00017, 0.00011], [0.02471, 0.10103, 0.54093, 0.10103, 0.02471, 0.00964, 0.03496, 0.07208, 0.03496, 0.00964, 0.00492, 0.00687, 0.014, 0.00687, 0.00492, 0.00092, 0.00125, 0.00257, 0.00125, 0.00092, 0.00022, 0.00034, 0.00069, 0.00034, 0.00022], [0.00467, 0.01908, 0.10217, 0.53491, 0.13083, 0.00182, 0.0066, 0.03639, 0.06924, 0.05101, 0.00093, 0.00347, 0.00707, 0.01361, 0.00974, 0.00046, 0.00063, 0.0013, 0.00247, 0.00182, 0.00011, 0.00017, 0.00035, 0.00068, 0.00045], [0.00088, 0.0036, 0.0193, 0.10103, 0.6927, 0.00034, 0.00125, 0.00687, 0.03496, 0.10103, 0.00018, 0.00066, 0.00357, 0.00687, 0.0193, 9e-05, 0.00032, 0.00066, 0.00125, 0.0036, 6e-05, 9e-05, 0.00018, 0.00034, 0.00088], [0.13083, 0.05101, 0.00974, 0.00182, 0.00045, 0.53491, 0.06924, 0.01361, 0.00247, 0.00068, 0.10217, 0.03639, 0.00707, 0.0013, 0.00035, 0.01908, 0.0066, 0.00347, 0.00063, 0.00017, 0.00467, 0.00182, 0.00093, 0.00046, 0.00011], [0.06606, 0.10103, 0.05159, 0.00964, 0.00236, 0.10103, 0.36658, 0.07208, 0.01308, 0.0036, 0.05159, 0.07208, 0.03742, 0.00687, 0.00184, 0.00964, 0.01308, 0.00687, 0.00333, 0.00092, 0.00236, 0.0036, 0.00184, 0.00092, 0.0006], [0.01248, 0.05101, 0.10217, 0.05101, 0.01248, 0.01908, 0.06924, 0.38161, 0.06924, 0.01908, 0.00974, 0.03639, 0.07411, 0.03639, 0.00974, 0.00487, 0.0066, 0.01361, 0.0066, 0.00487, 0.00119, 0.00182, 0.00364, 0.00182, 0.00119], [0.00236, 0.00964, 0.05159, 0.10103, 0.06606, 0.0036, 0.01308, 0.07208, 0.36658, 0.10103, 0.00184, 0.00687, 0.03742, 0.07208, 0.05159, 0.00092, 0.00333, 0.00687, 0.01308, 0.00964, 0.0006, 0.00092, 0.00184, 0.0036, 0.00236], [0.00045, 0.00182, 0.00974, 0.05101, 0.13083, 0.00068, 0.00247, 0.01361, 0.06924, 0.53491, 0.00035, 0.0013, 0.00707, 0.03639, 0.10217, 0.00017, 0.00063, 0.00347, 0.0066, 0.01908, 0.00011, 0.00046, 0.00093, 0.00182, 0.00467], [0.02471, 0.00964, 0.00492, 0.00092, 0.00022, 0.10103, 0.03496, 0.00687, 0.00125, 0.00034, 0.54093, 0.07208, 0.014, 0.00257, 0.00069, 0.10103, 0.03496, 0.00687, 0.00125, 0.00034, 0.02471, 0.00964, 0.00492, 0.00092, 0.00022], [0.01248, 0.01908, 0.00974, 0.00487, 0.00119, 0.05101, 0.06924, 0.03639, 0.0066, 0.00182, 0.10217, 0.38161, 0.07411, 0.01361, 0.00364, 0.05101, 0.06924, 0.03639, 0.0066, 0.00182, 0.01248, 0.01908, 0.00974, 0.00487, 0.00119], [0.0063, 0.00964, 0.0193, 0.00964, 0.0063, 0.00964, 0.03496, 0.07208, 0.03496, 0.00964, 0.0193, 0.07208, 0.39238, 0.07208, 0.0193, 0.00964, 0.03496, 0.07208, 0.03496, 0.00964, 0.0063, 0.00964, 0.0193, 0.00964, 0.0063], [0.00119, 0.00487, 0.00974, 0.01908, 0.01248, 0.00182, 0.0066, 0.03639, 0.06924, 0.05101, 0.00364, 0.01361, 0.07411, 0.38161, 0.10217, 0.00182, 0.0066, 0.03639, 0.06924, 0.05101, 0.00119, 0.00487, 0.00974, 0.01908, 0.01248], [0.00022, 0.00092, 0.00492, 0.00964, 0.02471, 0.00034, 0.00125, 0.00687, 0.03496, 0.10103, 0.00069, 0.00257, 0.014, 0.07208, 0.54093, 0.00034, 0.00125, 0.00687, 0.03496, 0.10103, 0.00022, 0.00092, 0.00492, 0.00964, 0.02471], [0.00467, 0.00182, 0.00093, 0.00046, 0.00011, 0.01908, 0.0066, 0.00347, 0.00063, 0.00017, 0.10217, 0.03639, 0.00707, 0.0013, 0.00035, 0.53491, 0.06924, 0.01361, 0.00247, 0.00068, 0.13083, 0.05101, 0.00974, 0.00182, 0.00045], [0.00236, 0.0036, 0.00184, 0.00092, 0.0006, 0.00964, 0.01308, 0.00687, 0.00333, 0.00092, 0.05159, 0.07208, 0.03742, 0.00687, 0.00184, 0.10103, 0.36658, 0.07208, 0.01308, 0.0036, 0.06606, 0.10103, 0.05159, 0.00964, 0.00236], [0.00119, 0.00182, 0.00364, 0.00182, 0.00119, 0.00487, 0.0066, 0.01361, 0.0066, 0.00487, 0.00974, 0.03639, 0.07411, 0.03639, 0.00974, 0.01908, 0.06924, 0.38161, 0.06924, 0.01908, 0.01248, 0.05101, 0.10217, 0.05101, 0.01248], [0.0006, 0.00092, 0.00184, 0.0036, 0.00236, 0.00092, 0.00333, 0.00687, 0.01308, 0.00964, 0.00184, 0.00687, 0.03742, 0.07208, 0.05159, 0.0036, 0.01308, 0.07208, 0.36658, 0.10103, 0.00236, 0.00964, 0.05159, 0.10103, 0.06606], [0.00011, 0.00046, 0.00093, 0.00182, 0.00467, 0.00017, 0.00063, 0.00347, 0.0066, 0.01908, 0.00035, 0.0013, 0.00707, 0.03639, 0.10217, 0.00068, 0.00247, 0.01361, 0.06924, 0.53491, 0.00045, 0.00182, 0.00974, 0.05101, 0.13083], [0.00088, 0.00034, 0.00018, 9e-05, 6e-05, 0.0036, 0.00125, 0.00066, 0.00032, 9e-05, 0.0193, 0.00687, 0.00357, 0.00066, 0.00018, 0.10103, 0.03496, 0.00687, 0.00125, 0.00034, 0.6927, 0.10103, 0.0193, 0.0036, 0.00088], [0.00045, 0.00068, 0.00035, 0.00017, 0.00011, 0.00182, 0.00247, 0.0013, 0.00063, 0.00046, 0.00974, 0.01361, 0.00707, 0.00347, 0.00093, 0.05101, 0.06924, 0.03639, 0.0066, 0.00182, 0.13083, 0.53491, 0.10217, 0.01908, 0.00467], [0.00022, 0.00034, 0.00069, 0.00034, 0.00022, 0.00092, 0.00125, 0.00257, 0.00125, 0.00092, 0.00492, 0.00687, 0.014, 0.00687, 0.00492, 0.00964, 0.03496, 0.07208, 0.03496, 0.00964, 0.02471, 0.10103, 0.54093, 0.10103, 0.02471], [0.00011, 0.00017, 0.00035, 0.00068, 0.00045, 0.00046, 0.00063, 0.0013, 0.00247, 0.00182, 0.00093, 0.00347, 0.00707, 0.01361, 0.00974, 0.00182, 0.0066, 0.03639, 0.06924, 0.05101, 0.00467, 0.01908, 0.10217, 0.53491, 0.13083], [6e-05, 9e-05, 0.00018, 0.00034, 0.00088, 9e-05, 0.00032, 0.00066, 0.00125, 0.0036, 0.00018, 0.00066, 0.00357, 0.00687, 0.0193, 0.00034, 0.00125, 0.00687, 0.03496, 0.10103, 0.00088, 0.0036, 0.0193, 0.10103, 0.6927]]