[[0.84966, 0.06599, 0.0056, 0.00048, 4e-05, 0.06599, 0.00513, 0.00043, 4e-05, 0, 0.0056, 0.00043, 4e-05, 0, 0, 0.00048, 4e-05, 0, 0, 0, 4e-05, 0, 0, 0, 0], [0.07211, 0.77755, 0.06599, 0.0056, 0.00052, 0.0056, 0.06039, 0.00513, 0.00043, 4e-05, 0.00048, 0.00513, 0.00043, 4e-05, 0, 4e-05, 0.00043, 4e-05, 0, 0, 0, 4e-05, 0, 0, 0], [0.00612, 0.06599, 0.77755, 0.06599, 0.00612, 0.00048, 0.00513, 0.06039, 0.00513, 0.00048, 4e-05, 0.00043, 0.00513, 0.00043, 4e-05, 0, 4e-05, 0.00043, 4e-05, 0, 0, 0, 4e-05, 0, 0], [0.00052, 0.0056, 0.06599, 0.77755, 0.07211, 4e-05, 0.00043, 0.00513, 0.06039, 0.0056, 0, 4e-05, 0.00043, 0.00513, 0.00048, 0, 0, 4e-05, 0.00043, 4e-05, 0, 0, 0, 4e-05, 0], [4e-05, 0.00048, 0.0056, 0.06599, 0.84966, 0, 4e-05, 0.00043, 0.00513, 0.06599, 0, 0, 4e-05, 0.00043, 0.0056, 0, 0, 0, 4e-05, 0.00048, 0, 0, 0, 0, 4e-05], [0.07211, 0.0056, 0.00048, 4e-05, 0, 0.77755, 0.06039, 0.00513, 0.00043, 4e-05, 0.06599, 0.00513, 0.00043, 4e-05, 0, 0.0056, 0.00043, 4e-05, 0, 0, 0.00052, 4e-05, 0, 0, 0], [0.00612, 0.06599, 0.0056, 0.00048, 4e-05, 0.06599, 0.71157, 0.06039, 0.00513, 0.00048, 0.0056, 0.06039, 0.00513, 0.00043, 4e-05, 0.00048, 0.00513, 0.00043, 4e-05, 0, 4e-05, 0.00048, 4e-05, 0, 0], [0.00052, 0.0056, 0.06599, 0.0056, 0.00052, 0.0056, 0.06039, 0.71157, 0.06039, 0.0056, 0.00048, 0.00513, 0.06039, 0.00513, 0.00048, 4e-05, 0.00043, 0.00513, 0.00043, 4e-05, 0, 4e-05, 0.00048, 4e-05, 0], [4e-05, 0.00048, 0.0056, 0.06599, 0.00612, 0.00048, 0.00513, 0.06039, 0.71157, 0.06599, 4e-05, 0.00043, 0.00513, 0.06039, 0.0056, 0, 4e-05, 0.00043, 0.00513, 0.00048, 0, 0, 4e-05, 0.00048, 4e-05], [0, 4e-05, 0.00048, 0.0056, 0.07211, 4e-05, 0.00043, 0.00513, 0.06039, 0.77755, 0, 4e-05, 0.00043, 0.00513, 0.06599, 0, 0, 4e-05, 0.00043, 0.0056, 0, 0, 0, 4e-05, 0.00052], [0.00612, 0.00048, 4e-05, 0, 0, 0.06599, 0.00513, 0.00043, 4e-05, 0, 0.77755, 0.06039, 0.00513, 0.00043, 4e-05, 0.06599, 0.00513, 0.00043, 4e-05, 0, 0.00612, 0.00048, 4e-05, 0, 0], [0.00052, 0.0056, 0.00048, 4e-05, 0, 0.0056, 0.06039, 0.00513, 0.00043, 4e-05, 0.06599, 0.71157, 0.06039, 0.00513, 0.00048, 0.0056, 0.06039, 0.00513, 0.00043, 4e-05, 0.00052, 0.0056, 0.00048, 4e-05, 0], [4e-05, 0.00048, 0.0056, 0.00048, 4e-05, 0.00048, 0.00513, 0.06039, 0.00513, 0.00048, 0.0056, 0.06039, 0.71157, 0.06039, 0.0056, 0.00048, 0.00513, 0.06039, 0.00513, 0.00048, 4e-05, 0.00048, 0.0056, 0.00048, 4e-05], [0, 4e-05, 0.00048, 0.0056, 0.00052, 4e-05, 0.00043, 0.00513, 0.06039, 0.0056, 0.00048, 0.00513, 0.06039, 0.71157, 0.06599, 4e-05, 0.00043, 0.00513, 0.06039, 0.0056, 0, 4e-05, 0.00048, 0.0056, 0.00052], [0, 0, 4e-05, 0.00048, 0.00612, 0, 4e-05, 0.00043, 0.00513, 0.06599, 4e-05, 0.00043, 0.00513, 0.06039, 0.77755, 0, 4e-05, 0.00043, 0.00513, 0.06599, 0, 0, 4e-05, 0.00048, 0.00612], [0.00052, 4e-05, 0, 0, 0, 0.0056, 0.00043, 4e-05, 0, 0, 0.06599, 0.00513, 0.00043, 4e-05, 0, 0.77755, 0.06039, 0.00513, 0.00043, 4e-05, 0.07211, 0.0056, 0.00048, 4e-05, 0], [4e-05, 0.00048, 4e-05, 0, 0, 0.00048, 0.00513, 0.00043, 4e-05, 0, 0.0056, 0.06039, 0.00513, 0.00043, 4e-05, 0.06599, 0.71157, 0.06039, 0.00513, 0.00048, 0.00612, 0.06599, 0.0056, 0.00048, 4e-05], [0, 4e-05, 0.00048, 4e-05, 0, 4e-05, 0.00043, 0.00513, 0.00043, 4e-05, 0.00048, 0.00513, 0.06039, 0.00513, 0.00048, 0.0056, 0.06039, 0.71157, 0.06039, 0.0056, 0.00052, 0.0056, 0.06599, 0.0056, 0.00052], [0, 0, 4e-05, 0.00048, 4e-05, 0, 4e-05, 0.00043, 0.00513, 0.00048, 4e-05, 0.00043, 0.00513, 0.06039, 0.0056, 0.00048, 0.00513, 0.06039, 0.71157, 0.06599, 4e-05, 0.00048, 0.0056, 0.06599, 0.00612], [0, 0, 0, 4e-05, 0.00052, 0, 0, 4e-05, 0.00043, 0.0056, 0, 4e-05, 0.00043, 0.00513, 0.06599, 4e-05, 0.00043, 0.00513, 0.06039, 0.77755, 0, 4e-05, 0.00048, 0.0056, 0.07211], [4e-05, 0, 0, 0, 0, 0.00048, 4e-05, 0, 0, 0, 0.0056, 0.00043, 4e-05, 0, 0, 0.06599, 0.00513, 0.00043, 4e-05, 0, 0.84966, 0.06599, 0.0056, 0.00048, 4e-05], [0, 4e-05, 0, 0, 0, 4e-05, 0.00043, 4e-05, 0, 0, 0.00048, 0.00513, 0.00043, 4e-05, 0, 0.0056, 0.06039, 0.00513, 0.00043, 4e-05, 0.07211, 0.77755, 0.06599, 0.0056, 0.00052], [0, 0, 4e-05, 0, 0, 0, 4e-05, 0.00043, 4e-05, 0, 4e-05, 0.00043, 0.00513, 0.00043, 4e-05, 0.00048, 0.00513, 0.06039, 0.00513, 0.00048, 0.00612, 0.06599, 0.77755, 0.06599, 0.00612], [0, 0, 0, 4e-05, 0, 0, 0, 4e-05, 0.00043, 4e-05, 0, 4e-05, 0.00043, 0.00513, 0.00048, 4e-05, 0.00043, 0.00513, 0.06039, 0.0056, 0.00052, 0.0056, 0.06599, 0.77755, 0.07211], [0, 0, 0, 0, 4e-05, 0, 0, 0, 4e-05, 0.00048, 0, 0, 4e-05, 0.00043, 0.0056, 0, 4e-05, 0.00043, 0.00513, 0.06599, 4e-05, 0.00048, 0.0056, 0.06599, 0.84966]]