[[0.82455, 0.06734, 0.00622, 0.00057, 6e-05, 0.06734, 0.02168, 0.00201, 0.00018, 2e-05, 0.00622, 0.00201, 0.00076, 7e-05, 0, 0.00057, 0.00018, 7e-05, 3e-05, 0, 6e-05, 2e-05, 0, 0, 0], [0.07596, 0.73102, 0.06752, 0.0062, 0.00064, 0.02533, 0.05763, 0.02183, 0.002, 0.00022, 0.00234, 0.00535, 0.00202, 0.00076, 8e-05, 0.00022, 0.00049, 0.00019, 7e-05, 3e-05, 2e-05, 5e-05, 2e-05, 0, 0], [0.007, 0.06734, 0.73297, 0.06734, 0.007, 0.00233, 0.02168, 0.05803, 0.02168, 0.00233, 0.00088, 0.00201, 0.00538, 0.00201, 0.00088, 8e-05, 0.00018, 0.00049, 0.00018, 8e-05, 0, 2e-05, 5e-05, 2e-05, 0], [0.00064, 0.0062, 0.06752, 0.73102, 0.07596, 0.00022, 0.002, 0.02183, 0.05763, 0.02533, 8e-05, 0.00076, 0.00202, 0.00535, 0.00234, 3e-05, 7e-05, 0.00019, 0.00049, 0.00022, 0, 0, 2e-05, 5e-05, 2e-05], [6e-05, 0.00057, 0.00622, 0.06734, 0.82455, 2e-05, 0.00018, 0.00201, 0.02168, 0.06734, 0, 7e-05, 0.00076, 0.00201, 0.00622, 0, 3e-05, 7e-05, 0.00018, 0.00057, 0, 0, 0, 2e-05, 6e-05], [0.07596, 0.02533, 0.00234, 0.00022, 2e-05, 0.73102, 0.05763, 0.00535, 0.00049, 5e-05, 0.06752, 0.02183, 0.00202, 0.00019, 2e-05, 0.0062, 0.002, 0.00076, 7e-05, 0, 0.00064, 0.00022, 8e-05, 3e-05, 0], [0.02857, 0.06734, 0.0254, 0.00233, 0.00024, 0.06734, 0.62561, 0.05803, 0.00531, 0.00057, 0.0254, 0.05803, 0.02196, 0.00201, 0.00022, 0.00233, 0.00531, 0.00201, 0.00075, 8e-05, 0.00024, 0.00057, 0.00022, 8e-05, 3e-05], [0.00263, 0.02533, 0.06752, 0.02533, 0.00263, 0.0062, 0.05763, 0.62987, 0.05763, 0.0062, 0.00234, 0.02183, 0.05838, 0.02183, 0.00234, 0.00088, 0.002, 0.00535, 0.002, 0.00088, 9e-05, 0.00022, 0.00057, 0.00022, 9e-05], [0.00024, 0.00233, 0.0254, 0.06734, 0.02857, 0.00057, 0.00531, 0.05803, 0.62561, 0.06734, 0.00022, 0.00201, 0.02196, 0.05803, 0.0254, 8e-05, 0.00075, 0.00201, 0.00531, 0.00233, 3e-05, 8e-05, 0.00022, 0.00057, 0.00024], [2e-05, 0.00022, 0.00234, 0.02533, 0.07596, 5e-05, 0.00049, 0.00535, 0.05763, 0.73102, 2e-05, 0.00019, 0.00202, 0.02183, 0.06752, 0, 7e-05, 0.00076, 0.002, 0.0062, 0, 3e-05, 8e-05, 0.00022, 0.00064], [0.007, 0.00233, 0.00088, 8e-05, 0, 0.06734, 0.02168, 0.00201, 0.00018, 2e-05, 0.73297, 0.05803, 0.00538, 0.00049, 5e-05, 0.06734, 0.02168, 0.00201, 0.00018, 2e-05, 0.007, 0.00233, 0.00088, 8e-05, 0], [0.00263, 0.0062, 0.00234, 0.00088, 9e-05, 0.02533, 0.05763, 0.02183, 0.002, 0.00022, 0.06752, 0.62987, 0.05838, 0.00535, 0.00057, 0.02533, 0.05763, 0.02183, 0.002, 0.00022, 0.00263, 0.0062, 0.00234, 0.00088, 9e-05], [0.00099, 0.00233, 0.00622, 0.00233, 0.00099, 0.00233, 0.02168, 0.05803, 0.02168, 0.00233, 0.00622, 0.05803, 0.63366, 0.05803, 0.00622, 0.00233, 0.02168, 0.05803, 0.02168, 0.00233, 0.00099, 0.00233, 0.00622, 0.00233, 0.00099], [9e-05, 0.00088, 0.00234, 0.0062, 0.00263, 0.00022, 0.002, 0.02183, 0.05763, 0.02533, 0.00057, 0.00535, 0.05838, 0.62987, 0.06752, 0.00022, 0.002, 0.02183, 0.05763, 0.02533, 9e-05, 0.00088, 0.00234, 0.0062, 0.00263], [0, 8e-05, 0.00088, 0.00233, 0.007, 2e-05, 0.00018, 0.00201, 0.02168, 0.06734, 5e-05, 0.00049, 0.00538, 0.05803, 0.73297, 2e-05, 0.00018, 0.00201, 0.02168, 0.06734, 0, 8e-05, 0.00088, 0.00233, 0.007], [0.00064, 0.00022, 8e-05, 3e-05, 0, 0.0062, 0.002, 0.00076, 7e-05, 0, 0.06752, 0.02183, 0.00202, 0.00019, 2e-05, 0.73102, 0.05763, 0.00535, 0.00049, 5e-05, 0.07596, 0.02533, 0.00234, 0.00022, 2e-05], [0.00024, 0.00057, 0.00022, 8e-05, 3e-05, 0.00233, 0.00531, 0.00201, 0.00075, 8e-05, 0.0254, 0.05803, 0.02196, 0.00201, 0.00022, 0.06734, 0.62561, 0.05803, 0.00531, 0.00057, 0.02857, 0.06734, 0.0254, 0.00233, 0.00024], [9e-05, 0.00022, 0.00057, 0.00022, 9e-05, 0.00088, 0.002, 0.00535, 0.002, 0.00088, 0.00234, 0.02183, 0.05838, 0.02183, 0.00234, 0.0062, 0.05763, 0.62987, 0.05763, 0.0062, 0.00263, 0.02533, 0.06752, 0.02533, 0.00263], [3e-05, 8e-05, 0.00022, 0.00057, 0.00024, 8e-05, 0.00075, 0.00201, 0.00531, 0.00233, 0.00022, 0.00201, 0.02196, 0.05803, 0.0254, 0.00057, 0.00531, 0.05803, 0.62561, 0.06734, 0.00024, 0.00233, 0.0254, 0.06734, 0.02857], [0, 3e-05, 8e-05, 0.00022, 0.00064, 0, 7e-05, 0.00076, 0.002, 0.0062, 2e-05, 0.00019, 0.00202, 0.02183, 0.06752, 5e-05, 0.00049, 0.00535, 0.05763, 0.73102, 2e-05, 0.00022, 0.00234, 0.02533, 0.07596], [6e-05, 2e-05, 0, 0, 0, 0.00057, 0.00018, 7e-05, 3e-05, 0, 0.00622, 0.00201, 0.00076, 7e-05, 0, 0.06734, 0.02168, 0.00201, 0.00018, 2e-05, 0.82455, 0.06734, 0.00622, 0.00057, 6e-05], [2e-05, 5e-05, 2e-05, 0, 0, 0.00022, 0.00049, 0.00019, 7e-05, 3e-05, 0.00234, 0.00535, 0.00202, 0.00076, 8e-05, 0.02533, 0.05763, 0.02183, 0.002, 0.00022, 0.07596, 0.73102, 0.06752, 0.0062, 0.00064], [0, 2e-05, 5e-05, 2e-05, 0, 8e-05, 0.00018, 0.00049, 0.00018, 8e-05, 0.00088, 0.00201, 0.00538, 0.00201, 0.00088, 0.00233, 0.02168, 0.05803, 0.02168, 0.00233, 0.007, 0.06734, 0.73297, 0.06734, 0.007], [0, 0, 2e-05, 5e-05, 2e-05, 3e-05, 7e-05, 0.00019, 0.00049, 0.00022, 8e-05, 0.00076, 0.00202, 0.00535, 0.00234, 0.00022, 0.002, 0.02183, 0.05763, 0.02533, 0.00064, 0.0062, 0.06752, 0.73102, 0.07596], [0, 0, 0, 2e-05, 6e-05, 0, 3e-05, 7e-05, 0.00018, 0.00057, 0, 7e-05, 0.00076, 0.00201, 0.00622, 2e-05, 0.00018, 0.00201, 0.02168, 0.06734, 6e-05, 0.00057, 0.00622, 0.06734, 0.82455]]