[[0.61056, 0.11303, 0.0312, 0.00827, 0.00327, 0.11303, 0.03528, 0.01062, 0.00258, 0.00131, 0.0312, 0.01062, 0.00654, 0.00168, 0.00078, 0.00827, 0.00258, 0.00168, 0.00088, 0.00045, 0.00327, 0.00131, 0.00078, 0.00045, 0.00038], [0.16512, 0.41793, 0.11538, 0.03057, 0.01208, 0.06612, 0.0603, 0.03926, 0.00954, 0.00484, 0.01825, 0.01815, 0.01119, 0.00621, 0.00289, 0.00484, 0.00441, 0.00287, 0.00151, 0.00165, 0.00191, 0.00224, 0.00134, 0.00077, 0.00065], [0.04466, 0.11303, 0.42664, 0.11303, 0.04466, 0.01788, 0.03528, 0.06711, 0.03528, 0.01788, 0.01068, 0.01062, 0.01912, 0.01062, 0.01068, 0.00283, 0.00258, 0.00491, 0.00258, 0.00283, 0.00112, 0.00131, 0.00228, 0.00131, 0.00112], [0.01208, 0.03057, 0.11538, 0.41793, 0.16512, 0.00484, 0.00954, 0.03926, 0.0603, 0.06612, 0.00289, 0.00621, 0.01119, 0.01815, 0.01825, 0.00165, 0.00151, 0.00287, 0.00441, 0.00484, 0.00065, 0.00077, 0.00134, 0.00224, 0.00191], [0.00327, 0.00827, 0.0312, 0.11303, 0.61056, 0.00131, 0.00258, 0.01062, 0.03528, 0.11303, 0.00078, 0.00168, 0.00654, 0.01062, 0.0312, 0.00045, 0.00088, 0.00168, 0.00258, 0.00827, 0.00038, 0.00045, 0.00078, 0.00131, 0.00327], [0.16512, 0.06612, 0.01825, 0.00484, 0.00191, 0.41793, 0.0603, 0.01815, 0.00441, 0.00224, 0.11538, 0.03926, 0.01119, 0.00287, 0.00134, 0.03057, 0.00954, 0.00621, 0.00151, 0.00077, 0.01208, 0.00484, 0.00289, 0.00165, 0.00065], [0.0966, 0.11303, 0.0675, 0.01788, 0.00706, 0.11303, 0.22297, 0.06711, 0.01631, 0.00827, 0.0675, 0.06711, 0.04137, 0.01062, 0.00494, 0.01788, 0.01631, 0.01062, 0.00558, 0.00283, 0.00706, 0.00827, 0.00494, 0.00283, 0.00242], [0.02612, 0.06612, 0.11538, 0.06612, 0.02612, 0.03057, 0.0603, 0.24813, 0.0603, 0.03057, 0.01825, 0.03926, 0.07071, 0.03926, 0.01825, 0.01046, 0.00954, 0.01815, 0.00954, 0.01046, 0.00413, 0.00484, 0.00844, 0.00484, 0.00413], [0.00706, 0.01788, 0.0675, 0.11303, 0.0966, 0.00827, 0.01631, 0.06711, 0.22297, 0.11303, 0.00494, 0.01062, 0.04137, 0.06711, 0.0675, 0.00283, 0.00558, 0.01062, 0.01631, 0.01788, 0.00242, 0.00283, 0.00494, 0.00827, 0.00706], [0.00191, 0.00484, 0.01825, 0.06612, 0.16512, 0.00224, 0.00441, 0.01815, 0.0603, 0.41793, 0.00134, 0.00287, 0.01119, 0.03926, 0.11538, 0.00077, 0.00151, 0.00621, 0.00954, 0.03057, 0.00065, 0.00165, 0.00289, 0.00484, 0.01208], [0.04466, 0.01788, 0.01068, 0.00283, 0.00112, 0.11303, 0.03528, 0.01062, 0.00258, 0.00131, 0.42664, 0.06711, 0.01912, 0.00491, 0.00228, 0.11303, 0.03528, 0.01062, 0.00258, 0.00131, 0.04466, 0.01788, 0.01068, 0.00283, 0.00112], [0.02612, 0.03057, 0.01825, 0.01046, 0.00413, 0.06612, 0.0603, 0.03926, 0.00954, 0.00484, 0.11538, 0.24813, 0.07071, 0.01815, 0.00844, 0.06612, 0.0603, 0.03926, 0.00954, 0.00484, 0.02612, 0.03057, 0.01825, 0.01046, 0.00413], [0.01528, 0.01788, 0.0312, 0.01788, 0.01528, 0.01788, 0.03528, 0.06711, 0.03528, 0.01788, 0.0312, 0.06711, 0.26147, 0.06711, 0.0312, 0.01788, 0.03528, 0.06711, 0.03528, 0.01788, 0.01528, 0.01788, 0.0312, 0.01788, 0.01528], [0.00413, 0.01046, 0.01825, 0.03057, 0.02612, 0.00484, 0.00954, 0.03926, 0.0603, 0.06612, 0.00844, 0.01815, 0.07071, 0.24813, 0.11538, 0.00484, 0.00954, 0.03926, 0.0603, 0.06612, 0.00413, 0.01046, 0.01825, 0.03057, 0.02612], [0.00112, 0.00283, 0.01068, 0.01788, 0.04466, 0.00131, 0.00258, 0.01062, 0.03528, 0.11303, 0.00228, 0.00491, 0.01912, 0.06711, 0.42664, 0.00131, 0.00258, 0.01062, 0.03528, 0.11303, 0.00112, 0.00283, 0.01068, 0.01788, 0.04466], [0.01208, 0.00484, 0.00289, 0.00165, 0.00065, 0.03057, 0.00954, 0.00621, 0.00151, 0.00077, 0.11538, 0.03926, 0.01119, 0.00287, 0.00134, 0.41793, 0.0603, 0.01815, 0.00441, 0.00224, 0.16512, 0.06612, 0.01825, 0.00484, 0.00191], [0.00706, 0.00827, 0.00494, 0.00283, 0.00242, 0.01788, 0.01631, 0.01062, 0.00558, 0.00283, 0.0675, 0.06711, 0.04137, 0.01062, 0.00494, 0.11303, 0.22297, 0.06711, 0.01631, 0.00827, 0.0966, 0.11303, 0.0675, 0.01788, 0.00706], [0.00413, 0.00484, 0.00844, 0.00484, 0.00413, 0.01046, 0.00954, 0.01815, 0.00954, 0.01046, 0.01825, 0.03926, 0.07071, 0.03926, 0.01825, 0.03057, 0.0603, 0.24813, 0.0603, 0.03057, 0.02612, 0.06612, 0.11538, 0.06612, 0.02612], [0.00242, 0.00283, 0.00494, 0.00827, 0.00706, 0.00283, 0.00558, 0.01062, 0.01631, 0.01788, 0.00494, 0.01062, 0.04137, 0.06711, 0.0675, 0.00827, 0.01631, 0.06711, 0.22297, 0.11303, 0.00706, 0.01788, 0.0675, 0.11303, 0.0966], [0.00065, 0.00165, 0.00289, 0.00484, 0.01208, 0.00077, 0.00151, 0.00621, 0.00954, 0.03057, 0.00134, 0.00287, 0.01119, 0.03926, 0.11538, 0.00224, 0.00441, 0.01815, 0.0603, 0.41793, 0.00191, 0.00484, 0.01825, 0.06612, 0.16512], [0.00327, 0.00131, 0.00078, 0.00045, 0.00038, 0.00827, 0.00258, 0.00168, 0.00088, 0.00045, 0.0312, 0.01062, 0.00654, 0.00168, 0.00078, 0.11303, 0.03528, 0.01062, 0.00258, 0.00131, 0.61056, 0.11303, 0.0312, 0.00827, 0.00327], [0.00191, 0.00224, 0.00134, 0.00077, 0.00065, 0.00484, 0.00441, 0.00287, 0.00151, 0.00165, 0.01825, 0.01815, 0.01119, 0.00621, 0.00289, 0.06612, 0.0603, 0.03926, 0.00954, 0.00484, 0.16512, 0.41793, 0.11538, 0.03057, 0.01208], [0.00112, 0.00131, 0.00228, 0.00131, 0.00112, 0.00283, 0.00258, 0.00491, 0.00258, 0.00283, 0.01068, 0.01062, 0.01912, 0.01062, 0.01068, 0.01788, 0.03528, 0.06711, 0.03528, 0.01788, 0.04466, 0.11303, 0.42664, 0.11303, 0.04466], [0.00065, 0.00077, 0.00134, 0.00224, 0.00191, 0.00165, 0.00151, 0.00287, 0.00441, 0.00484, 0.00289, 0.00621, 0.01119, 0.01815, 0.01825, 0.00484, 0.00954, 0.03926, 0.0603, 0.06612, 0.01208, 0.03057, 0.11538, 0.41793, 0.16512], [0.00038, 0.00045, 0.00078, 0.00131, 0.00327, 0.00045, 0.00088, 0.00168, 0.00258, 0.00827, 0.00078, 0.00168, 0.00654, 0.01062, 0.0312, 0.00131, 0.00258, 0.01062, 0.03528, 0.11303, 0.00327, 0.00827, 0.0312, 0.11303, 0.61056]]