[[0.66595, 0.10581, 0.02288, 0.00481, 0.00138, 0.10581, 0.03598, 0.00811, 0.00164, 0.00054, 0.02288, 0.00811, 0.00446, 0.00092, 0.00029, 0.00481, 0.00164, 0.00092, 0.00046, 0.00015, 0.00138, 0.00054, 0.00029, 0.00015, 0.00011], [0.14199, 0.49626, 0.10729, 0.02256, 0.00645, 0.05615, 0.0678, 0.03802, 0.00767, 0.00255, 0.01214, 0.01528, 0.0084, 0.0043, 0.00137, 0.00255, 0.00308, 0.00173, 0.00087, 0.00072, 0.00073, 0.00103, 0.00055, 0.00029, 0.00021], [0.03027, 0.10581, 0.50321, 0.10581, 0.03027, 0.01197, 0.03598, 0.07165, 0.03598, 0.01197, 0.00644, 0.00811, 0.01582, 0.00811, 0.00644, 0.00135, 0.00164, 0.00326, 0.00164, 0.00135, 0.00039, 0.00054, 0.00104, 0.00054, 0.00039], [0.00645, 0.02256, 0.10729, 0.49626, 0.14199, 0.00255, 0.00767, 0.03802, 0.0678, 0.05615, 0.00137, 0.0043, 0.0084, 0.01528, 0.01214, 0.00072, 0.00087, 0.00173, 0.00308, 0.00255, 0.00021, 0.00029, 0.00055, 0.00103, 0.00073], [0.00138, 0.00481, 0.02288, 0.10581, 0.66595, 0.00054, 0.00164, 0.00811, 0.03598, 0.10581, 0.00029, 0.00092, 0.00446, 0.00811, 0.02288, 0.00015, 0.00046, 0.00092, 0.00164, 0.00481, 0.00011, 0.00015, 0.00029, 0.00054, 0.00138], [0.14199, 0.05615, 0.01214, 0.00255, 0.00073, 0.49626, 0.0678, 0.01528, 0.00308, 0.00103, 0.10729, 0.03802, 0.0084, 0.00173, 0.00055, 0.02256, 0.00767, 0.0043, 0.00087, 0.00029, 0.00645, 0.00255, 0.00137, 0.00072, 0.00021], [0.07535, 0.10581, 0.05694, 0.01197, 0.00343, 0.10581, 0.31801, 0.07165, 0.01446, 0.00481, 0.05694, 0.07165, 0.03938, 0.00811, 0.00259, 0.01197, 0.01446, 0.00811, 0.00407, 0.00135, 0.00343, 0.00481, 0.00259, 0.00135, 0.00096], [0.01607, 0.05615, 0.10729, 0.05615, 0.01607, 0.02256, 0.0678, 0.33606, 0.0678, 0.02256, 0.01214, 0.03802, 0.07422, 0.03802, 0.01214, 0.00635, 0.00767, 0.01528, 0.00767, 0.00635, 0.00182, 0.00255, 0.00488, 0.00255, 0.00182], [0.00343, 0.01197, 0.05694, 0.10581, 0.07535, 0.00481, 0.01446, 0.07165, 0.31801, 0.10581, 0.00259, 0.00811, 0.03938, 0.07165, 0.05694, 0.00135, 0.00407, 0.00811, 0.01446, 0.01197, 0.00096, 0.00135, 0.00259, 0.00481, 0.00343], [0.00073, 0.00255, 0.01214, 0.05615, 0.14199, 0.00103, 0.00308, 0.01528, 0.0678, 0.49626, 0.00055, 0.00173, 0.0084, 0.03802, 0.10729, 0.00029, 0.00087, 0.0043, 0.00767, 0.02256, 0.00021, 0.00072, 0.00137, 0.00255, 0.00645], [0.03027, 0.01197, 0.00644, 0.00135, 0.00039, 0.10581, 0.03598, 0.00811, 0.00164, 0.00054, 0.50321, 0.07165, 0.01582, 0.00326, 0.00104, 0.10581, 0.03598, 0.00811, 0.00164, 0.00054, 0.03027, 0.01197, 0.00644, 0.00135, 0.00039], [0.01607, 0.02256, 0.01214, 0.00635, 0.00182, 0.05615, 0.0678, 0.03802, 0.00767, 0.00255, 0.10729, 0.33606, 0.07422, 0.01528, 0.00488, 0.05615, 0.0678, 0.03802, 0.00767, 0.00255, 0.01607, 0.02256, 0.01214, 0.00635, 0.00182], [0.00853, 0.01197, 0.02288, 0.01197, 0.00853, 0.01197, 0.03598, 0.07165, 0.03598, 0.01197, 0.02288, 0.07165, 0.34808, 0.07165, 0.02288, 0.01197, 0.03598, 0.07165, 0.03598, 0.01197, 0.00853, 0.01197, 0.02288, 0.01197, 0.00853], [0.00182, 0.00635, 0.01214, 0.02256, 0.01607, 0.00255, 0.00767, 0.03802, 0.0678, 0.05615, 0.00488, 0.01528, 0.07422, 0.33606, 0.10729, 0.00255, 0.00767, 0.03802, 0.0678, 0.05615, 0.00182, 0.00635, 0.01214, 0.02256, 0.01607], [0.00039, 0.00135, 0.00644, 0.01197, 0.03027, 0.00054, 0.00164, 0.00811, 0.03598, 0.10581, 0.00104, 0.00326, 0.01582, 0.07165, 0.50321, 0.00054, 0.00164, 0.00811, 0.03598, 0.10581, 0.00039, 0.00135, 0.00644, 0.01197, 0.03027], [0.00645, 0.00255, 0.00137, 0.00072, 0.00021, 0.02256, 0.00767, 0.0043, 0.00087, 0.00029, 0.10729, 0.03802, 0.0084, 0.00173, 0.00055, 0.49626, 0.0678, 0.01528, 0.00308, 0.00103, 0.14199, 0.05615, 0.01214, 0.00255, 0.00073], [0.00343, 0.00481, 0.00259, 0.00135, 0.00096, 0.01197, 0.01446, 0.00811, 0.00407, 0.00135, 0.05694, 0.07165, 0.03938, 0.00811, 0.00259, 0.10581, 0.31801, 0.07165, 0.01446, 0.00481, 0.07535, 0.10581, 0.05694, 0.01197, 0.00343], [0.00182, 0.00255, 0.00488, 0.00255, 0.00182, 0.00635, 0.00767, 0.01528, 0.00767, 0.00635, 0.01214, 0.03802, 0.07422, 0.03802, 0.01214, 0.02256, 0.0678, 0.33606, 0.0678, 0.02256, 0.01607, 0.05615, 0.10729, 0.05615, 0.01607], [0.00096, 0.00135, 0.00259, 0.00481, 0.00343, 0.00135, 0.00407, 0.00811, 0.01446, 0.01197, 0.00259, 0.00811, 0.03938, 0.07165, 0.05694, 0.00481, 0.01446, 0.07165, 0.31801, 0.10581, 0.00343, 0.01197, 0.05694, 0.10581, 0.07535], [0.00021, 0.00072, 0.00137, 0.00255, 0.00645, 0.00029, 0.00087, 0.0043, 0.00767, 0.02256, 0.00055, 0.00173, 0.0084, 0.03802, 0.10729, 0.00103, 0.00308, 0.01528, 0.0678, 0.49626, 0.00073, 0.00255, 0.01214, 0.05615, 0.14199], [0.00138, 0.00054, 0.00029, 0.00015, 0.00011, 0.00481, 0.00164, 0.00092, 0.00046, 0.00015, 0.02288, 0.00811, 0.00446, 0.00092, 0.00029, 0.10581, 0.03598, 0.00811, 0.00164, 0.00054, 0.66595, 0.10581, 0.02288, 0.00481, 0.00138], [0.00073, 0.00103, 0.00055, 0.00029, 0.00021, 0.00255, 0.00308, 0.00173, 0.00087, 0.00072, 0.01214, 0.01528, 0.0084, 0.0043, 0.00137, 0.05615, 0.0678, 0.03802, 0.00767, 0.00255, 0.14199, 0.49626, 0.10729, 0.02256, 0.00645], [0.00039, 0.00054, 0.00104, 0.00054, 0.00039, 0.00135, 0.00164, 0.00326, 0.00164, 0.00135, 0.00644, 0.00811, 0.01582, 0.00811, 0.00644, 0.01197, 0.03598, 0.07165, 0.03598, 0.01197, 0.03027, 0.10581, 0.50321, 0.10581, 0.03027], [0.00021, 0.00029, 0.00055, 0.00103, 0.00073, 0.00072, 0.00087, 0.00173, 0.00308, 0.00255, 0.00137, 0.0043, 0.0084, 0.01528, 0.01214, 0.00255, 0.00767, 0.03802, 0.0678, 0.05615, 0.00645, 0.02256, 0.10729, 0.49626, 0.14199], [0.00011, 0.00015, 0.00029, 0.00054, 0.00138, 0.00015, 0.00046, 0.00092, 0.00164, 0.00481, 0.00029, 0.00092, 0.00446, 0.00811, 0.02288, 0.00054, 0.00164, 0.00811, 0.03598, 0.10581, 0.00138, 0.00481, 0.02288, 0.10581, 0.66595]]