[[0.62956, 0.10902, 0.02735, 0.00663, 0.00233, 0.10902, 0.03527, 0.01166, 0.00304, 0.00138, 0.02735, 0.01166, 0.00545, 0.00171, 0.00086, 0.00663, 0.00304, 0.00171, 0.00068, 0.0004, 0.00233, 0.00138, 0.00086, 0.0004, 0.00023], [0.15525, 0.44211, 0.11091, 0.02689, 0.00944, 0.06141, 0.06262, 0.03728, 0.01104, 0.0053, 0.01955, 0.01632, 0.01228, 0.00518, 0.00287, 0.0053, 0.00381, 0.00322, 0.00162, 0.00118, 0.00197, 0.00163, 0.00141, 0.00085, 0.00057], [0.03828, 0.10902, 0.44977, 0.10902, 0.03828, 0.01921, 0.03527, 0.06618, 0.03527, 0.01921, 0.00868, 0.01166, 0.01718, 0.01166, 0.00868, 0.00282, 0.00304, 0.00402, 0.00304, 0.00282, 0.00121, 0.00138, 0.00166, 0.00138, 0.00121], [0.00944, 0.02689, 0.11091, 0.44211, 0.15525, 0.0053, 0.01104, 0.03728, 0.06262, 0.06141, 0.00287, 0.00518, 0.01228, 0.01632, 0.01955, 0.00118, 0.00162, 0.00322, 0.00381, 0.0053, 0.00057, 0.00085, 0.00141, 0.00163, 0.00197], [0.00233, 0.00663, 0.02735, 0.10902, 0.62956, 0.00138, 0.00304, 0.01166, 0.03527, 0.10902, 0.00086, 0.00171, 0.00545, 0.01166, 0.02735, 0.0004, 0.00068, 0.00171, 0.00304, 0.00663, 0.00023, 0.0004, 0.00086, 0.00138, 0.00233], [0.15525, 0.06141, 0.01955, 0.0053, 0.00197, 0.44211, 0.06262, 0.01632, 0.00381, 0.00163, 0.11091, 0.03728, 0.01228, 0.00322, 0.00141, 0.02689, 0.01104, 0.00518, 0.00162, 0.00085, 0.00944, 0.0053, 0.00287, 0.00118, 0.00057], [0.08745, 0.10902, 0.06247, 0.01921, 0.00755, 0.10902, 0.25395, 0.06618, 0.01544, 0.00663, 0.06247, 0.06618, 0.03924, 0.01166, 0.00539, 0.01921, 0.01544, 0.01166, 0.0049, 0.00282, 0.00755, 0.00663, 0.00539, 0.00282, 0.00169], [0.02736, 0.06141, 0.11091, 0.06141, 0.02736, 0.02689, 0.06262, 0.26839, 0.06262, 0.02689, 0.01955, 0.03728, 0.06966, 0.03728, 0.01955, 0.00853, 0.01104, 0.01632, 0.01104, 0.00853, 0.00402, 0.0053, 0.00674, 0.0053, 0.00402], [0.00755, 0.01921, 0.06247, 0.10902, 0.08745, 0.00663, 0.01544, 0.06618, 0.25395, 0.10902, 0.00539, 0.01166, 0.03924, 0.06618, 0.06247, 0.00282, 0.0049, 0.01166, 0.01544, 0.01921, 0.00169, 0.00282, 0.00539, 0.00663, 0.00755], [0.00197, 0.0053, 0.01955, 0.06141, 0.15525, 0.00163, 0.00381, 0.01632, 0.06262, 0.44211, 0.00141, 0.00322, 0.01228, 0.03728, 0.11091, 0.00085, 0.00162, 0.00518, 0.01104, 0.02689, 0.00057, 0.00118, 0.00287, 0.0053, 0.00944], [0.03828, 0.01921, 0.00868, 0.00282, 0.00121, 0.10902, 0.03527, 0.01166, 0.00304, 0.00138, 0.44977, 0.06618, 0.01718, 0.00402, 0.00166, 0.10902, 0.03527, 0.01166, 0.00304, 0.00138, 0.03828, 0.01921, 0.00868, 0.00282, 0.00121], [0.02736, 0.02689, 0.01955, 0.00853, 0.00402, 0.06141, 0.06262, 0.03728, 0.01104, 0.0053, 0.11091, 0.26839, 0.06966, 0.01632, 0.00674, 0.06141, 0.06262, 0.03728, 0.01104, 0.0053, 0.02736, 0.02689, 0.01955, 0.00853, 0.00402], [0.01215, 0.01921, 0.02735, 0.01921, 0.01215, 0.01921, 0.03527, 0.06618, 0.03527, 0.01921, 0.02735, 0.06618, 0.28248, 0.06618, 0.02735, 0.01921, 0.03527, 0.06618, 0.03527, 0.01921, 0.01215, 0.01921, 0.02735, 0.01921, 0.01215], [0.00402, 0.00853, 0.01955, 0.02689, 0.02736, 0.0053, 0.01104, 0.03728, 0.06262, 0.06141, 0.00674, 0.01632, 0.06966, 0.26839, 0.11091, 0.0053, 0.01104, 0.03728, 0.06262, 0.06141, 0.00402, 0.00853, 0.01955, 0.02689, 0.02736], [0.00121, 0.00282, 0.00868, 0.01921, 0.03828, 0.00138, 0.00304, 0.01166, 0.03527, 0.10902, 0.00166, 0.00402, 0.01718, 0.06618, 0.44977, 0.00138, 0.00304, 0.01166, 0.03527, 0.10902, 0.00121, 0.00282, 0.00868, 0.01921, 0.03828], [0.00944, 0.0053, 0.00287, 0.00118, 0.00057, 0.02689, 0.01104, 0.00518, 0.00162, 0.00085, 0.11091, 0.03728, 0.01228, 0.00322, 0.00141, 0.44211, 0.06262, 0.01632, 0.00381, 0.00163, 0.15525, 0.06141, 0.01955, 0.0053, 0.00197], [0.00755, 0.00663, 0.00539, 0.00282, 0.00169, 0.01921, 0.01544, 0.01166, 0.0049, 0.00282, 0.06247, 0.06618, 0.03924, 0.01166, 0.00539, 0.10902, 0.25395, 0.06618, 0.01544, 0.00663, 0.08745, 0.10902, 0.06247, 0.01921, 0.00755], [0.00402, 0.0053, 0.00674, 0.0053, 0.00402, 0.00853, 0.01104, 0.01632, 0.01104, 0.00853, 0.01955, 0.03728, 0.06966, 0.03728, 0.01955, 0.02689, 0.06262, 0.26839, 0.06262, 0.02689, 0.02736, 0.06141, 0.11091, 0.06141, 0.02736], [0.00169, 0.00282, 0.00539, 0.00663, 0.00755, 0.00282, 0.0049, 0.01166, 0.01544, 0.01921, 0.00539, 0.01166, 0.03924, 0.06618, 0.06247, 0.00663, 0.01544, 0.06618, 0.25395, 0.10902, 0.00755, 0.01921, 0.06247, 0.10902, 0.08745], [0.00057, 0.00118, 0.00287, 0.0053, 0.00944, 0.00085, 0.00162, 0.00518, 0.01104, 0.02689, 0.00141, 0.00322, 0.01228, 0.03728, 0.11091, 0.00163, 0.00381, 0.01632, 0.06262, 0.44211, 0.00197, 0.0053, 0.01955, 0.06141, 0.15525], [0.00233, 0.00138, 0.00086, 0.0004, 0.00023, 0.00663, 0.00304, 0.00171, 0.00068, 0.0004, 0.02735, 0.01166, 0.00545, 0.00171, 0.00086, 0.10902, 0.03527, 0.01166, 0.00304, 0.00138, 0.62956, 0.10902, 0.02735, 0.00663, 0.00233], [0.00197, 0.00163, 0.00141, 0.00085, 0.00057, 0.0053, 0.00381, 0.00322, 0.00162, 0.00118, 0.01955, 0.01632, 0.01228, 0.00518, 0.00287, 0.06141, 0.06262, 0.03728, 0.01104, 0.0053, 0.15525, 0.44211, 0.11091, 0.02689, 0.00944], [0.00121, 0.00138, 0.00166, 0.00138, 0.00121, 0.00282, 0.00304, 0.00402, 0.00304, 0.00282, 0.00868, 0.01166, 0.01718, 0.01166, 0.00868, 0.01921, 0.03527, 0.06618, 0.03527, 0.01921, 0.03828, 0.10902, 0.44977, 0.10902, 0.03828], [0.00057, 0.00085, 0.00141, 0.00163, 0.00197, 0.00118, 0.00162, 0.00322, 0.00381, 0.0053, 0.00287, 0.00518, 0.01228, 0.01632, 0.01955, 0.0053, 0.01104, 0.03728, 0.06262, 0.06141, 0.00944, 0.02689, 0.11091, 0.44211, 0.15525], [0.00023, 0.0004, 0.00086, 0.00138, 0.00233, 0.0004, 0.00068, 0.00171, 0.00304, 0.00663, 0.00086, 0.00171, 0.00545, 0.01166, 0.02735, 0.00138, 0.00304, 0.01166, 0.03527, 0.10902, 0.00233, 0.00663, 0.02735, 0.10902, 0.62956]]