[[0.90635, 0.03921, 0.0018, 8e-05, 0, 0.03921, 0.01033, 0.00047, 2e-05, 0, 0.0018, 0.00047, 0.00013, 0, 0, 8e-05, 2e-05, 0, 0, 0, 0, 0, 0, 0, 0], [0.04152, 0.85595, 0.03923, 0.0018, 9e-05, 0.01108, 0.03657, 0.01034, 0.00047, 2e-05, 0.00051, 0.00168, 0.00047, 0.00013, 0, 2e-05, 8e-05, 2e-05, 0, 0, 0, 0, 0, 0, 0], [0.0019, 0.03921, 0.85643, 0.03921, 0.0019, 0.00051, 0.01033, 0.03662, 0.01033, 0.00051, 0.00014, 0.00047, 0.00168, 0.00047, 0.00014, 0, 2e-05, 8e-05, 2e-05, 0, 0, 0, 0, 0, 0], [9e-05, 0.0018, 0.03923, 0.85595, 0.04152, 2e-05, 0.00047, 0.01034, 0.03657, 0.01108, 0, 0.00013, 0.00047, 0.00168, 0.00051, 0, 0, 2e-05, 8e-05, 2e-05, 0, 0, 0, 0, 0], [0, 8e-05, 0.0018, 0.03921, 0.90635, 0, 2e-05, 0.00047, 0.01033, 0.03921, 0, 0, 0.00013, 0.00047, 0.0018, 0, 0, 0, 2e-05, 8e-05, 0, 0, 0, 0, 0], [0.04152, 0.01108, 0.00051, 2e-05, 0, 0.85595, 0.03657, 0.00168, 8e-05, 0, 0.03923, 0.01034, 0.00047, 2e-05, 0, 0.0018, 0.00047, 0.00013, 0, 0, 9e-05, 2e-05, 0, 0, 0], [0.01173, 0.03921, 0.01108, 0.00051, 2e-05, 0.03921, 0.79838, 0.03662, 0.00168, 8e-05, 0.01108, 0.03662, 0.01036, 0.00047, 2e-05, 0.00051, 0.00168, 0.00047, 0.00013, 0, 2e-05, 8e-05, 2e-05, 0, 0], [0.00054, 0.01108, 0.03923, 0.01108, 0.00054, 0.0018, 0.03657, 0.79939, 0.03657, 0.0018, 0.00051, 0.01034, 0.03666, 0.01034, 0.00051, 0.00014, 0.00047, 0.00168, 0.00047, 0.00014, 0, 2e-05, 8e-05, 2e-05, 0], [2e-05, 0.00051, 0.01108, 0.03921, 0.01173, 8e-05, 0.00168, 0.03662, 0.79838, 0.03921, 2e-05, 0.00047, 0.01036, 0.03662, 0.01108, 0, 0.00013, 0.00047, 0.00168, 0.00051, 0, 0, 2e-05, 8e-05, 2e-05], [0, 2e-05, 0.00051, 0.01108, 0.04152, 0, 8e-05, 0.00168, 0.03657, 0.85595, 0, 2e-05, 0.00047, 0.01034, 0.03923, 0, 0, 0.00013, 0.00047, 0.0018, 0, 0, 0, 2e-05, 9e-05], [0.0019, 0.00051, 0.00014, 0, 0, 0.03921, 0.01033, 0.00047, 2e-05, 0, 0.85643, 0.03662, 0.00168, 8e-05, 0, 0.03921, 0.01033, 0.00047, 2e-05, 0, 0.0019, 0.00051, 0.00014, 0, 0], [0.00054, 0.0018, 0.00051, 0.00014, 0, 0.01108, 0.03657, 0.01034, 0.00047, 2e-05, 0.03923, 0.79939, 0.03666, 0.00168, 8e-05, 0.01108, 0.03657, 0.01034, 0.00047, 2e-05, 0.00054, 0.0018, 0.00051, 0.00014, 0], [0.00015, 0.00051, 0.0018, 0.00051, 0.00015, 0.00051, 0.01033, 0.03662, 0.01033, 0.00051, 0.0018, 0.03662, 0.80036, 0.03662, 0.0018, 0.00051, 0.01033, 0.03662, 0.01033, 0.00051, 0.00015, 0.00051, 0.0018, 0.00051, 0.00015], [0, 0.00014, 0.00051, 0.0018, 0.00054, 2e-05, 0.00047, 0.01034, 0.03657, 0.01108, 8e-05, 0.00168, 0.03666, 0.79939, 0.03923, 2e-05, 0.00047, 0.01034, 0.03657, 0.01108, 0, 0.00014, 0.00051, 0.0018, 0.00054], [0, 0, 0.00014, 0.00051, 0.0019, 0, 2e-05, 0.00047, 0.01033, 0.03921, 0, 8e-05, 0.00168, 0.03662, 0.85643, 0, 2e-05, 0.00047, 0.01033, 0.03921, 0, 0, 0.00014, 0.00051, 0.0019], [9e-05, 2e-05, 0, 0, 0, 0.0018, 0.00047, 0.00013, 0, 0, 0.03923, 0.01034, 0.00047, 2e-05, 0, 0.85595, 0.03657, 0.00168, 8e-05, 0, 0.04152, 0.01108, 0.00051, 2e-05, 0], [2e-05, 8e-05, 2e-05, 0, 0, 0.00051, 0.00168, 0.00047, 0.00013, 0, 0.01108, 0.03662, 0.01036, 0.00047, 2e-05, 0.03921, 0.79838, 0.03662, 0.00168, 8e-05, 0.01173, 0.03921, 0.01108, 0.00051, 2e-05], [0, 2e-05, 8e-05, 2e-05, 0, 0.00014, 0.00047, 0.00168, 0.00047, 0.00014, 0.00051, 0.01034, 0.03666, 0.01034, 0.00051, 0.0018, 0.03657, 0.79939, 0.03657, 0.0018, 0.00054, 0.01108, 0.03923, 0.01108, 0.00054], [0, 0, 2e-05, 8e-05, 2e-05, 0, 0.00013, 0.00047, 0.00168, 0.00051, 2e-05, 0.00047, 0.01036, 0.03662, 0.01108, 8e-05, 0.00168, 0.03662, 0.79838, 0.03921, 2e-05, 0.00051, 0.01108, 0.03921, 0.01173], [0, 0, 0, 2e-05, 9e-05, 0, 0, 0.00013, 0.00047, 0.0018, 0, 2e-05, 0.00047, 0.01034, 0.03923, 0, 8e-05, 0.00168, 0.03657, 0.85595, 0, 2e-05, 0.00051, 0.01108, 0.04152], [0, 0, 0, 0, 0, 8e-05, 2e-05, 0, 0, 0, 0.0018, 0.00047, 0.00013, 0, 0, 0.03921, 0.01033, 0.00047, 2e-05, 0, 0.90635, 0.03921, 0.0018, 8e-05, 0], [0, 0, 0, 0, 0, 2e-05, 8e-05, 2e-05, 0, 0, 0.00051, 0.00168, 0.00047, 0.00013, 0, 0.01108, 0.03657, 0.01034, 0.00047, 2e-05, 0.04152, 0.85595, 0.03923, 0.0018, 9e-05], [0, 0, 0, 0, 0, 0, 2e-05, 8e-05, 2e-05, 0, 0.00014, 0.00047, 0.00168, 0.00047, 0.00014, 0.00051, 0.01033, 0.03662, 0.01033, 0.00051, 0.0019, 0.03921, 0.85643, 0.03921, 0.0019], [0, 0, 0, 0, 0, 0, 0, 2e-05, 8e-05, 2e-05, 0, 0.00013, 0.00047, 0.00168, 0.00051, 2e-05, 0.00047, 0.01034, 0.03657, 0.01108, 9e-05, 0.0018, 0.03923, 0.85595, 0.04152], [0, 0, 0, 0, 0, 0, 0, 0, 2e-05, 8e-05, 0, 0, 0.00013, 0.00047, 0.0018, 0, 2e-05, 0.00047, 0.01033, 0.03921, 0, 8e-05, 0.0018, 0.03921, 0.90635]]