[[0.32243, 0.23134, 0.03685, 0.01422, 0.00434, 0.23134, 0.03992, 0.01274, 0.00463, 0.00311, 0.03685, 0.01274, 0.00881, 0.00279, 0.00177, 0.01422, 0.00463, 0.00279, 0.00192, 0.00129, 0.00434, 0.00311, 0.00177, 0.00129, 0.00074], [0.10983, 0.35976, 0.10819, 0.04175, 0.01274, 0.0788, 0.11719, 0.03741, 0.0136, 0.00914, 0.0237, 0.01982, 0.0137, 0.00819, 0.00519, 0.00914, 0.0072, 0.00434, 0.00298, 0.00378, 0.00279, 0.00484, 0.00275, 0.002, 0.00115], [0.03741, 0.12255, 0.3176, 0.12255, 0.03741, 0.02684, 0.03992, 0.10981, 0.03992, 0.02684, 0.01524, 0.01274, 0.0213, 0.01274, 0.01524, 0.00588, 0.00463, 0.00675, 0.00463, 0.00588, 0.0018, 0.00311, 0.00428, 0.00311, 0.0018], [0.01274, 0.04175, 0.10819, 0.35976, 0.10983, 0.00914, 0.0136, 0.03741, 0.11719, 0.0788, 0.00519, 0.00819, 0.0137, 0.01982, 0.0237, 0.00378, 0.00298, 0.00434, 0.0072, 0.00914, 0.00115, 0.002, 0.00275, 0.00484, 0.00279], [0.00434, 0.01422, 0.03685, 0.23134, 0.32243, 0.00311, 0.00463, 0.01274, 0.03992, 0.23134, 0.00177, 0.00279, 0.00881, 0.01274, 0.03685, 0.00129, 0.00192, 0.00279, 0.00463, 0.01422, 0.00074, 0.00129, 0.00177, 0.00311, 0.00434], [0.10983, 0.0788, 0.0237, 0.00914, 0.00279, 0.35976, 0.11719, 0.01982, 0.0072, 0.00484, 0.10819, 0.03741, 0.0137, 0.00434, 0.00275, 0.04175, 0.0136, 0.00819, 0.00298, 0.002, 0.01274, 0.00914, 0.00519, 0.00378, 0.00115], [0.07063, 0.12255, 0.06957, 0.02684, 0.0082, 0.12255, 0.18224, 0.05817, 0.02115, 0.01422, 0.06957, 0.05817, 0.04021, 0.01274, 0.00807, 0.02684, 0.02115, 0.01274, 0.00874, 0.00588, 0.0082, 0.01422, 0.00807, 0.00588, 0.00339], [0.02406, 0.0788, 0.10819, 0.0788, 0.02406, 0.04175, 0.06208, 0.17077, 0.06208, 0.04175, 0.0237, 0.03741, 0.06254, 0.03741, 0.0237, 0.01726, 0.0136, 0.01982, 0.0136, 0.01726, 0.00527, 0.00914, 0.01255, 0.00914, 0.00527], [0.0082, 0.02684, 0.06957, 0.12255, 0.07063, 0.01422, 0.02115, 0.05817, 0.18224, 0.12255, 0.00807, 0.01274, 0.04021, 0.05817, 0.06957, 0.00588, 0.00874, 0.01274, 0.02115, 0.02684, 0.00339, 0.00588, 0.00807, 0.01422, 0.0082], [0.00279, 0.00914, 0.0237, 0.0788, 0.10983, 0.00484, 0.0072, 0.01982, 0.11719, 0.35976, 0.00275, 0.00434, 0.0137, 0.03741, 0.10819, 0.002, 0.00298, 0.00819, 0.0136, 0.04175, 0.00115, 0.00378, 0.00519, 0.00914, 0.01274], [0.03741, 0.02684, 0.01524, 0.00588, 0.0018, 0.12255, 0.03992, 0.01274, 0.00463, 0.00311, 0.3176, 0.10981, 0.0213, 0.00675, 0.00428, 0.12255, 0.03992, 0.01274, 0.00463, 0.00311, 0.03741, 0.02684, 0.01524, 0.00588, 0.0018], [0.02406, 0.04175, 0.0237, 0.01726, 0.00527, 0.0788, 0.06208, 0.03741, 0.0136, 0.00914, 0.10819, 0.17077, 0.06254, 0.01982, 0.01255, 0.0788, 0.06208, 0.03741, 0.0136, 0.00914, 0.02406, 0.04175, 0.0237, 0.01726, 0.00527], [0.01547, 0.02684, 0.03685, 0.02684, 0.01547, 0.02684, 0.03992, 0.05817, 0.03992, 0.02684, 0.03685, 0.05817, 0.18358, 0.05817, 0.03685, 0.02684, 0.03992, 0.05817, 0.03992, 0.02684, 0.01547, 0.02684, 0.03685, 0.02684, 0.01547], [0.00527, 0.01726, 0.0237, 0.04175, 0.02406, 0.00914, 0.0136, 0.03741, 0.06208, 0.0788, 0.01255, 0.01982, 0.06254, 0.17077, 0.10819, 0.00914, 0.0136, 0.03741, 0.06208, 0.0788, 0.00527, 0.01726, 0.0237, 0.04175, 0.02406], [0.0018, 0.00588, 0.01524, 0.02684, 0.03741, 0.00311, 0.00463, 0.01274, 0.03992, 0.12255, 0.00428, 0.00675, 0.0213, 0.10981, 0.3176, 0.00311, 0.00463, 0.01274, 0.03992, 0.12255, 0.0018, 0.00588, 0.01524, 0.02684, 0.03741], [0.01274, 0.00914, 0.00519, 0.00378, 0.00115, 0.04175, 0.0136, 0.00819, 0.00298, 0.002, 0.10819, 0.03741, 0.0137, 0.00434, 0.00275, 0.35976, 0.11719, 0.01982, 0.0072, 0.00484, 0.10983, 0.0788, 0.0237, 0.00914, 0.00279], [0.0082, 0.01422, 0.00807, 0.00588, 0.00339, 0.02684, 0.02115, 0.01274, 0.00874, 0.00588, 0.06957, 0.05817, 0.04021, 0.01274, 0.00807, 0.12255, 0.18224, 0.05817, 0.02115, 0.01422, 0.07063, 0.12255, 0.06957, 0.02684, 0.0082], [0.00527, 0.00914, 0.01255, 0.00914, 0.00527, 0.01726, 0.0136, 0.01982, 0.0136, 0.01726, 0.0237, 0.03741, 0.06254, 0.03741, 0.0237, 0.04175, 0.06208, 0.17077, 0.06208, 0.04175, 0.02406, 0.0788, 0.10819, 0.0788, 0.02406], [0.00339, 0.00588, 0.00807, 0.01422, 0.0082, 0.00588, 0.00874, 0.01274, 0.02115, 0.02684, 0.00807, 0.01274, 0.04021, 0.05817, 0.06957, 0.01422, 0.02115, 0.05817, 0.18224, 0.12255, 0.0082, 0.02684, 0.06957, 0.12255, 0.07063], [0.00115, 0.00378, 0.00519, 0.00914, 0.01274, 0.002, 0.00298, 0.00819, 0.0136, 0.04175, 0.00275, 0.00434, 0.0137, 0.03741, 0.10819, 0.00484, 0.0072, 0.01982, 0.11719, 0.35976, 0.00279, 0.00914, 0.0237, 0.0788, 0.10983], [0.00434, 0.00311, 0.00177, 0.00129, 0.00074, 0.01422, 0.00463, 0.00279, 0.00192, 0.00129, 0.03685, 0.01274, 0.00881, 0.00279, 0.00177, 0.23134, 0.03992, 0.01274, 0.00463, 0.00311, 0.32243, 0.23134, 0.03685, 0.01422, 0.00434], [0.00279, 0.00484, 0.00275, 0.002, 0.00115, 0.00914, 0.0072, 0.00434, 0.00298, 0.00378, 0.0237, 0.01982, 0.0137, 0.00819, 0.00519, 0.0788, 0.11719, 0.03741, 0.0136, 0.00914, 0.10983, 0.35976, 0.10819, 0.04175, 0.01274], [0.0018, 0.00311, 0.00428, 0.00311, 0.0018, 0.00588, 0.00463, 0.00675, 0.00463, 0.00588, 0.01524, 0.01274, 0.0213, 0.01274, 0.01524, 0.02684, 0.03992, 0.10981, 0.03992, 0.02684, 0.03741, 0.12255, 0.3176, 0.12255, 0.03741], [0.00115, 0.002, 0.00275, 0.00484, 0.00279, 0.00378, 0.00298, 0.00434, 0.0072, 0.00914, 0.00519, 0.00819, 0.0137, 0.01982, 0.0237, 0.00914, 0.0136, 0.03741, 0.11719, 0.0788, 0.01274, 0.04175, 0.10819, 0.35976, 0.10983], [0.00074, 0.00129, 0.00177, 0.00311, 0.00434, 0.00129, 0.00192, 0.00279, 0.00463, 0.01422, 0.00177, 0.00279, 0.00881, 0.01274, 0.03685, 0.00311, 0.00463, 0.01274, 0.03992, 0.23134, 0.00434, 0.01422, 0.03685, 0.23134, 0.32243]]