[[0.75996, 0.08579, 0.01168, 0.00157, 0.00025, 0.08579, 0.02951, 0.00406, 0.00054, 9e-05, 0.01168, 0.00406, 0.00181, 0.00024, 4e-05, 0.00157, 0.00054, 0.00024, 0.0001, 2e-05, 0.00025, 9e-05, 4e-05, 2e-05, 0], [0.10285, 0.63394, 0.0863, 0.01161, 0.00188, 0.03779, 0.067, 0.03003, 0.00399, 0.00069, 0.00514, 0.00923, 0.00412, 0.00179, 0.00031, 0.00069, 0.00123, 0.00055, 0.00024, 0.00013, 0.00011, 0.00021, 9e-05, 4e-05, 2e-05], [0.01392, 0.08579, 0.6377, 0.08579, 0.01392, 0.00511, 0.02951, 0.06817, 0.02951, 0.00511, 0.00227, 0.00406, 0.00936, 0.00406, 0.00227, 0.0003, 0.00054, 0.00125, 0.00054, 0.0003, 5e-05, 9e-05, 0.00021, 9e-05, 5e-05], [0.00188, 0.01161, 0.0863, 0.63394, 0.10285, 0.00069, 0.00399, 0.03003, 0.067, 0.03779, 0.00031, 0.00179, 0.00412, 0.00923, 0.00514, 0.00013, 0.00024, 0.00055, 0.00123, 0.00069, 2e-05, 4e-05, 9e-05, 0.00021, 0.00011], [0.00025, 0.00157, 0.01168, 0.08579, 0.75996, 9e-05, 0.00054, 0.00406, 0.02951, 0.08579, 4e-05, 0.00024, 0.00181, 0.00406, 0.01168, 2e-05, 0.0001, 0.00024, 0.00054, 0.00157, 0, 2e-05, 4e-05, 9e-05, 0.00025], [0.10285, 0.03779, 0.00514, 0.00069, 0.00011, 0.63394, 0.067, 0.00923, 0.00123, 0.00021, 0.0863, 0.03003, 0.00412, 0.00055, 9e-05, 0.01161, 0.00399, 0.00179, 0.00024, 4e-05, 0.00188, 0.00069, 0.00031, 0.00013, 2e-05], [0.0453, 0.08579, 0.03801, 0.00511, 0.00083, 0.08579, 0.49508, 0.06817, 0.00907, 0.00157, 0.03801, 0.06817, 0.03045, 0.00406, 0.0007, 0.00511, 0.00907, 0.00406, 0.00176, 0.0003, 0.00083, 0.00157, 0.0007, 0.0003, 0.00016], [0.00613, 0.03779, 0.0863, 0.03779, 0.00613, 0.01161, 0.067, 0.50375, 0.067, 0.01161, 0.00514, 0.03003, 0.06913, 0.03003, 0.00514, 0.00225, 0.00399, 0.00923, 0.00399, 0.00225, 0.00037, 0.00069, 0.00158, 0.00069, 0.00037], [0.00083, 0.00511, 0.03801, 0.08579, 0.0453, 0.00157, 0.00907, 0.06817, 0.49508, 0.08579, 0.0007, 0.00406, 0.03045, 0.06817, 0.03801, 0.0003, 0.00176, 0.00406, 0.00907, 0.00511, 0.00016, 0.0003, 0.0007, 0.00157, 0.00083], [0.00011, 0.00069, 0.00514, 0.03779, 0.10285, 0.00021, 0.00123, 0.00923, 0.067, 0.63394, 9e-05, 0.00055, 0.00412, 0.03003, 0.0863, 4e-05, 0.00024, 0.00179, 0.00399, 0.01161, 2e-05, 0.00013, 0.00031, 0.00069, 0.00188], [0.01392, 0.00511, 0.00227, 0.0003, 5e-05, 0.08579, 0.02951, 0.00406, 0.00054, 9e-05, 0.6377, 0.06817, 0.00936, 0.00125, 0.00021, 0.08579, 0.02951, 0.00406, 0.00054, 9e-05, 0.01392, 0.00511, 0.00227, 0.0003, 5e-05], [0.00613, 0.01161, 0.00514, 0.00225, 0.00037, 0.03779, 0.067, 0.03003, 0.00399, 0.00069, 0.0863, 0.50375, 0.06913, 0.00923, 0.00158, 0.03779, 0.067, 0.03003, 0.00399, 0.00069, 0.00613, 0.01161, 0.00514, 0.00225, 0.00037], [0.0027, 0.00511, 0.01168, 0.00511, 0.0027, 0.00511, 0.02951, 0.06817, 0.02951, 0.00511, 0.01168, 0.06817, 0.51083, 0.06817, 0.01168, 0.00511, 0.02951, 0.06817, 0.02951, 0.00511, 0.0027, 0.00511, 0.01168, 0.00511, 0.0027], [0.00037, 0.00225, 0.00514, 0.01161, 0.00613, 0.00069, 0.00399, 0.03003, 0.067, 0.03779, 0.00158, 0.00923, 0.06913, 0.50375, 0.0863, 0.00069, 0.00399, 0.03003, 0.067, 0.03779, 0.00037, 0.00225, 0.00514, 0.01161, 0.00613], [5e-05, 0.0003, 0.00227, 0.00511, 0.01392, 9e-05, 0.00054, 0.00406, 0.02951, 0.08579, 0.00021, 0.00125, 0.00936, 0.06817, 0.6377, 9e-05, 0.00054, 0.00406, 0.02951, 0.08579, 5e-05, 0.0003, 0.00227, 0.00511, 0.01392], [0.00188, 0.00069, 0.00031, 0.00013, 2e-05, 0.01161, 0.00399, 0.00179, 0.00024, 4e-05, 0.0863, 0.03003, 0.00412, 0.00055, 9e-05, 0.63394, 0.067, 0.00923, 0.00123, 0.00021, 0.10285, 0.03779, 0.00514, 0.00069, 0.00011], [0.00083, 0.00157, 0.0007, 0.0003, 0.00016, 0.00511, 0.00907, 0.00406, 0.00176, 0.0003, 0.03801, 0.06817, 0.03045, 0.00406, 0.0007, 0.08579, 0.49508, 0.06817, 0.00907, 0.00157, 0.0453, 0.08579, 0.03801, 0.00511, 0.00083], [0.00037, 0.00069, 0.00158, 0.00069, 0.00037, 0.00225, 0.00399, 0.00923, 0.00399, 0.00225, 0.00514, 0.03003, 0.06913, 0.03003, 0.00514, 0.01161, 0.067, 0.50375, 0.067, 0.01161, 0.00613, 0.03779, 0.0863, 0.03779, 0.00613], [0.00016, 0.0003, 0.0007, 0.00157, 0.00083, 0.0003, 0.00176, 0.00406, 0.00907, 0.00511, 0.0007, 0.00406, 0.03045, 0.06817, 0.03801, 0.00157, 0.00907, 0.06817, 0.49508, 0.08579, 0.00083, 0.00511, 0.03801, 0.08579, 0.0453], [2e-05, 0.00013, 0.00031, 0.00069, 0.00188, 4e-05, 0.00024, 0.00179, 0.00399, 0.01161, 9e-05, 0.00055, 0.00412, 0.03003, 0.0863, 0.00021, 0.00123, 0.00923, 0.067, 0.63394, 0.00011, 0.00069, 0.00514, 0.03779, 0.10285], [0.00025, 9e-05, 4e-05, 2e-05, 0, 0.00157, 0.00054, 0.00024, 0.0001, 2e-05, 0.01168, 0.00406, 0.00181, 0.00024, 4e-05, 0.08579, 0.02951, 0.00406, 0.00054, 9e-05, 0.75996, 0.08579, 0.01168, 0.00157, 0.00025], [0.00011, 0.00021, 9e-05, 4e-05, 2e-05, 0.00069, 0.00123, 0.00055, 0.00024, 0.00013, 0.00514, 0.00923, 0.00412, 0.00179, 0.00031, 0.03779, 0.067, 0.03003, 0.00399, 0.00069, 0.10285, 0.63394, 0.0863, 0.01161, 0.00188], [5e-05, 9e-05, 0.00021, 9e-05, 5e-05, 0.0003, 0.00054, 0.00125, 0.00054, 0.0003, 0.00227, 0.00406, 0.00936, 0.00406, 0.00227, 0.00511, 0.02951, 0.06817, 0.02951, 0.00511, 0.01392, 0.08579, 0.6377, 0.08579, 0.01392], [2e-05, 4e-05, 9e-05, 0.00021, 0.00011, 0.00013, 0.00024, 0.00055, 0.00123, 0.00069, 0.00031, 0.00179, 0.00412, 0.00923, 0.00514, 0.00069, 0.00399, 0.03003, 0.067, 0.03779, 0.00188, 0.01161, 0.0863, 0.63394, 0.10285], [0, 2e-05, 4e-05, 9e-05, 0.00025, 2e-05, 0.0001, 0.00024, 0.00054, 0.00157, 4e-05, 0.00024, 0.00181, 0.00406, 0.01168, 9e-05, 0.00054, 0.00406, 0.02951, 0.08579, 0.00025, 0.00157, 0.01168, 0.08579, 0.75996]]