[[0.60214, 0.11378, 0.03257, 0.00892, 0.0037, 0.11378, 0.03478, 0.01097, 0.00273, 0.00148, 0.03257, 0.01097, 0.00688, 0.00182, 0.0009, 0.00892, 0.00273, 0.00182, 0.00096, 0.00052, 0.0037, 0.00148, 0.0009, 0.00052, 0.00046], [0.16864, 0.40625, 0.11628, 0.03186, 0.01323, 0.06752, 0.0586, 0.03915, 0.00974, 0.0053, 0.01933, 0.01848, 0.01159, 0.00651, 0.00321, 0.0053, 0.0046, 0.00307, 0.00162, 0.00187, 0.0022, 0.0025, 0.00152, 0.00088, 0.00077], [0.04723, 0.11378, 0.41519, 0.11378, 0.04723, 0.01891, 0.03478, 0.06598, 0.03478, 0.01891, 0.01147, 0.01097, 0.01952, 0.01097, 0.01147, 0.00314, 0.00273, 0.00518, 0.00273, 0.00314, 0.0013, 0.00148, 0.00255, 0.00148, 0.0013], [0.01323, 0.03186, 0.11628, 0.40625, 0.16864, 0.0053, 0.00974, 0.03915, 0.0586, 0.06752, 0.00321, 0.00651, 0.01159, 0.01848, 0.01933, 0.00187, 0.00162, 0.00307, 0.0046, 0.0053, 0.00077, 0.00088, 0.00152, 0.0025, 0.0022], [0.0037, 0.00892, 0.03257, 0.11378, 0.60214, 0.00148, 0.00273, 0.01097, 0.03478, 0.11378, 0.0009, 0.00182, 0.00688, 0.01097, 0.03257, 0.00052, 0.00096, 0.00182, 0.00273, 0.00892, 0.00046, 0.00052, 0.0009, 0.00148, 0.0037], [0.16864, 0.06752, 0.01933, 0.0053, 0.0022, 0.40625, 0.0586, 0.01848, 0.0046, 0.0025, 0.11628, 0.03915, 0.01159, 0.00307, 0.00152, 0.03186, 0.00974, 0.00651, 0.00162, 0.00088, 0.01323, 0.0053, 0.00321, 0.00187, 0.00077], [0.10008, 0.11378, 0.06901, 0.01891, 0.00785, 0.11378, 0.20925, 0.06598, 0.01641, 0.00892, 0.06901, 0.06598, 0.04137, 0.01097, 0.00541, 0.01891, 0.01641, 0.01097, 0.00578, 0.00314, 0.00785, 0.00892, 0.00541, 0.00314, 0.00276], [0.02803, 0.06752, 0.11628, 0.06752, 0.02803, 0.03186, 0.0586, 0.23558, 0.0586, 0.03186, 0.01933, 0.03915, 0.06971, 0.03915, 0.01933, 0.01122, 0.00974, 0.01848, 0.00974, 0.01122, 0.00466, 0.0053, 0.00912, 0.0053, 0.00466], [0.00785, 0.01891, 0.06901, 0.11378, 0.10008, 0.00892, 0.01641, 0.06598, 0.20925, 0.11378, 0.00541, 0.01097, 0.04137, 0.06598, 0.06901, 0.00314, 0.00578, 0.01097, 0.01641, 0.01891, 0.00276, 0.00314, 0.00541, 0.00892, 0.00785], [0.0022, 0.0053, 0.01933, 0.06752, 0.16864, 0.0025, 0.0046, 0.01848, 0.0586, 0.40625, 0.00152, 0.00307, 0.01159, 0.03915, 0.11628, 0.00088, 0.00162, 0.00651, 0.00974, 0.03186, 0.00077, 0.00187, 0.00321, 0.0053, 0.01323], [0.04723, 0.01891, 0.01147, 0.00314, 0.0013, 0.11378, 0.03478, 0.01097, 0.00273, 0.00148, 0.41519, 0.06598, 0.01952, 0.00518, 0.00255, 0.11378, 0.03478, 0.01097, 0.00273, 0.00148, 0.04723, 0.01891, 0.01147, 0.00314, 0.0013], [0.02803, 0.03186, 0.01933, 0.01122, 0.00466, 0.06752, 0.0586, 0.03915, 0.00974, 0.0053, 0.11628, 0.23558, 0.06971, 0.01848, 0.00912, 0.06752, 0.0586, 0.03915, 0.00974, 0.0053, 0.02803, 0.03186, 0.01933, 0.01122, 0.00466], [0.01663, 0.01891, 0.03257, 0.01891, 0.01663, 0.01891, 0.03478, 0.06598, 0.03478, 0.01891, 0.03257, 0.06598, 0.24889, 0.06598, 0.03257, 0.01891, 0.03478, 0.06598, 0.03478, 0.01891, 0.01663, 0.01891, 0.03257, 0.01891, 0.01663], [0.00466, 0.01122, 0.01933, 0.03186, 0.02803, 0.0053, 0.00974, 0.03915, 0.0586, 0.06752, 0.00912, 0.01848, 0.06971, 0.23558, 0.11628, 0.0053, 0.00974, 0.03915, 0.0586, 0.06752, 0.00466, 0.01122, 0.01933, 0.03186, 0.02803], [0.0013, 0.00314, 0.01147, 0.01891, 0.04723, 0.00148, 0.00273, 0.01097, 0.03478, 0.11378, 0.00255, 0.00518, 0.01952, 0.06598, 0.41519, 0.00148, 0.00273, 0.01097, 0.03478, 0.11378, 0.0013, 0.00314, 0.01147, 0.01891, 0.04723], [0.01323, 0.0053, 0.00321, 0.00187, 0.00077, 0.03186, 0.00974, 0.00651, 0.00162, 0.00088, 0.11628, 0.03915, 0.01159, 0.00307, 0.00152, 0.40625, 0.0586, 0.01848, 0.0046, 0.0025, 0.16864, 0.06752, 0.01933, 0.0053, 0.0022], [0.00785, 0.00892, 0.00541, 0.00314, 0.00276, 0.01891, 0.01641, 0.01097, 0.00578, 0.00314, 0.06901, 0.06598, 0.04137, 0.01097, 0.00541, 0.11378, 0.20925, 0.06598, 0.01641, 0.00892, 0.10008, 0.11378, 0.06901, 0.01891, 0.00785], [0.00466, 0.0053, 0.00912, 0.0053, 0.00466, 0.01122, 0.00974, 0.01848, 0.00974, 0.01122, 0.01933, 0.03915, 0.06971, 0.03915, 0.01933, 0.03186, 0.0586, 0.23558, 0.0586, 0.03186, 0.02803, 0.06752, 0.11628, 0.06752, 0.02803], [0.00276, 0.00314, 0.00541, 0.00892, 0.00785, 0.00314, 0.00578, 0.01097, 0.01641, 0.01891, 0.00541, 0.01097, 0.04137, 0.06598, 0.06901, 0.00892, 0.01641, 0.06598, 0.20925, 0.11378, 0.00785, 0.01891, 0.06901, 0.11378, 0.10008], [0.00077, 0.00187, 0.00321, 0.0053, 0.01323, 0.00088, 0.00162, 0.00651, 0.00974, 0.03186, 0.00152, 0.00307, 0.01159, 0.03915, 0.11628, 0.0025, 0.0046, 0.01848, 0.0586, 0.40625, 0.0022, 0.0053, 0.01933, 0.06752, 0.16864], [0.0037, 0.00148, 0.0009, 0.00052, 0.00046, 0.00892, 0.00273, 0.00182, 0.00096, 0.00052, 0.03257, 0.01097, 0.00688, 0.00182, 0.0009, 0.11378, 0.03478, 0.01097, 0.00273, 0.00148, 0.60214, 0.11378, 0.03257, 0.00892, 0.0037], [0.0022, 0.0025, 0.00152, 0.00088, 0.00077, 0.0053, 0.0046, 0.00307, 0.00162, 0.00187, 0.01933, 0.01848, 0.01159, 0.00651, 0.00321, 0.06752, 0.0586, 0.03915, 0.00974, 0.0053, 0.16864, 0.40625, 0.11628, 0.03186, 0.01323], [0.0013, 0.00148, 0.00255, 0.00148, 0.0013, 0.00314, 0.00273, 0.00518, 0.00273, 0.00314, 0.01147, 0.01097, 0.01952, 0.01097, 0.01147, 0.01891, 0.03478, 0.06598, 0.03478, 0.01891, 0.04723, 0.11378, 0.41519, 0.11378, 0.04723], [0.00077, 0.00088, 0.00152, 0.0025, 0.0022, 0.00187, 0.00162, 0.00307, 0.0046, 0.0053, 0.00321, 0.00651, 0.01159, 0.01848, 0.01933, 0.0053, 0.00974, 0.03915, 0.0586, 0.06752, 0.01323, 0.03186, 0.11628, 0.40625, 0.16864], [0.00046, 0.00052, 0.0009, 0.00148, 0.0037, 0.00052, 0.00096, 0.00182, 0.00273, 0.00892, 0.0009, 0.00182, 0.00688, 0.01097, 0.03257, 0.00148, 0.00273, 0.01097, 0.03478, 0.11378, 0.0037, 0.00892, 0.03257, 0.11378, 0.60214]]