[[0.59118, 0.09937, 0.03522, 0.01138, 0.00776, 0.09937, 0.03715, 0.0142, 0.00426, 0.00247, 0.03522, 0.0142, 0.00777, 0.00308, 0.00166, 0.01138, 0.00426, 0.00308, 0.00175, 0.00102, 0.00776, 0.00247, 0.00166, 0.00102, 0.00131], [0.20009, 0.29359, 0.10405, 0.03363, 0.02292, 0.06373, 0.10977, 0.04195, 0.01257, 0.0073, 0.02259, 0.02214, 0.01211, 0.00911, 0.0049, 0.0073, 0.00664, 0.00481, 0.00273, 0.003, 0.00498, 0.00385, 0.00259, 0.00158, 0.00205], [0.06773, 0.09937, 0.30742, 0.09937, 0.06773, 0.02157, 0.03715, 0.12395, 0.03715, 0.02157, 0.01449, 0.0142, 0.01889, 0.0142, 0.01449, 0.00468, 0.00426, 0.00749, 0.00426, 0.00468, 0.00319, 0.00247, 0.00403, 0.00247, 0.00319], [0.02292, 0.03363, 0.10405, 0.29359, 0.20009, 0.0073, 0.01257, 0.04195, 0.10977, 0.06373, 0.0049, 0.00911, 0.01211, 0.02214, 0.02259, 0.003, 0.00273, 0.00481, 0.00664, 0.0073, 0.00205, 0.00158, 0.00259, 0.00385, 0.00498], [0.00776, 0.01138, 0.03522, 0.09937, 0.59118, 0.00247, 0.00426, 0.0142, 0.03715, 0.09937, 0.00166, 0.00308, 0.00777, 0.0142, 0.03522, 0.00102, 0.00175, 0.00308, 0.00426, 0.01138, 0.00131, 0.00102, 0.00166, 0.00247, 0.00776], [0.20009, 0.06373, 0.02259, 0.0073, 0.00498, 0.29359, 0.10977, 0.02214, 0.00664, 0.00385, 0.10405, 0.04195, 0.01211, 0.00481, 0.00259, 0.03363, 0.01257, 0.00911, 0.00273, 0.00158, 0.02292, 0.0073, 0.0049, 0.003, 0.00205], [0.12833, 0.09937, 0.06673, 0.02157, 0.0147, 0.09937, 0.17115, 0.06541, 0.01961, 0.01138, 0.06673, 0.06541, 0.03579, 0.0142, 0.00764, 0.02157, 0.01961, 0.0142, 0.00806, 0.00468, 0.0147, 0.01138, 0.00764, 0.00468, 0.00605], [0.04344, 0.06373, 0.10405, 0.06373, 0.04344, 0.03363, 0.05793, 0.19327, 0.05793, 0.03363, 0.02259, 0.04195, 0.0558, 0.04195, 0.02259, 0.01383, 0.01257, 0.02214, 0.01257, 0.01383, 0.00943, 0.0073, 0.01192, 0.0073, 0.00943], [0.0147, 0.02157, 0.06673, 0.09937, 0.12833, 0.01138, 0.01961, 0.06541, 0.17115, 0.09937, 0.00764, 0.0142, 0.03579, 0.06541, 0.06673, 0.00468, 0.00806, 0.0142, 0.01961, 0.02157, 0.00605, 0.00468, 0.00764, 0.01138, 0.0147], [0.00498, 0.0073, 0.02259, 0.06373, 0.20009, 0.00385, 0.00664, 0.02214, 0.10977, 0.29359, 0.00259, 0.00481, 0.01211, 0.04195, 0.10405, 0.00158, 0.00273, 0.00911, 0.01257, 0.03363, 0.00205, 0.003, 0.0049, 0.0073, 0.02292], [0.06773, 0.02157, 0.01449, 0.00468, 0.00319, 0.09937, 0.03715, 0.0142, 0.00426, 0.00247, 0.30742, 0.12395, 0.01889, 0.00749, 0.00403, 0.09937, 0.03715, 0.0142, 0.00426, 0.00247, 0.06773, 0.02157, 0.01449, 0.00468, 0.00319], [0.04344, 0.03363, 0.02259, 0.01383, 0.00943, 0.06373, 0.05793, 0.04195, 0.01257, 0.0073, 0.10405, 0.19327, 0.0558, 0.02214, 0.01192, 0.06373, 0.05793, 0.04195, 0.01257, 0.0073, 0.04344, 0.03363, 0.02259, 0.01383, 0.00943], [0.02786, 0.02157, 0.03522, 0.02157, 0.02786, 0.02157, 0.03715, 0.06541, 0.03715, 0.02157, 0.03522, 0.06541, 0.16486, 0.06541, 0.03522, 0.02157, 0.03715, 0.06541, 0.03715, 0.02157, 0.02786, 0.02157, 0.03522, 0.02157, 0.02786], [0.00943, 0.01383, 0.02259, 0.03363, 0.04344, 0.0073, 0.01257, 0.04195, 0.05793, 0.06373, 0.01192, 0.02214, 0.0558, 0.19327, 0.10405, 0.0073, 0.01257, 0.04195, 0.05793, 0.06373, 0.00943, 0.01383, 0.02259, 0.03363, 0.04344], [0.00319, 0.00468, 0.01449, 0.02157, 0.06773, 0.00247, 0.00426, 0.0142, 0.03715, 0.09937, 0.00403, 0.00749, 0.01889, 0.12395, 0.30742, 0.00247, 0.00426, 0.0142, 0.03715, 0.09937, 0.00319, 0.00468, 0.01449, 0.02157, 0.06773], [0.02292, 0.0073, 0.0049, 0.003, 0.00205, 0.03363, 0.01257, 0.00911, 0.00273, 0.00158, 0.10405, 0.04195, 0.01211, 0.00481, 0.00259, 0.29359, 0.10977, 0.02214, 0.00664, 0.00385, 0.20009, 0.06373, 0.02259, 0.0073, 0.00498], [0.0147, 0.01138, 0.00764, 0.00468, 0.00605, 0.02157, 0.01961, 0.0142, 0.00806, 0.00468, 0.06673, 0.06541, 0.03579, 0.0142, 0.00764, 0.09937, 0.17115, 0.06541, 0.01961, 0.01138, 0.12833, 0.09937, 0.06673, 0.02157, 0.0147], [0.00943, 0.0073, 0.01192, 0.0073, 0.00943, 0.01383, 0.01257, 0.02214, 0.01257, 0.01383, 0.02259, 0.04195, 0.0558, 0.04195, 0.02259, 0.03363, 0.05793, 0.19327, 0.05793, 0.03363, 0.04344, 0.06373, 0.10405, 0.06373, 0.04344], [0.00605, 0.00468, 0.00764, 0.01138, 0.0147, 0.00468, 0.00806, 0.0142, 0.01961, 0.02157, 0.00764, 0.0142, 0.03579, 0.06541, 0.06673, 0.01138, 0.01961, 0.06541, 0.17115, 0.09937, 0.0147, 0.02157, 0.06673, 0.09937, 0.12833], [0.00205, 0.003, 0.0049, 0.0073, 0.02292, 0.00158, 0.00273, 0.00911, 0.01257, 0.03363, 0.00259, 0.00481, 0.01211, 0.04195, 0.10405, 0.00385, 0.00664, 0.02214, 0.10977, 0.29359, 0.00498, 0.0073, 0.02259, 0.06373, 0.20009], [0.00776, 0.00247, 0.00166, 0.00102, 0.00131, 0.01138, 0.00426, 0.00308, 0.00175, 0.00102, 0.03522, 0.0142, 0.00777, 0.00308, 0.00166, 0.09937, 0.03715, 0.0142, 0.00426, 0.00247, 0.59118, 0.09937, 0.03522, 0.01138, 0.00776], [0.00498, 0.00385, 0.00259, 0.00158, 0.00205, 0.0073, 0.00664, 0.00481, 0.00273, 0.003, 0.02259, 0.02214, 0.01211, 0.00911, 0.0049, 0.06373, 0.10977, 0.04195, 0.01257, 0.0073, 0.20009, 0.29359, 0.10405, 0.03363, 0.02292], [0.00319, 0.00247, 0.00403, 0.00247, 0.00319, 0.00468, 0.00426, 0.00749, 0.00426, 0.00468, 0.01449, 0.0142, 0.01889, 0.0142, 0.01449, 0.02157, 0.03715, 0.12395, 0.03715, 0.02157, 0.06773, 0.09937, 0.30742, 0.09937, 0.06773], [0.00205, 0.00158, 0.00259, 0.00385, 0.00498, 0.003, 0.00273, 0.00481, 0.00664, 0.0073, 0.0049, 0.00911, 0.01211, 0.02214, 0.02259, 0.0073, 0.01257, 0.04195, 0.10977, 0.06373, 0.02292, 0.03363, 0.10405, 0.29359, 0.20009], [0.00131, 0.00102, 0.00166, 0.00247, 0.00776, 0.00102, 0.00175, 0.00308, 0.00426, 0.01138, 0.00166, 0.00308, 0.00777, 0.0142, 0.03522, 0.00247, 0.00426, 0.0142, 0.03715, 0.09937, 0.00776, 0.01138, 0.03522, 0.09937, 0.59118]]