[[0.83474, 0.06412, 0.00552, 0.00047, 5e-05, 0.06412, 0.02031, 0.00175, 0.00015, 1e-05, 0.00552, 0.00175, 0.00064, 6e-05, 0, 0.00047, 0.00015, 6e-05, 2e-05, 0, 5e-05, 1e-05, 0, 0, 0], [0.07171, 0.74647, 0.06427, 0.00551, 0.00053, 0.02344, 0.05555, 0.02042, 0.00174, 0.00017, 0.00202, 0.0048, 0.00176, 0.00064, 6e-05, 0.00017, 0.00041, 0.00015, 5e-05, 2e-05, 2e-05, 4e-05, 1e-05, 0, 0], [0.00616, 0.06412, 0.74819, 0.06412, 0.00616, 0.00201, 0.02031, 0.05588, 0.02031, 0.00201, 0.00074, 0.00175, 0.00482, 0.00175, 0.00074, 6e-05, 0.00015, 0.00041, 0.00015, 6e-05, 0, 1e-05, 4e-05, 1e-05, 0], [0.00053, 0.00551, 0.06427, 0.74647, 0.07171, 0.00017, 0.00174, 0.02042, 0.05555, 0.02344, 6e-05, 0.00064, 0.00176, 0.0048, 0.00202, 2e-05, 5e-05, 0.00015, 0.00041, 0.00017, 0, 0, 1e-05, 4e-05, 2e-05], [5e-05, 0.00047, 0.00552, 0.06412, 0.83474, 1e-05, 0.00015, 0.00175, 0.02031, 0.06412, 0, 6e-05, 0.00064, 0.00175, 0.00552, 0, 2e-05, 6e-05, 0.00015, 0.00047, 0, 0, 0, 1e-05, 5e-05], [0.07171, 0.02344, 0.00202, 0.00017, 2e-05, 0.74647, 0.05555, 0.0048, 0.00041, 4e-05, 0.06427, 0.02042, 0.00176, 0.00015, 1e-05, 0.00551, 0.00174, 0.00064, 5e-05, 0, 0.00053, 0.00017, 6e-05, 2e-05, 0], [0.02621, 0.06412, 0.02349, 0.00201, 0.00019, 0.06412, 0.64672, 0.05588, 0.00477, 0.00047, 0.02349, 0.05588, 0.02053, 0.00175, 0.00017, 0.00201, 0.00477, 0.00175, 0.00064, 6e-05, 0.00019, 0.00047, 0.00017, 6e-05, 3e-05], [0.00225, 0.02344, 0.06427, 0.02344, 0.00225, 0.00551, 0.05555, 0.65045, 0.05555, 0.00551, 0.00202, 0.02042, 0.05616, 0.02042, 0.00202, 0.00074, 0.00174, 0.0048, 0.00174, 0.00074, 7e-05, 0.00017, 0.00047, 0.00017, 7e-05], [0.00019, 0.00201, 0.02349, 0.06412, 0.02621, 0.00047, 0.00477, 0.05588, 0.64672, 0.06412, 0.00017, 0.00175, 0.02053, 0.05588, 0.02349, 6e-05, 0.00064, 0.00175, 0.00477, 0.00201, 3e-05, 6e-05, 0.00017, 0.00047, 0.00019], [2e-05, 0.00017, 0.00202, 0.02344, 0.07171, 4e-05, 0.00041, 0.0048, 0.05555, 0.74647, 1e-05, 0.00015, 0.00176, 0.02042, 0.06427, 0, 5e-05, 0.00064, 0.00174, 0.00551, 0, 2e-05, 6e-05, 0.00017, 0.00053], [0.00616, 0.00201, 0.00074, 6e-05, 0, 0.06412, 0.02031, 0.00175, 0.00015, 1e-05, 0.74819, 0.05588, 0.00482, 0.00041, 4e-05, 0.06412, 0.02031, 0.00175, 0.00015, 1e-05, 0.00616, 0.00201, 0.00074, 6e-05, 0], [0.00225, 0.00551, 0.00202, 0.00074, 7e-05, 0.02344, 0.05555, 0.02042, 0.00174, 0.00017, 0.06427, 0.65045, 0.05616, 0.0048, 0.00047, 0.02344, 0.05555, 0.02042, 0.00174, 0.00017, 0.00225, 0.00551, 0.00202, 0.00074, 7e-05], [0.00082, 0.00201, 0.00552, 0.00201, 0.00082, 0.00201, 0.02031, 0.05588, 0.02031, 0.00201, 0.00552, 0.05588, 0.65378, 0.05588, 0.00552, 0.00201, 0.02031, 0.05588, 0.02031, 0.00201, 0.00082, 0.00201, 0.00552, 0.00201, 0.00082], [7e-05, 0.00074, 0.00202, 0.00551, 0.00225, 0.00017, 0.00174, 0.02042, 0.05555, 0.02344, 0.00047, 0.0048, 0.05616, 0.65045, 0.06427, 0.00017, 0.00174, 0.02042, 0.05555, 0.02344, 7e-05, 0.00074, 0.00202, 0.00551, 0.00225], [0, 6e-05, 0.00074, 0.00201, 0.00616, 1e-05, 0.00015, 0.00175, 0.02031, 0.06412, 4e-05, 0.00041, 0.00482, 0.05588, 0.74819, 1e-05, 0.00015, 0.00175, 0.02031, 0.06412, 0, 6e-05, 0.00074, 0.00201, 0.00616], [0.00053, 0.00017, 6e-05, 2e-05, 0, 0.00551, 0.00174, 0.00064, 5e-05, 0, 0.06427, 0.02042, 0.00176, 0.00015, 1e-05, 0.74647, 0.05555, 0.0048, 0.00041, 4e-05, 0.07171, 0.02344, 0.00202, 0.00017, 2e-05], [0.00019, 0.00047, 0.00017, 6e-05, 3e-05, 0.00201, 0.00477, 0.00175, 0.00064, 6e-05, 0.02349, 0.05588, 0.02053, 0.00175, 0.00017, 0.06412, 0.64672, 0.05588, 0.00477, 0.00047, 0.02621, 0.06412, 0.02349, 0.00201, 0.00019], [7e-05, 0.00017, 0.00047, 0.00017, 7e-05, 0.00074, 0.00174, 0.0048, 0.00174, 0.00074, 0.00202, 0.02042, 0.05616, 0.02042, 0.00202, 0.00551, 0.05555, 0.65045, 0.05555, 0.00551, 0.00225, 0.02344, 0.06427, 0.02344, 0.00225], [3e-05, 6e-05, 0.00017, 0.00047, 0.00019, 6e-05, 0.00064, 0.00175, 0.00477, 0.00201, 0.00017, 0.00175, 0.02053, 0.05588, 0.02349, 0.00047, 0.00477, 0.05588, 0.64672, 0.06412, 0.00019, 0.00201, 0.02349, 0.06412, 0.02621], [0, 2e-05, 6e-05, 0.00017, 0.00053, 0, 5e-05, 0.00064, 0.00174, 0.00551, 1e-05, 0.00015, 0.00176, 0.02042, 0.06427, 4e-05, 0.00041, 0.0048, 0.05555, 0.74647, 2e-05, 0.00017, 0.00202, 0.02344, 0.07171], [5e-05, 1e-05, 0, 0, 0, 0.00047, 0.00015, 6e-05, 2e-05, 0, 0.00552, 0.00175, 0.00064, 6e-05, 0, 0.06412, 0.02031, 0.00175, 0.00015, 1e-05, 0.83474, 0.06412, 0.00552, 0.00047, 5e-05], [2e-05, 4e-05, 1e-05, 0, 0, 0.00017, 0.00041, 0.00015, 5e-05, 2e-05, 0.00202, 0.0048, 0.00176, 0.00064, 6e-05, 0.02344, 0.05555, 0.02042, 0.00174, 0.00017, 0.07171, 0.74647, 0.06427, 0.00551, 0.00053], [0, 1e-05, 4e-05, 1e-05, 0, 6e-05, 0.00015, 0.00041, 0.00015, 6e-05, 0.00074, 0.00175, 0.00482, 0.00175, 0.00074, 0.00201, 0.02031, 0.05588, 0.02031, 0.00201, 0.00616, 0.06412, 0.74819, 0.06412, 0.00616], [0, 0, 1e-05, 4e-05, 2e-05, 2e-05, 5e-05, 0.00015, 0.00041, 0.00017, 6e-05, 0.00064, 0.00176, 0.0048, 0.00202, 0.00017, 0.00174, 0.02042, 0.05555, 0.02344, 0.00053, 0.00551, 0.06427, 0.74647, 0.07171], [0, 0, 0, 1e-05, 5e-05, 0, 2e-05, 6e-05, 0.00015, 0.00047, 0, 6e-05, 0.00064, 0.00175, 0.00552, 1e-05, 0.00015, 0.00175, 0.02031, 0.06412, 5e-05, 0.00047, 0.00552, 0.06412, 0.83474]]