[[0.55348, 0.12493, 0.04299, 0.0148, 0.00509, 0.00175, 0.00092, 0.12493, 0.0282, 0.0097, 0.00334, 0.00115, 0.0004, 0.00021, 0.04299, 0.0097, 0.00334, 0.00115, 0.0004, 0.00014, 7e-05, 0.0148, 0.00334, 0.00115, 0.0004, 0.00014, 5e-05, 2e-05, 0.00509, 0.00115, 0.0004, 0.00014, 5e-05, 2e-05, 0, 0.00175, 0.0004, 0.00014, 5e-05, 2e-05, 0, 0, 0.00092, 0.00021, 7e-05, 2e-05, 0, 0, 0], [0.19048, 0.363, 0.12493, 0.04299, 0.0148, 0.00509, 0.00267, 0.04299, 0.08193, 0.0282, 0.0097, 0.00334, 0.00115, 0.0006, 0.0148, 0.0282, 0.0097, 0.00334, 0.00115, 0.0004, 0.00021, 0.00509, 0.0097, 0.00334, 0.00115, 0.0004, 0.00014, 7e-05, 0.00175, 0.00334, 0.00115, 0.0004, 0.00014, 5e-05, 2e-05, 0.0006, 0.00115, 0.0004, 0.00014, 5e-05, 2e-05, 0, 0.00032, 0.0006, 0.00021, 7e-05, 2e-05, 0, 0], [0.06556, 0.12493, 0.363, 0.12493, 0.04299, 0.0148, 0.00776, 0.0148, 0.0282, 0.08193, 0.0282, 0.0097, 0.00334, 0.00175, 0.00509, 0.0097, 0.0282, 0.0097, 0.00334, 0.00115, 0.0006, 0.00175, 0.00334, 0.0097, 0.00334, 0.00115, 0.0004, 0.00021, 0.0006, 0.00115, 0.00334, 0.00115, 0.0004, 0.00014, 7e-05, 0.00021, 0.0004, 0.00115, 0.0004, 0.00014, 5e-05, 2e-05, 0.00011, 0.00021, 0.0006, 0.00021, 7e-05, 2e-05, 1e-05], [0.02256, 0.04299, 0.12493, 0.363, 0.12493, 0.04299, 0.02256, 0.00509, 0.0097, 0.0282, 0.08193, 0.0282, 0.0097, 0.00509, 0.00175, 0.00334, 0.0097, 0.0282, 0.0097, 0.00334, 0.00175, 0.0006, 0.00115, 0.00334, 0.0097, 0.00334, 0.00115, 0.0006, 0.00021, 0.0004, 0.00115, 0.00334, 0.00115, 0.0004, 0.00021, 7e-05, 0.00014, 0.0004, 0.00115, 0.0004, 0.00014, 7e-05, 4e-05, 7e-05, 0.00021, 0.0006, 0.00021, 7e-05, 4e-05], [0.00776, 0.0148, 0.04299, 0.12493, 0.363, 0.12493, 0.06556, 0.00175, 0.00334, 0.0097, 0.0282, 0.08193, 0.0282, 0.0148, 0.0006, 0.00115, 0.00334, 0.0097, 0.0282, 0.0097, 0.00509, 0.00021, 0.0004, 0.00115, 0.00334, 0.0097, 0.00334, 0.00175, 7e-05, 0.00014, 0.0004, 0.00115, 0.00334, 0.00115, 0.0006, 2e-05, 5e-05, 0.00014, 0.0004, 0.00115, 0.0004, 0.00021, 1e-05, 2e-05, 7e-05, 0.00021, 0.0006, 0.00021, 0.00011], [0.00267, 0.00509, 0.0148, 0.04299, 0.12493, 0.363, 0.19048, 0.0006, 0.00115, 0.00334, 0.0097, 0.0282, 0.08193, 0.04299, 0.00021, 0.0004, 0.00115, 0.00334, 0.0097, 0.0282, 0.0148, 7e-05, 0.00014, 0.0004, 0.00115, 0.00334, 0.0097, 0.00509, 2e-05, 5e-05, 0.00014, 0.0004, 0.00115, 0.00334, 0.00175, 0, 2e-05, 5e-05, 0.00014, 0.0004, 0.00115, 0.0006, 0, 0, 2e-05, 7e-05, 0.00021, 0.0006, 0.00032], [0.00092, 0.00175, 0.00509, 0.0148, 0.04299, 0.12493, 0.55348, 0.00021, 0.0004, 0.00115, 0.00334, 0.0097, 0.0282, 0.12493, 7e-05, 0.00014, 0.0004, 0.00115, 0.00334, 0.0097, 0.04299, 2e-05, 5e-05, 0.00014, 0.0004, 0.00115, 0.00334, 0.0148, 0, 2e-05, 5e-05, 0.00014, 0.0004, 0.00115, 0.00509, 0, 0, 2e-05, 5e-05, 0.00014, 0.0004, 0.00175, 0, 0, 0, 2e-05, 7e-05, 0.00021, 0.00092], [0.19048, 0.04299, 0.0148, 0.00509, 0.00175, 0.0006, 0.00032, 0.363, 0.08193, 0.0282, 0.0097, 0.00334, 0.00115, 0.0006, 0.12493, 0.0282, 0.0097, 0.00334, 0.00115, 0.0004, 0.00021, 0.04299, 0.0097, 0.00334, 0.00115, 0.0004, 0.00014, 7e-05, 0.0148, 0.00334, 0.00115, 0.0004, 0.00014, 5e-05, 2e-05, 0.00509, 0.00115, 0.0004, 0.00014, 5e-05, 2e-05, 0, 0.00267, 0.0006, 0.00021, 7e-05, 2e-05, 0, 0], [0.06556, 0.12493, 0.04299, 0.0148, 0.00509, 0.00175, 0.00092, 0.12493, 0.23807, 0.08193, 0.0282, 0.0097, 0.00334, 0.00175, 0.04299, 0.08193, 0.0282, 0.0097, 0.00334, 0.00115, 0.0006, 0.0148, 0.0282, 0.0097, 0.00334, 0.00115, 0.0004, 0.00021, 0.00509, 0.0097, 0.00334, 0.00115, 0.0004, 0.00014, 7e-05, 0.00175, 0.00334, 0.00115, 0.0004, 0.00014, 5e-05, 2e-05, 0.00092, 0.00175, 0.0006, 0.00021, 7e-05, 2e-05, 1e-05], [0.02256, 0.04299, 0.12493, 0.04299, 0.0148, 0.00509, 0.00267, 0.04299, 0.08193, 0.23807, 0.08193, 0.0282, 0.0097, 0.00509, 0.0148, 0.0282, 0.08193, 0.0282, 0.0097, 0.00334, 0.00175, 0.00509, 0.0097, 0.0282, 0.0097, 0.00334, 0.00115, 0.0006, 0.00175, 0.00334, 0.0097, 0.00334, 0.00115, 0.0004, 0.00021, 0.0006, 0.00115, 0.00334, 0.00115, 0.0004, 0.00014, 7e-05, 0.00032, 0.0006, 0.00175, 0.0006, 0.00021, 7e-05, 4e-05], [0.00776, 0.0148, 0.04299, 0.12493, 0.04299, 0.0148, 0.00776, 0.0148, 0.0282, 0.08193, 0.23807, 0.08193, 0.0282, 0.0148, 0.00509, 0.0097, 0.0282, 0.08193, 0.0282, 0.0097, 0.00509, 0.00175, 0.00334, 0.0097, 0.0282, 0.0097, 0.00334, 0.00175, 0.0006, 0.00115, 0.00334, 0.0097, 0.00334, 0.00115, 0.0006, 0.00021, 0.0004, 0.00115, 0.00334, 0.00115, 0.0004, 0.00021, 0.00011, 0.00021, 0.0006, 0.00175, 0.0006, 0.00021, 0.00011], [0.00267, 0.00509, 0.0148, 0.04299, 0.12493, 0.04299, 0.02256, 0.00509, 0.0097, 0.0282, 0.08193, 0.23807, 0.08193, 0.04299, 0.00175, 0.00334, 0.0097, 0.0282, 0.08193, 0.0282, 0.0148, 0.0006, 0.00115, 0.00334, 0.0097, 0.0282, 0.0097, 0.00509, 0.00021, 0.0004, 0.00115, 0.00334, 0.0097, 0.00334, 0.00175, 7e-05, 0.00014, 0.0004, 0.00115, 0.00334, 0.00115, 0.0006, 4e-05, 7e-05, 0.00021, 0.0006, 0.00175, 0.0006, 0.00032], [0.00092, 0.00175, 0.00509, 0.0148, 0.04299, 0.12493, 0.06556, 0.00175, 0.00334, 0.0097, 0.0282, 0.08193, 0.23807, 0.12493, 0.0006, 0.00115, 0.00334, 0.0097, 0.0282, 0.08193, 0.04299, 0.00021, 0.0004, 0.00115, 0.00334, 0.0097, 0.0282, 0.0148, 7e-05, 0.00014, 0.0004, 0.00115, 0.00334, 0.0097, 0.00509, 2e-05, 5e-05, 0.00014, 0.0004, 0.00115, 0.00334, 0.00175, 1e-05, 2e-05, 7e-05, 0.00021, 0.0006, 0.00175, 0.00092], [0.00032, 0.0006, 0.00175, 0.00509, 0.0148, 0.04299, 0.19048, 0.0006, 0.00115, 0.00334, 0.0097, 0.0282, 0.08193, 0.363, 0.00021, 0.0004, 0.00115, 0.00334, 0.0097, 0.0282, 0.12493, 7e-05, 0.00014, 0.0004, 0.00115, 0.00334, 0.0097, 0.04299, 2e-05, 5e-05, 0.00014, 0.0004, 0.00115, 0.00334, 0.0148, 0, 2e-05, 5e-05, 0.00014, 0.0004, 0.00115, 0.00509, 0, 0, 2e-05, 7e-05, 0.00021, 0.0006, 0.00267], [0.06556, 0.0148, 0.00509, 0.00175, 0.0006, 0.00021, 0.00011, 0.12493, 0.0282, 0.0097, 0.00334, 0.00115, 0.0004, 0.00021, 0.363, 0.08193, 0.0282, 0.0097, 0.00334, 0.00115, 0.0006, 0.12493, 0.0282, 0.0097, 0.00334, 0.00115, 0.0004, 0.00021, 0.04299, 0.0097, 0.00334, 0.00115, 0.0004, 0.00014, 7e-05, 0.0148, 0.00334, 0.00115, 0.0004, 0.00014, 5e-05, 2e-05, 0.00776, 0.00175, 0.0006, 0.00021, 7e-05, 2e-05, 1e-05], [0.02256, 0.04299, 0.0148, 0.00509, 0.00175, 0.0006, 0.00032, 0.04299, 0.08193, 0.0282, 0.0097, 0.00334, 0.00115, 0.0006, 0.12493, 0.23807, 0.08193, 0.0282, 0.0097, 0.00334, 0.00175, 0.04299, 0.08193, 0.0282, 0.0097, 0.00334, 0.00115, 0.0006, 0.0148, 0.0282, 0.0097, 0.00334, 0.00115, 0.0004, 0.00021, 0.00509, 0.0097, 0.00334, 0.00115, 0.0004, 0.00014, 7e-05, 0.00267, 0.00509, 0.00175, 0.0006, 0.00021, 7e-05, 4e-05], [0.00776, 0.0148, 0.04299, 0.0148, 0.00509, 0.00175, 0.00092, 0.0148, 0.0282, 0.08193, 0.0282, 0.0097, 0.00334, 0.00175, 0.04299, 0.08193, 0.23807, 0.08193, 0.0282, 0.0097, 0.00509, 0.0148, 0.0282, 0.08193, 0.0282, 0.0097, 0.00334, 0.00175, 0.00509, 0.0097, 0.0282, 0.0097, 0.00334, 0.00115, 0.0006, 0.00175, 0.00334, 0.0097, 0.00334, 0.00115, 0.0004, 0.00021, 0.00092, 0.00175, 0.00509, 0.00175, 0.0006, 0.00021, 0.00011], [0.00267, 0.00509, 0.0148, 0.04299, 0.0148, 0.00509, 0.00267, 0.00509, 0.0097, 0.0282, 0.08193, 0.0282, 0.0097, 0.00509, 0.0148, 0.0282, 0.08193, 0.23807, 0.08193, 0.0282, 0.0148, 0.00509, 0.0097, 0.0282, 0.08193, 0.0282, 0.0097, 0.00509, 0.00175, 0.00334, 0.0097, 0.0282, 0.0097, 0.00334, 0.00175, 0.0006, 0.00115, 0.00334, 0.0097, 0.00334, 0.00115, 0.0006, 0.00032, 0.0006, 0.00175, 0.00509, 0.00175, 0.0006, 0.00032], [0.00092, 0.00175, 0.00509, 0.0148, 0.04299, 0.0148, 0.00776, 0.00175, 0.00334, 0.0097, 0.0282, 0.08193, 0.0282, 0.0148, 0.00509, 0.0097, 0.0282, 0.08193, 0.23807, 0.08193, 0.04299, 0.00175, 0.00334, 0.0097, 0.0282, 0.08193, 0.0282, 0.0148, 0.0006, 0.00115, 0.00334, 0.0097, 0.0282, 0.0097, 0.00509, 0.00021, 0.0004, 0.00115, 0.00334, 0.0097, 0.00334, 0.00175, 0.00011, 0.00021, 0.0006, 0.00175, 0.00509, 0.00175, 0.00092], [0.00032, 0.0006, 0.00175, 0.00509, 0.0148, 0.04299, 0.02256, 0.0006, 0.00115, 0.00334, 0.0097, 0.0282, 0.08193, 0.04299, 0.00175, 0.00334, 0.0097, 0.0282, 0.08193, 0.23807, 0.12493, 0.0006, 0.00115, 0.00334, 0.0097, 0.0282, 0.08193, 0.04299, 0.00021, 0.0004, 0.00115, 0.00334, 0.0097, 0.0282, 0.0148, 7e-05, 0.00014, 0.0004, 0.00115, 0.00334, 0.0097, 0.00509, 4e-05, 7e-05, 0.00021, 0.0006, 0.00175, 0.00509, 0.00267], [0.00011, 0.00021, 0.0006, 0.00175, 0.00509, 0.0148, 0.06556, 0.00021, 0.0004, 0.00115, 0.00334, 0.0097, 0.0282, 0.12493, 0.0006, 0.00115, 0.00334, 0.0097, 0.0282, 0.08193, 0.363, 0.00021, 0.0004, 0.00115, 0.00334, 0.0097, 0.0282, 0.12493, 7e-05, 0.00014, 0.0004, 0.00115, 0.00334, 0.0097, 0.04299, 2e-05, 5e-05, 0.00014, 0.0004, 0.00115, 0.00334, 0.0148, 1e-05, 2e-05, 7e-05, 0.00021, 0.0006, 0.00175, 0.00776], [0.02256, 0.00509, 0.00175, 0.0006, 0.00021, 7e-05, 4e-05, 0.04299, 0.0097, 0.00334, 0.00115, 0.0004, 0.00014, 7e-05, 0.12493, 0.0282, 0.0097, 0.00334, 0.00115, 0.0004, 0.00021, 0.363, 0.08193, 0.0282, 0.0097, 0.00334, 0.00115, 0.0006, 0.12493, 0.0282, 0.0097, 0.00334, 0.00115, 0.0004, 0.00021, 0.04299, 0.0097, 0.00334, 0.00115, 0.0004, 0.00014, 7e-05, 0.02256, 0.00509, 0.00175, 0.0006, 0.00021, 7e-05, 4e-05], [0.00776, 0.0148, 0.00509, 0.00175, 0.0006, 0.00021, 0.00011, 0.0148, 0.0282, 0.0097, 0.00334, 0.00115, 0.0004, 0.00021, 0.04299, 0.08193, 0.0282, 0.0097, 0.00334, 0.00115, 0.0006, 0.12493, 0.23807, 0.08193, 0.0282, 0.0097, 0.00334, 0.00175, 0.04299, 0.08193, 0.0282, 0.0097, 0.00334, 0.00115, 0.0006, 0.0148, 0.0282, 0.0097, 0.00334, 0.00115, 0.0004, 0.00021, 0.00776, 0.0148, 0.00509, 0.00175, 0.0006, 0.00021, 0.00011], [0.00267, 0.00509, 0.0148, 0.00509, 0.00175, 0.0006, 0.00032, 0.00509, 0.0097, 0.0282, 0.0097, 0.00334, 0.00115, 0.0006, 0.0148, 0.0282, 0.08193, 0.0282, 0.0097, 0.00334, 0.00175, 0.04299, 0.08193, 0.23807, 0.08193, 0.0282, 0.0097, 0.00509, 0.0148, 0.0282, 0.08193, 0.0282, 0.0097, 0.00334, 0.00175, 0.00509, 0.0097, 0.0282, 0.0097, 0.00334, 0.00115, 0.0006, 0.00267, 0.00509, 0.0148, 0.00509, 0.00175, 0.0006, 0.00032], [0.00092, 0.00175, 0.00509, 0.0148, 0.00509, 0.00175, 0.00092, 0.00175, 0.00334, 0.0097, 0.0282, 0.0097, 0.00334, 0.00175, 0.00509, 0.0097, 0.0282, 0.08193, 0.0282, 0.0097, 0.00509, 0.0148, 0.0282, 0.08193, 0.23807, 0.08193, 0.0282, 0.0148, 0.00509, 0.0097, 0.0282, 0.08193, 0.0282, 0.0097, 0.00509, 0.00175, 0.00334, 0.0097, 0.0282, 0.0097, 0.00334, 0.00175, 0.00092, 0.00175, 0.00509, 0.0148, 0.00509, 0.00175, 0.00092], [0.00032, 0.0006, 0.00175, 0.00509, 0.0148, 0.00509, 0.00267, 0.0006, 0.00115, 0.00334, 0.0097, 0.0282, 0.0097, 0.00509, 0.00175, 0.00334, 0.0097, 0.0282, 0.08193, 0.0282, 0.0148, 0.00509, 0.0097, 0.0282, 0.08193, 0.23807, 0.08193, 0.04299, 0.00175, 0.00334, 0.0097, 0.0282, 0.08193, 0.0282, 0.0148, 0.0006, 0.00115, 0.00334, 0.0097, 0.0282, 0.0097, 0.00509, 0.00032, 0.0006, 0.00175, 0.00509, 0.0148, 0.00509, 0.00267], [0.00011, 0.00021, 0.0006, 0.00175, 0.00509, 0.0148, 0.00776, 0.00021, 0.0004, 0.00115, 0.00334, 0.0097, 0.0282, 0.0148, 0.0006, 0.00115, 0.00334, 0.0097, 0.0282, 0.08193, 0.04299, 0.00175, 0.00334, 0.0097, 0.0282, 0.08193, 0.23807, 0.12493, 0.0006, 0.00115, 0.00334, 0.0097, 0.0282, 0.08193, 0.04299, 0.00021, 0.0004, 0.00115, 0.00334, 0.0097, 0.0282, 0.0148, 0.00011, 0.00021, 0.0006, 0.00175, 0.00509, 0.0148, 0.00776], [4e-05, 7e-05, 0.00021, 0.0006, 0.00175, 0.00509, 0.02256, 7e-05, 0.00014, 0.0004, 0.00115, 0.00334, 0.0097, 0.04299, 0.00021, 0.0004, 0.00115, 0.00334, 0.0097, 0.0282, 0.12493, 0.0006, 0.00115, 0.00334, 0.0097, 0.0282, 0.08193, 0.363, 0.00021, 0.0004, 0.00115, 0.00334, 0.0097, 0.0282, 0.12493, 7e-05, 0.00014, 0.0004, 0.00115, 0.00334, 0.0097, 0.04299, 4e-05, 7e-05, 0.00021, 0.0006, 0.00175, 0.00509, 0.02256], [0.00776, 0.00175, 0.0006, 0.00021, 7e-05, 2e-05, 1e-05, 0.0148, 0.00334, 0.00115, 0.0004, 0.00014, 5e-05, 2e-05, 0.04299, 0.0097, 0.00334, 0.00115, 0.0004, 0.00014, 7e-05, 0.12493, 0.0282, 0.0097, 0.00334, 0.00115, 0.0004, 0.00021, 0.363, 0.08193, 0.0282, 0.0097, 0.00334, 0.00115, 0.0006, 0.12493, 0.0282, 0.0097, 0.00334, 0.00115, 0.0004, 0.00021, 0.06556, 0.0148, 0.00509, 0.00175, 0.0006, 0.00021, 0.00011], [0.00267, 0.00509, 0.00175, 0.0006, 0.00021, 7e-05, 4e-05, 0.00509, 0.0097, 0.00334, 0.00115, 0.0004, 0.00014, 7e-05, 0.0148, 0.0282, 0.0097, 0.00334, 0.00115, 0.0004, 0.00021, 0.04299, 0.08193, 0.0282, 0.0097, 0.00334, 0.00115, 0.0006, 0.12493, 0.23807, 0.08193, 0.0282, 0.0097, 0.00334, 0.00175, 0.04299, 0.08193, 0.0282, 0.0097, 0.00334, 0.00115, 0.0006, 0.02256, 0.04299, 0.0148, 0.00509, 0.00175, 0.0006, 0.00032], [0.00092, 0.00175, 0.00509, 0.00175, 0.0006, 0.00021, 0.00011, 0.00175, 0.00334, 0.0097, 0.00334, 0.00115, 0.0004, 0.00021, 0.00509, 0.0097, 0.0282, 0.0097, 0.00334, 0.00115, 0.0006, 0.0148, 0.0282, 0.08193, 0.0282, 0.0097, 0.00334, 0.00175, 0.04299, 0.08193, 0.23807, 0.08193, 0.0282, 0.0097, 0.00509, 0.0148, 0.0282, 0.08193, 0.0282, 0.0097, 0.00334, 0.00175, 0.00776, 0.0148, 0.04299, 0.0148, 0.00509, 0.00175, 0.00092], [0.00032, 0.0006, 0.00175, 0.00509, 0.00175, 0.0006, 0.00032, 0.0006, 0.00115, 0.00334, 0.0097, 0.00334, 0.00115, 0.0006, 0.00175, 0.00334, 0.0097, 0.0282, 0.0097, 0.00334, 0.00175, 0.00509, 0.0097, 0.0282, 0.08193, 0.0282, 0.0097, 0.00509, 0.0148, 0.0282, 0.08193, 0.23807, 0.08193, 0.0282, 0.0148, 0.00509, 0.0097, 0.0282, 0.08193, 0.0282, 0.0097, 0.00509, 0.00267, 0.00509, 0.0148, 0.04299, 0.0148, 0.00509, 0.00267], [0.00011, 0.00021, 0.0006, 0.00175, 0.00509, 0.00175, 0.00092, 0.00021, 0.0004, 0.00115, 0.00334, 0.0097, 0.00334, 0.00175, 0.0006, 0.00115, 0.00334, 0.0097, 0.0282, 0.0097, 0.00509, 0.00175, 0.00334, 0.0097, 0.0282, 0.08193, 0.0282, 0.0148, 0.00509, 0.0097, 0.0282, 0.08193, 0.23807, 0.08193, 0.04299, 0.00175, 0.00334, 0.0097, 0.0282, 0.08193, 0.0282, 0.0148, 0.00092, 0.00175, 0.00509, 0.0148, 0.04299, 0.0148, 0.00776], [4e-05, 7e-05, 0.00021, 0.0006, 0.00175, 0.00509, 0.00267, 7e-05, 0.00014, 0.0004, 0.00115, 0.00334, 0.0097, 0.00509, 0.00021, 0.0004, 0.00115, 0.00334, 0.0097, 0.0282, 0.0148, 0.0006, 0.00115, 0.00334, 0.0097, 0.0282, 0.08193, 0.04299, 0.00175, 0.00334, 0.0097, 0.0282, 0.08193, 0.23807, 0.12493, 0.0006, 0.00115, 0.00334, 0.0097, 0.0282, 0.08193, 0.04299, 0.00032, 0.0006, 0.00175, 0.00509, 0.0148, 0.04299, 0.02256], [1e-05, 2e-05, 7e-05, 0.00021, 0.0006, 0.00175, 0.00776, 2e-05, 5e-05, 0.00014, 0.0004, 0.00115, 0.00334, 0.0148, 7e-05, 0.00014, 0.0004, 0.00115, 0.00334, 0.0097, 0.04299, 0.00021, 0.0004, 0.00115, 0.00334, 0.0097, 0.0282, 0.12493, 0.0006, 0.00115, 0.00334, 0.0097, 0.0282, 0.08193, 0.363, 0.00021, 0.0004, 0.00115, 0.00334, 0.0097, 0.0282, 0.12493, 0.00011, 0.00021, 0.0006, 0.00175, 0.00509, 0.0148, 0.06556], [0.00267, 0.0006, 0.00021, 7e-05, 2e-05, 0, 0, 0.00509, 0.00115, 0.0004, 0.00014, 5e-05, 2e-05, 0, 0.0148, 0.00334, 0.00115, 0.0004, 0.00014, 5e-05, 2e-05, 0.04299, 0.0097, 0.00334, 0.00115, 0.0004, 0.00014, 7e-05, 0.12493, 0.0282, 0.0097, 0.00334, 0.00115, 0.0004, 0.00021, 0.363, 0.08193, 0.0282, 0.0097, 0.00334, 0.00115, 0.0006, 0.19048, 0.04299, 0.0148, 0.00509, 0.00175, 0.0006, 0.00032], [0.00092, 0.00175, 0.0006, 0.00021, 7e-05, 2e-05, 1e-05, 0.00175, 0.00334, 0.00115, 0.0004, 0.00014, 5e-05, 2e-05, 0.00509, 0.0097, 0.00334, 0.00115, 0.0004, 0.00014, 7e-05, 0.0148, 0.0282, 0.0097, 0.00334, 0.00115, 0.0004, 0.00021, 0.04299, 0.08193, 0.0282, 0.0097, 0.00334, 0.00115, 0.0006, 0.12493, 0.23807, 0.08193, 0.0282, 0.0097, 0.00334, 0.00175, 0.06556, 0.12493, 0.04299, 0.0148, 0.00509, 0.00175, 0.00092], [0.00032, 0.0006, 0.00175, 0.0006, 0.00021, 7e-05, 4e-05, 0.0006, 0.00115, 0.00334, 0.00115, 0.0004, 0.00014, 7e-05, 0.00175, 0.00334, 0.0097, 0.00334, 0.00115, 0.0004, 0.00021, 0.00509, 0.0097, 0.0282, 0.0097, 0.00334, 0.00115, 0.0006, 0.0148, 0.0282, 0.08193, 0.0282, 0.0097, 0.00334, 0.00175, 0.04299, 0.08193, 0.23807, 0.08193, 0.0282, 0.0097, 0.00509, 0.02256, 0.04299, 0.12493, 0.04299, 0.0148, 0.00509, 0.00267], [0.00011, 0.00021, 0.0006, 0.00175, 0.0006, 0.00021, 0.00011, 0.00021, 0.0004, 0.00115, 0.00334, 0.00115, 0.0004, 0.00021, 0.0006, 0.00115, 0.00334, 0.0097, 0.00334, 0.00115, 0.0006, 0.00175, 0.00334, 0.0097, 0.0282, 0.0097, 0.00334, 0.00175, 0.00509, 0.0097, 0.0282, 0.08193, 0.0282, 0.0097, 0.00509, 0.0148, 0.0282, 0.08193, 0.23807, 0.08193, 0.0282, 0.0148, 0.00776, 0.0148, 0.04299, 0.12493, 0.04299, 0.0148, 0.00776], [4e-05, 7e-05, 0.00021, 0.0006, 0.00175, 0.0006, 0.00032, 7e-05, 0.00014, 0.0004, 0.00115, 0.00334, 0.00115, 0.0006, 0.00021, 0.0004, 0.00115, 0.00334, 0.0097, 0.00334, 0.00175, 0.0006, 0.00115, 0.00334, 0.0097, 0.0282, 0.0097, 0.00509, 0.00175, 0.00334, 0.0097, 0.0282, 0.08193, 0.0282, 0.0148, 0.00509, 0.0097, 0.0282, 0.08193, 0.23807, 0.08193, 0.04299, 0.00267, 0.00509, 0.0148, 0.04299, 0.12493, 0.04299, 0.02256], [1e-05, 2e-05, 7e-05, 0.00021, 0.0006, 0.00175, 0.00092, 2e-05, 5e-05, 0.00014, 0.0004, 0.00115, 0.00334, 0.00175, 7e-05, 0.00014, 0.0004, 0.00115, 0.00334, 0.0097, 0.00509, 0.00021, 0.0004, 0.00115, 0.00334, 0.0097, 0.0282, 0.0148, 0.0006, 0.00115, 0.00334, 0.0097, 0.0282, 0.08193, 0.04299, 0.00175, 0.00334, 0.0097, 0.0282, 0.08193, 0.23807, 0.12493, 0.00092, 0.00175, 0.00509, 0.0148, 0.04299, 0.12493, 0.06556], [0, 0, 2e-05, 7e-05, 0.00021, 0.0006, 0.00267, 0, 2e-05, 5e-05, 0.00014, 0.0004, 0.00115, 0.00509, 2e-05, 5e-05, 0.00014, 0.0004, 0.00115, 0.00334, 0.0148, 7e-05, 0.00014, 0.0004, 0.00115, 0.00334, 0.0097, 0.04299, 0.00021, 0.0004, 0.00115, 0.00334, 0.0097, 0.0282, 0.12493, 0.0006, 0.00115, 0.00334, 0.0097, 0.0282, 0.08193, 0.363, 0.00032, 0.0006, 0.00175, 0.00509, 0.0148, 0.04299, 0.19048], [0.00092, 0.00021, 7e-05, 2e-05, 0, 0, 0, 0.00175, 0.0004, 0.00014, 5e-05, 2e-05, 0, 0, 0.00509, 0.00115, 0.0004, 0.00014, 5e-05, 2e-05, 0, 0.0148, 0.00334, 0.00115, 0.0004, 0.00014, 5e-05, 2e-05, 0.04299, 0.0097, 0.00334, 0.00115, 0.0004, 0.00014, 7e-05, 0.12493, 0.0282, 0.0097, 0.00334, 0.00115, 0.0004, 0.00021, 0.55348, 0.12493, 0.04299, 0.0148, 0.00509, 0.00175, 0.00092], [0.00032, 0.0006, 0.00021, 7e-05, 2e-05, 0, 0, 0.0006, 0.00115, 0.0004, 0.00014, 5e-05, 2e-05, 0, 0.00175, 0.00334, 0.00115, 0.0004, 0.00014, 5e-05, 2e-05, 0.00509, 0.0097, 0.00334, 0.00115, 0.0004, 0.00014, 7e-05, 0.0148, 0.0282, 0.0097, 0.00334, 0.00115, 0.0004, 0.00021, 0.04299, 0.08193, 0.0282, 0.0097, 0.00334, 0.00115, 0.0006, 0.19048, 0.363, 0.12493, 0.04299, 0.0148, 0.00509, 0.00267], [0.00011, 0.00021, 0.0006, 0.00021, 7e-05, 2e-05, 1e-05, 0.00021, 0.0004, 0.00115, 0.0004, 0.00014, 5e-05, 2e-05, 0.0006, 0.00115, 0.00334, 0.00115, 0.0004, 0.00014, 7e-05, 0.00175, 0.00334, 0.0097, 0.00334, 0.00115, 0.0004, 0.00021, 0.00509, 0.0097, 0.0282, 0.0097, 0.00334, 0.00115, 0.0006, 0.0148, 0.0282, 0.08193, 0.0282, 0.0097, 0.00334, 0.00175, 0.06556, 0.12493, 0.363, 0.12493, 0.04299, 0.0148, 0.00776], [4e-05, 7e-05, 0.00021, 0.0006, 0.00021, 7e-05, 4e-05, 7e-05, 0.00014, 0.0004, 0.00115, 0.0004, 0.00014, 7e-05, 0.00021, 0.0004, 0.00115, 0.00334, 0.00115, 0.0004, 0.00021, 0.0006, 0.00115, 0.00334, 0.0097, 0.00334, 0.00115, 0.0006, 0.00175, 0.00334, 0.0097, 0.0282, 0.0097, 0.00334, 0.00175, 0.00509, 0.0097, 0.0282, 0.08193, 0.0282, 0.0097, 0.00509, 0.02256, 0.04299, 0.12493, 0.363, 0.12493, 0.04299, 0.02256], [1e-05, 2e-05, 7e-05, 0.00021, 0.0006, 0.00021, 0.00011, 2e-05, 5e-05, 0.00014, 0.0004, 0.00115, 0.0004, 0.00021, 7e-05, 0.00014, 0.0004, 0.00115, 0.00334, 0.00115, 0.0006, 0.00021, 0.0004, 0.00115, 0.00334, 0.0097, 0.00334, 0.00175, 0.0006, 0.00115, 0.00334, 0.0097, 0.0282, 0.0097, 0.00509, 0.00175, 0.00334, 0.0097, 0.0282, 0.08193, 0.0282, 0.0148, 0.00776, 0.0148, 0.04299, 0.12493, 0.363, 0.12493, 0.06556], [0, 0, 2e-05, 7e-05, 0.00021, 0.0006, 0.00032, 0, 2e-05, 5e-05, 0.00014, 0.0004, 0.00115, 0.0006, 2e-05, 5e-05, 0.00014, 0.0004, 0.00115, 0.00334, 0.00175, 7e-05, 0.00014, 0.0004, 0.00115, 0.00334, 0.0097, 0.00509, 0.00021, 0.0004, 0.00115, 0.00334, 0.0097, 0.0282, 0.0148, 0.0006, 0.00115, 0.00334, 0.0097, 0.0282, 0.08193, 0.04299, 0.00267, 0.00509, 0.0148, 0.04299, 0.12493, 0.363, 0.19048], [0, 0, 0, 2e-05, 7e-05, 0.00021, 0.00092, 0, 0, 2e-05, 5e-05, 0.00014, 0.0004, 0.00175, 0, 2e-05, 5e-05, 0.00014, 0.0004, 0.00115, 0.00509, 2e-05, 5e-05, 0.00014, 0.0004, 0.00115, 0.00334, 0.0148, 7e-05, 0.00014, 0.0004, 0.00115, 0.00334, 0.0097, 0.04299, 0.00021, 0.0004, 0.00115, 0.00334, 0.0097, 0.0282, 0.12493, 0.00092, 0.00175, 0.00509, 0.0148, 0.04299, 0.12493, 0.55348]]