[[0.91465, 0.03606, 0.0015, 6e-05, 0, 0.03606, 0.00919, 0.00038, 2e-05, 0, 0.0015, 0.00038, 0.0001, 0, 0, 6e-05, 2e-05, 0, 0, 0, 0, 0, 0, 0, 0], [0.03797, 0.86872, 0.03608, 0.0015, 7e-05, 0.00978, 0.03388, 0.0092, 0.00038, 2e-05, 0.00041, 0.00141, 0.00038, 0.0001, 0, 2e-05, 6e-05, 2e-05, 0, 0, 0, 0, 0, 0, 0], [0.00158, 0.03606, 0.86912, 0.03606, 0.00158, 0.00041, 0.00919, 0.03392, 0.00919, 0.00041, 0.00011, 0.00038, 0.00141, 0.00038, 0.00011, 0, 2e-05, 6e-05, 2e-05, 0, 0, 0, 0, 0, 0], [7e-05, 0.0015, 0.03608, 0.86872, 0.03797, 2e-05, 0.00038, 0.0092, 0.03388, 0.00978, 0, 0.0001, 0.00038, 0.00141, 0.00041, 0, 0, 2e-05, 6e-05, 2e-05, 0, 0, 0, 0, 0], [0, 6e-05, 0.0015, 0.03606, 0.91465, 0, 2e-05, 0.00038, 0.00919, 0.03606, 0, 0, 0.0001, 0.00038, 0.0015, 0, 0, 0, 2e-05, 6e-05, 0, 0, 0, 0, 0], [0.03797, 0.00978, 0.00041, 2e-05, 0, 0.86872, 0.03388, 0.00141, 6e-05, 0, 0.03608, 0.0092, 0.00038, 2e-05, 0, 0.0015, 0.00038, 0.0001, 0, 0, 7e-05, 2e-05, 0, 0, 0], [0.0103, 0.03606, 0.00979, 0.00041, 2e-05, 0.03606, 0.81626, 0.03392, 0.00141, 6e-05, 0.00979, 0.03392, 0.00921, 0.00038, 2e-05, 0.00041, 0.00141, 0.00038, 0.0001, 0, 2e-05, 6e-05, 2e-05, 0, 0], [0.00043, 0.00978, 0.03608, 0.00978, 0.00043, 0.0015, 0.03388, 0.81708, 0.03388, 0.0015, 0.00041, 0.0092, 0.03395, 0.0092, 0.00041, 0.00011, 0.00038, 0.00141, 0.00038, 0.00011, 0, 2e-05, 6e-05, 2e-05, 0], [2e-05, 0.00041, 0.00979, 0.03606, 0.0103, 6e-05, 0.00141, 0.03392, 0.81626, 0.03606, 2e-05, 0.00038, 0.00921, 0.03392, 0.00979, 0, 0.0001, 0.00038, 0.00141, 0.00041, 0, 0, 2e-05, 6e-05, 2e-05], [0, 2e-05, 0.00041, 0.00978, 0.03797, 0, 6e-05, 0.00141, 0.03388, 0.86872, 0, 2e-05, 0.00038, 0.0092, 0.03608, 0, 0, 0.0001, 0.00038, 0.0015, 0, 0, 0, 2e-05, 7e-05], [0.00158, 0.00041, 0.00011, 0, 0, 0.03606, 0.00919, 0.00038, 2e-05, 0, 0.86912, 0.03392, 0.00141, 6e-05, 0, 0.03606, 0.00919, 0.00038, 2e-05, 0, 0.00158, 0.00041, 0.00011, 0, 0], [0.00043, 0.0015, 0.00041, 0.00011, 0, 0.00978, 0.03388, 0.0092, 0.00038, 2e-05, 0.03608, 0.81708, 0.03395, 0.00141, 6e-05, 0.00978, 0.03388, 0.0092, 0.00038, 2e-05, 0.00043, 0.0015, 0.00041, 0.00011, 0], [0.00012, 0.00041, 0.0015, 0.00041, 0.00012, 0.00041, 0.00919, 0.03392, 0.00919, 0.00041, 0.0015, 0.03392, 0.81786, 0.03392, 0.0015, 0.00041, 0.00919, 0.03392, 0.00919, 0.00041, 0.00012, 0.00041, 0.0015, 0.00041, 0.00012], [0, 0.00011, 0.00041, 0.0015, 0.00043, 2e-05, 0.00038, 0.0092, 0.03388, 0.00978, 6e-05, 0.00141, 0.03395, 0.81708, 0.03608, 2e-05, 0.00038, 0.0092, 0.03388, 0.00978, 0, 0.00011, 0.00041, 0.0015, 0.00043], [0, 0, 0.00011, 0.00041, 0.00158, 0, 2e-05, 0.00038, 0.00919, 0.03606, 0, 6e-05, 0.00141, 0.03392, 0.86912, 0, 2e-05, 0.00038, 0.00919, 0.03606, 0, 0, 0.00011, 0.00041, 0.00158], [7e-05, 2e-05, 0, 0, 0, 0.0015, 0.00038, 0.0001, 0, 0, 0.03608, 0.0092, 0.00038, 2e-05, 0, 0.86872, 0.03388, 0.00141, 6e-05, 0, 0.03797, 0.00978, 0.00041, 2e-05, 0], [2e-05, 6e-05, 2e-05, 0, 0, 0.00041, 0.00141, 0.00038, 0.0001, 0, 0.00979, 0.03392, 0.00921, 0.00038, 2e-05, 0.03606, 0.81626, 0.03392, 0.00141, 6e-05, 0.0103, 0.03606, 0.00979, 0.00041, 2e-05], [0, 2e-05, 6e-05, 2e-05, 0, 0.00011, 0.00038, 0.00141, 0.00038, 0.00011, 0.00041, 0.0092, 0.03395, 0.0092, 0.00041, 0.0015, 0.03388, 0.81708, 0.03388, 0.0015, 0.00043, 0.00978, 0.03608, 0.00978, 0.00043], [0, 0, 2e-05, 6e-05, 2e-05, 0, 0.0001, 0.00038, 0.00141, 0.00041, 2e-05, 0.00038, 0.00921, 0.03392, 0.00979, 6e-05, 0.00141, 0.03392, 0.81626, 0.03606, 2e-05, 0.00041, 0.00979, 0.03606, 0.0103], [0, 0, 0, 2e-05, 7e-05, 0, 0, 0.0001, 0.00038, 0.0015, 0, 2e-05, 0.00038, 0.0092, 0.03608, 0, 6e-05, 0.00141, 0.03388, 0.86872, 0, 2e-05, 0.00041, 0.00978, 0.03797], [0, 0, 0, 0, 0, 6e-05, 2e-05, 0, 0, 0, 0.0015, 0.00038, 0.0001, 0, 0, 0.03606, 0.00919, 0.00038, 2e-05, 0, 0.91465, 0.03606, 0.0015, 6e-05, 0], [0, 0, 0, 0, 0, 2e-05, 6e-05, 2e-05, 0, 0, 0.00041, 0.00141, 0.00038, 0.0001, 0, 0.00978, 0.03388, 0.0092, 0.00038, 2e-05, 0.03797, 0.86872, 0.03608, 0.0015, 7e-05], [0, 0, 0, 0, 0, 0, 2e-05, 6e-05, 2e-05, 0, 0.00011, 0.00038, 0.00141, 0.00038, 0.00011, 0.00041, 0.00919, 0.03392, 0.00919, 0.00041, 0.00158, 0.03606, 0.86912, 0.03606, 0.00158], [0, 0, 0, 0, 0, 0, 0, 2e-05, 6e-05, 2e-05, 0, 0.0001, 0.00038, 0.00141, 0.00041, 2e-05, 0.00038, 0.0092, 0.03388, 0.00978, 7e-05, 0.0015, 0.03608, 0.86872, 0.03797], [0, 0, 0, 0, 0, 0, 0, 0, 2e-05, 6e-05, 0, 0, 0.0001, 0.00038, 0.0015, 0, 2e-05, 0.00038, 0.00919, 0.03606, 0, 6e-05, 0.0015, 0.03606, 0.91465]]