[[0.74408, 0.08978, 0.0133, 0.00194, 0.00035, 0.08978, 0.0311, 0.00467, 0.00067, 0.00013, 0.0133, 0.00467, 0.00217, 0.00031, 6e-05, 0.00194, 0.00067, 0.00031, 0.00014, 3e-05, 0.00035, 0.00013, 6e-05, 3e-05, 2e-05], [0.10945, 0.61035, 0.09041, 0.01321, 0.00237, 0.04092, 0.06825, 0.03178, 0.00458, 0.00089, 0.00606, 0.01026, 0.00475, 0.00213, 0.00041, 0.00089, 0.00148, 0.00069, 0.00031, 0.00018, 0.00016, 0.00029, 0.00013, 6e-05, 3e-05], [0.0161, 0.08978, 0.61461, 0.08978, 0.0161, 0.00602, 0.0311, 0.06972, 0.0311, 0.00602, 0.00276, 0.00467, 0.01043, 0.00467, 0.00276, 0.0004, 0.00067, 0.00151, 0.00067, 0.0004, 7e-05, 0.00013, 0.00029, 0.00013, 7e-05], [0.00237, 0.01321, 0.09041, 0.61035, 0.10945, 0.00089, 0.00458, 0.03178, 0.06825, 0.04092, 0.00041, 0.00213, 0.00475, 0.01026, 0.00606, 0.00018, 0.00031, 0.00069, 0.00148, 0.00089, 3e-05, 6e-05, 0.00013, 0.00029, 0.00016], [0.00035, 0.00194, 0.0133, 0.08978, 0.74408, 0.00013, 0.00067, 0.00467, 0.0311, 0.08978, 6e-05, 0.00031, 0.00217, 0.00467, 0.0133, 3e-05, 0.00014, 0.00031, 0.00067, 0.00194, 2e-05, 3e-05, 6e-05, 0.00013, 0.00035], [0.10945, 0.04092, 0.00606, 0.00089, 0.00016, 0.61035, 0.06825, 0.01026, 0.00148, 0.00029, 0.09041, 0.03178, 0.00475, 0.00069, 0.00013, 0.01321, 0.00458, 0.00213, 0.00031, 6e-05, 0.00237, 0.00089, 0.00041, 0.00018, 3e-05], [0.04988, 0.08978, 0.0412, 0.00602, 0.00108, 0.08978, 0.46399, 0.06972, 0.01004, 0.00194, 0.0412, 0.06972, 0.03231, 0.00467, 0.00089, 0.00602, 0.01004, 0.00467, 0.00209, 0.0004, 0.00108, 0.00194, 0.00089, 0.0004, 0.00022], [0.00734, 0.04092, 0.09041, 0.04092, 0.00734, 0.01321, 0.06825, 0.474, 0.06825, 0.01321, 0.00606, 0.03178, 0.0709, 0.03178, 0.00606, 0.00274, 0.00458, 0.01026, 0.00458, 0.00274, 0.00049, 0.00089, 0.00196, 0.00089, 0.00049], [0.00108, 0.00602, 0.0412, 0.08978, 0.04988, 0.00194, 0.01004, 0.06972, 0.46399, 0.08978, 0.00089, 0.00467, 0.03231, 0.06972, 0.0412, 0.0004, 0.00209, 0.00467, 0.01004, 0.00602, 0.00022, 0.0004, 0.00089, 0.00194, 0.00108], [0.00016, 0.00089, 0.00606, 0.04092, 0.10945, 0.00029, 0.00148, 0.01026, 0.06825, 0.61035, 0.00013, 0.00069, 0.00475, 0.03178, 0.09041, 6e-05, 0.00031, 0.00213, 0.00458, 0.01321, 3e-05, 0.00018, 0.00041, 0.00089, 0.00237], [0.0161, 0.00602, 0.00276, 0.0004, 7e-05, 0.08978, 0.0311, 0.00467, 0.00067, 0.00013, 0.61461, 0.06972, 0.01043, 0.00151, 0.00029, 0.08978, 0.0311, 0.00467, 0.00067, 0.00013, 0.0161, 0.00602, 0.00276, 0.0004, 7e-05], [0.00734, 0.01321, 0.00606, 0.00274, 0.00049, 0.04092, 0.06825, 0.03178, 0.00458, 0.00089, 0.09041, 0.474, 0.0709, 0.01026, 0.00196, 0.04092, 0.06825, 0.03178, 0.00458, 0.00089, 0.00734, 0.01321, 0.00606, 0.00274, 0.00049], [0.00334, 0.00602, 0.0133, 0.00602, 0.00334, 0.00602, 0.0311, 0.06972, 0.0311, 0.00602, 0.0133, 0.06972, 0.48197, 0.06972, 0.0133, 0.00602, 0.0311, 0.06972, 0.0311, 0.00602, 0.00334, 0.00602, 0.0133, 0.00602, 0.00334], [0.00049, 0.00274, 0.00606, 0.01321, 0.00734, 0.00089, 0.00458, 0.03178, 0.06825, 0.04092, 0.00196, 0.01026, 0.0709, 0.474, 0.09041, 0.00089, 0.00458, 0.03178, 0.06825, 0.04092, 0.00049, 0.00274, 0.00606, 0.01321, 0.00734], [7e-05, 0.0004, 0.00276, 0.00602, 0.0161, 0.00013, 0.00067, 0.00467, 0.0311, 0.08978, 0.00029, 0.00151, 0.01043, 0.06972, 0.61461, 0.00013, 0.00067, 0.00467, 0.0311, 0.08978, 7e-05, 0.0004, 0.00276, 0.00602, 0.0161], [0.00237, 0.00089, 0.00041, 0.00018, 3e-05, 0.01321, 0.00458, 0.00213, 0.00031, 6e-05, 0.09041, 0.03178, 0.00475, 0.00069, 0.00013, 0.61035, 0.06825, 0.01026, 0.00148, 0.00029, 0.10945, 0.04092, 0.00606, 0.00089, 0.00016], [0.00108, 0.00194, 0.00089, 0.0004, 0.00022, 0.00602, 0.01004, 0.00467, 0.00209, 0.0004, 0.0412, 0.06972, 0.03231, 0.00467, 0.00089, 0.08978, 0.46399, 0.06972, 0.01004, 0.00194, 0.04988, 0.08978, 0.0412, 0.00602, 0.00108], [0.00049, 0.00089, 0.00196, 0.00089, 0.00049, 0.00274, 0.00458, 0.01026, 0.00458, 0.00274, 0.00606, 0.03178, 0.0709, 0.03178, 0.00606, 0.01321, 0.06825, 0.474, 0.06825, 0.01321, 0.00734, 0.04092, 0.09041, 0.04092, 0.00734], [0.00022, 0.0004, 0.00089, 0.00194, 0.00108, 0.0004, 0.00209, 0.00467, 0.01004, 0.00602, 0.00089, 0.00467, 0.03231, 0.06972, 0.0412, 0.00194, 0.01004, 0.06972, 0.46399, 0.08978, 0.00108, 0.00602, 0.0412, 0.08978, 0.04988], [3e-05, 0.00018, 0.00041, 0.00089, 0.00237, 6e-05, 0.00031, 0.00213, 0.00458, 0.01321, 0.00013, 0.00069, 0.00475, 0.03178, 0.09041, 0.00029, 0.00148, 0.01026, 0.06825, 0.61035, 0.00016, 0.00089, 0.00606, 0.04092, 0.10945], [0.00035, 0.00013, 6e-05, 3e-05, 2e-05, 0.00194, 0.00067, 0.00031, 0.00014, 3e-05, 0.0133, 0.00467, 0.00217, 0.00031, 6e-05, 0.08978, 0.0311, 0.00467, 0.00067, 0.00013, 0.74408, 0.08978, 0.0133, 0.00194, 0.00035], [0.00016, 0.00029, 0.00013, 6e-05, 3e-05, 0.00089, 0.00148, 0.00069, 0.00031, 0.00018, 0.00606, 0.01026, 0.00475, 0.00213, 0.00041, 0.04092, 0.06825, 0.03178, 0.00458, 0.00089, 0.10945, 0.61035, 0.09041, 0.01321, 0.00237], [7e-05, 0.00013, 0.00029, 0.00013, 7e-05, 0.0004, 0.00067, 0.00151, 0.00067, 0.0004, 0.00276, 0.00467, 0.01043, 0.00467, 0.00276, 0.00602, 0.0311, 0.06972, 0.0311, 0.00602, 0.0161, 0.08978, 0.61461, 0.08978, 0.0161], [3e-05, 6e-05, 0.00013, 0.00029, 0.00016, 0.00018, 0.00031, 0.00069, 0.00148, 0.00089, 0.00041, 0.00213, 0.00475, 0.01026, 0.00606, 0.00089, 0.00458, 0.03178, 0.06825, 0.04092, 0.00237, 0.01321, 0.09041, 0.61035, 0.10945], [2e-05, 3e-05, 6e-05, 0.00013, 0.00035, 3e-05, 0.00014, 0.00031, 0.00067, 0.00194, 6e-05, 0.00031, 0.00217, 0.00467, 0.0133, 0.00013, 0.00067, 0.00467, 0.0311, 0.08978, 0.00035, 0.00194, 0.0133, 0.08978, 0.74408]]