[[0.92613, 0.03162, 0.00113, 4e-05, 0, 0.03162, 0.00765, 0.00027, 0, 0, 0.00113, 0.00027, 7e-05, 0, 0, 4e-05, 0, 0, 0, 0, 0, 0, 0, 0, 0], [0.03304, 0.88639, 0.03163, 0.00113, 4e-05, 0.00806, 0.03, 0.00765, 0.00027, 1e-05, 0.00029, 0.00107, 0.00027, 7e-05, 0, 1e-05, 4e-05, 0, 0, 0, 0, 0, 0, 0, 0], [0.00118, 0.03162, 0.88667, 0.03162, 0.00118, 0.00029, 0.00765, 0.03002, 0.00765, 0.00029, 7e-05, 0.00027, 0.00107, 0.00027, 7e-05, 0, 0, 4e-05, 0, 0, 0, 0, 0, 0, 0], [4e-05, 0.00113, 0.03163, 0.88639, 0.03304, 1e-05, 0.00027, 0.00765, 0.03, 0.00806, 0, 7e-05, 0.00027, 0.00107, 0.00029, 0, 0, 0, 4e-05, 1e-05, 0, 0, 0, 0, 0], [0, 4e-05, 0.00113, 0.03162, 0.92613, 0, 0, 0.00027, 0.00765, 0.03162, 0, 0, 7e-05, 0.00027, 0.00113, 0, 0, 0, 0, 4e-05, 0, 0, 0, 0, 0], [0.03304, 0.00806, 0.00029, 1e-05, 0, 0.88639, 0.03, 0.00107, 4e-05, 0, 0.03163, 0.00765, 0.00027, 0, 0, 0.00113, 0.00027, 7e-05, 0, 0, 4e-05, 1e-05, 0, 0, 0], [0.00842, 0.03162, 0.00806, 0.00029, 1e-05, 0.03162, 0.84104, 0.03002, 0.00107, 4e-05, 0.00806, 0.03002, 0.00766, 0.00027, 1e-05, 0.00029, 0.00107, 0.00027, 7e-05, 0, 1e-05, 4e-05, 1e-05, 0, 0], [0.0003, 0.00806, 0.03163, 0.00806, 0.0003, 0.00113, 0.03, 0.84162, 0.03, 0.00113, 0.00029, 0.00765, 0.03004, 0.00765, 0.00029, 7e-05, 0.00027, 0.00107, 0.00027, 7e-05, 0, 1e-05, 4e-05, 1e-05, 0], [1e-05, 0.00029, 0.00806, 0.03162, 0.00842, 4e-05, 0.00107, 0.03002, 0.84104, 0.03162, 1e-05, 0.00027, 0.00766, 0.03002, 0.00806, 0, 7e-05, 0.00027, 0.00107, 0.00029, 0, 0, 1e-05, 4e-05, 1e-05], [0, 1e-05, 0.00029, 0.00806, 0.03304, 0, 4e-05, 0.00107, 0.03, 0.88639, 0, 0, 0.00027, 0.00765, 0.03163, 0, 0, 7e-05, 0.00027, 0.00113, 0, 0, 0, 1e-05, 4e-05], [0.00118, 0.00029, 7e-05, 0, 0, 0.03162, 0.00765, 0.00027, 0, 0, 0.88667, 0.03002, 0.00107, 4e-05, 0, 0.03162, 0.00765, 0.00027, 0, 0, 0.00118, 0.00029, 7e-05, 0, 0], [0.0003, 0.00113, 0.00029, 7e-05, 0, 0.00806, 0.03, 0.00765, 0.00027, 1e-05, 0.03163, 0.84162, 0.03004, 0.00107, 4e-05, 0.00806, 0.03, 0.00765, 0.00027, 1e-05, 0.0003, 0.00113, 0.00029, 7e-05, 0], [8e-05, 0.00029, 0.00113, 0.00029, 8e-05, 0.00029, 0.00765, 0.03002, 0.00765, 0.00029, 0.00113, 0.03002, 0.84219, 0.03002, 0.00113, 0.00029, 0.00765, 0.03002, 0.00765, 0.00029, 8e-05, 0.00029, 0.00113, 0.00029, 8e-05], [0, 7e-05, 0.00029, 0.00113, 0.0003, 1e-05, 0.00027, 0.00765, 0.03, 0.00806, 4e-05, 0.00107, 0.03004, 0.84162, 0.03163, 1e-05, 0.00027, 0.00765, 0.03, 0.00806, 0, 7e-05, 0.00029, 0.00113, 0.0003], [0, 0, 7e-05, 0.00029, 0.00118, 0, 0, 0.00027, 0.00765, 0.03162, 0, 4e-05, 0.00107, 0.03002, 0.88667, 0, 0, 0.00027, 0.00765, 0.03162, 0, 0, 7e-05, 0.00029, 0.00118], [4e-05, 1e-05, 0, 0, 0, 0.00113, 0.00027, 7e-05, 0, 0, 0.03163, 0.00765, 0.00027, 0, 0, 0.88639, 0.03, 0.00107, 4e-05, 0, 0.03304, 0.00806, 0.00029, 1e-05, 0], [1e-05, 4e-05, 1e-05, 0, 0, 0.00029, 0.00107, 0.00027, 7e-05, 0, 0.00806, 0.03002, 0.00766, 0.00027, 1e-05, 0.03162, 0.84104, 0.03002, 0.00107, 4e-05, 0.00842, 0.03162, 0.00806, 0.00029, 1e-05], [0, 1e-05, 4e-05, 1e-05, 0, 7e-05, 0.00027, 0.00107, 0.00027, 7e-05, 0.00029, 0.00765, 0.03004, 0.00765, 0.00029, 0.00113, 0.03, 0.84162, 0.03, 0.00113, 0.0003, 0.00806, 0.03163, 0.00806, 0.0003], [0, 0, 1e-05, 4e-05, 1e-05, 0, 7e-05, 0.00027, 0.00107, 0.00029, 1e-05, 0.00027, 0.00766, 0.03002, 0.00806, 4e-05, 0.00107, 0.03002, 0.84104, 0.03162, 1e-05, 0.00029, 0.00806, 0.03162, 0.00842], [0, 0, 0, 1e-05, 4e-05, 0, 0, 7e-05, 0.00027, 0.00113, 0, 0, 0.00027, 0.00765, 0.03163, 0, 4e-05, 0.00107, 0.03, 0.88639, 0, 1e-05, 0.00029, 0.00806, 0.03304], [0, 0, 0, 0, 0, 4e-05, 0, 0, 0, 0, 0.00113, 0.00027, 7e-05, 0, 0, 0.03162, 0.00765, 0.00027, 0, 0, 0.92613, 0.03162, 0.00113, 4e-05, 0], [0, 0, 0, 0, 0, 1e-05, 4e-05, 0, 0, 0, 0.00029, 0.00107, 0.00027, 7e-05, 0, 0.00806, 0.03, 0.00765, 0.00027, 1e-05, 0.03304, 0.88639, 0.03163, 0.00113, 4e-05], [0, 0, 0, 0, 0, 0, 0, 4e-05, 0, 0, 7e-05, 0.00027, 0.00107, 0.00027, 7e-05, 0.00029, 0.00765, 0.03002, 0.00765, 0.00029, 0.00118, 0.03162, 0.88667, 0.03162, 0.00118], [0, 0, 0, 0, 0, 0, 0, 0, 4e-05, 1e-05, 0, 7e-05, 0.00027, 0.00107, 0.00029, 1e-05, 0.00027, 0.00765, 0.03, 0.00806, 4e-05, 0.00113, 0.03163, 0.88639, 0.03304], [0, 0, 0, 0, 0, 0, 0, 0, 0, 4e-05, 0, 0, 7e-05, 0.00027, 0.00113, 0, 0, 0.00027, 0.00765, 0.03162, 0, 4e-05, 0.00113, 0.03162, 0.92613]]