[[0.72582, 0.10421, 0.01811, 0.00315, 0.00066, 0.10421, 0.01496, 0.0026, 0.00045, 0.0001, 0.01811, 0.0026, 0.00045, 8e-05, 2e-05, 0.00315, 0.00045, 8e-05, 1e-05, 0, 0.00066, 0.0001, 2e-05, 0, 0], [0.12613, 0.59969, 0.10421, 0.01811, 0.00381, 0.01811, 0.0861, 0.01496, 0.0026, 0.00055, 0.00315, 0.01496, 0.0026, 0.00045, 0.0001, 0.00055, 0.0026, 0.00045, 8e-05, 2e-05, 0.00012, 0.00055, 0.0001, 2e-05, 0], [0.02192, 0.10421, 0.59969, 0.10421, 0.02192, 0.00315, 0.01496, 0.0861, 0.01496, 0.00315, 0.00055, 0.0026, 0.01496, 0.0026, 0.00055, 0.0001, 0.00045, 0.0026, 0.00045, 0.0001, 2e-05, 0.0001, 0.00055, 0.0001, 2e-05], [0.00381, 0.01811, 0.10421, 0.59969, 0.12613, 0.00055, 0.0026, 0.01496, 0.0861, 0.01811, 0.0001, 0.00045, 0.0026, 0.01496, 0.00315, 2e-05, 8e-05, 0.00045, 0.0026, 0.00055, 0, 2e-05, 0.0001, 0.00055, 0.00012], [0.00066, 0.00315, 0.01811, 0.10421, 0.72582, 0.0001, 0.00045, 0.0026, 0.01496, 0.10421, 2e-05, 8e-05, 0.00045, 0.0026, 0.01811, 0, 1e-05, 8e-05, 0.00045, 0.00315, 0, 0, 2e-05, 0.0001, 0.00066], [0.12613, 0.01811, 0.00315, 0.00055, 0.00012, 0.59969, 0.0861, 0.01496, 0.0026, 0.00055, 0.10421, 0.01496, 0.0026, 0.00045, 0.0001, 0.01811, 0.0026, 0.00045, 8e-05, 2e-05, 0.00381, 0.00055, 0.0001, 2e-05, 0], [0.02192, 0.10421, 0.01811, 0.00315, 0.00066, 0.10421, 0.49548, 0.0861, 0.01496, 0.00315, 0.01811, 0.0861, 0.01496, 0.0026, 0.00055, 0.00315, 0.01496, 0.0026, 0.00045, 0.0001, 0.00066, 0.00315, 0.00055, 0.0001, 2e-05], [0.00381, 0.01811, 0.10421, 0.01811, 0.00381, 0.01811, 0.0861, 0.49548, 0.0861, 0.01811, 0.00315, 0.01496, 0.0861, 0.01496, 0.00315, 0.00055, 0.0026, 0.01496, 0.0026, 0.00055, 0.00012, 0.00055, 0.00315, 0.00055, 0.00012], [0.00066, 0.00315, 0.01811, 0.10421, 0.02192, 0.00315, 0.01496, 0.0861, 0.49548, 0.10421, 0.00055, 0.0026, 0.01496, 0.0861, 0.01811, 0.0001, 0.00045, 0.0026, 0.01496, 0.00315, 2e-05, 0.0001, 0.00055, 0.00315, 0.00066], [0.00012, 0.00055, 0.00315, 0.01811, 0.12613, 0.00055, 0.0026, 0.01496, 0.0861, 0.59969, 0.0001, 0.00045, 0.0026, 0.01496, 0.10421, 2e-05, 8e-05, 0.00045, 0.0026, 0.01811, 0, 2e-05, 0.0001, 0.00055, 0.00381], [0.02192, 0.00315, 0.00055, 0.0001, 2e-05, 0.10421, 0.01496, 0.0026, 0.00045, 0.0001, 0.59969, 0.0861, 0.01496, 0.0026, 0.00055, 0.10421, 0.01496, 0.0026, 0.00045, 0.0001, 0.02192, 0.00315, 0.00055, 0.0001, 2e-05], [0.00381, 0.01811, 0.00315, 0.00055, 0.00012, 0.01811, 0.0861, 0.01496, 0.0026, 0.00055, 0.10421, 0.49548, 0.0861, 0.01496, 0.00315, 0.01811, 0.0861, 0.01496, 0.0026, 0.00055, 0.00381, 0.01811, 0.00315, 0.00055, 0.00012], [0.00066, 0.00315, 0.01811, 0.00315, 0.00066, 0.00315, 0.01496, 0.0861, 0.01496, 0.00315, 0.01811, 0.0861, 0.49548, 0.0861, 0.01811, 0.00315, 0.01496, 0.0861, 0.01496, 0.00315, 0.00066, 0.00315, 0.01811, 0.00315, 0.00066], [0.00012, 0.00055, 0.00315, 0.01811, 0.00381, 0.00055, 0.0026, 0.01496, 0.0861, 0.01811, 0.00315, 0.01496, 0.0861, 0.49548, 0.10421, 0.00055, 0.0026, 0.01496, 0.0861, 0.01811, 0.00012, 0.00055, 0.00315, 0.01811, 0.00381], [2e-05, 0.0001, 0.00055, 0.00315, 0.02192, 0.0001, 0.00045, 0.0026, 0.01496, 0.10421, 0.00055, 0.0026, 0.01496, 0.0861, 0.59969, 0.0001, 0.00045, 0.0026, 0.01496, 0.10421, 2e-05, 0.0001, 0.00055, 0.00315, 0.02192], [0.00381, 0.00055, 0.0001, 2e-05, 0, 0.01811, 0.0026, 0.00045, 8e-05, 2e-05, 0.10421, 0.01496, 0.0026, 0.00045, 0.0001, 0.59969, 0.0861, 0.01496, 0.0026, 0.00055, 0.12613, 0.01811, 0.00315, 0.00055, 0.00012], [0.00066, 0.00315, 0.00055, 0.0001, 2e-05, 0.00315, 0.01496, 0.0026, 0.00045, 0.0001, 0.01811, 0.0861, 0.01496, 0.0026, 0.00055, 0.10421, 0.49548, 0.0861, 0.01496, 0.00315, 0.02192, 0.10421, 0.01811, 0.00315, 0.00066], [0.00012, 0.00055, 0.00315, 0.00055, 0.00012, 0.00055, 0.0026, 0.01496, 0.0026, 0.00055, 0.00315, 0.01496, 0.0861, 0.01496, 0.00315, 0.01811, 0.0861, 0.49548, 0.0861, 0.01811, 0.00381, 0.01811, 0.10421, 0.01811, 0.00381], [2e-05, 0.0001, 0.00055, 0.00315, 0.00066, 0.0001, 0.00045, 0.0026, 0.01496, 0.00315, 0.00055, 0.0026, 0.01496, 0.0861, 0.01811, 0.00315, 0.01496, 0.0861, 0.49548, 0.10421, 0.00066, 0.00315, 0.01811, 0.10421, 0.02192], [0, 2e-05, 0.0001, 0.00055, 0.00381, 2e-05, 8e-05, 0.00045, 0.0026, 0.01811, 0.0001, 0.00045, 0.0026, 0.01496, 0.10421, 0.00055, 0.0026, 0.01496, 0.0861, 0.59969, 0.00012, 0.00055, 0.00315, 0.01811, 0.12613], [0.00066, 0.0001, 2e-05, 0, 0, 0.00315, 0.00045, 8e-05, 1e-05, 0, 0.01811, 0.0026, 0.00045, 8e-05, 2e-05, 0.10421, 0.01496, 0.0026, 0.00045, 0.0001, 0.72582, 0.10421, 0.01811, 0.00315, 0.00066], [0.00012, 0.00055, 0.0001, 2e-05, 0, 0.00055, 0.0026, 0.00045, 8e-05, 2e-05, 0.00315, 0.01496, 0.0026, 0.00045, 0.0001, 0.01811, 0.0861, 0.01496, 0.0026, 0.00055, 0.12613, 0.59969, 0.10421, 0.01811, 0.00381], [2e-05, 0.0001, 0.00055, 0.0001, 2e-05, 0.0001, 0.00045, 0.0026, 0.00045, 0.0001, 0.00055, 0.0026, 0.01496, 0.0026, 0.00055, 0.00315, 0.01496, 0.0861, 0.01496, 0.00315, 0.02192, 0.10421, 0.59969, 0.10421, 0.02192], [0, 2e-05, 0.0001, 0.00055, 0.00012, 2e-05, 8e-05, 0.00045, 0.0026, 0.00055, 0.0001, 0.00045, 0.0026, 0.01496, 0.00315, 0.00055, 0.0026, 0.01496, 0.0861, 0.01811, 0.00381, 0.01811, 0.10421, 0.59969, 0.12613], [0, 0, 2e-05, 0.0001, 0.00066, 0, 1e-05, 8e-05, 0.00045, 0.00315, 2e-05, 8e-05, 0.00045, 0.0026, 0.01811, 0.0001, 0.00045, 0.0026, 0.01496, 0.10421, 0.00066, 0.00315, 0.01811, 0.10421, 0.72582]]