[[0.9072, 0.03862, 0.00174, 8e-05, 0, 0.03862, 0.01012, 0.00077, 4e-05, 0, 0.00174, 0.00077, 0.00013, 1e-05, 0, 8e-05, 4e-05, 1e-05, 0, 0, 0, 0, 0, 0, 0], [0.04087, 0.85729, 0.03863, 0.00174, 8e-05, 0.01084, 0.03606, 0.01012, 0.00077, 5e-05, 0.00083, 0.00163, 0.00077, 0.00013, 1e-05, 5e-05, 7e-05, 4e-05, 1e-05, 0, 0, 0, 0, 0, 0], [0.00184, 0.03862, 0.85748, 0.03862, 0.00184, 0.00083, 0.01012, 0.03607, 0.01012, 0.00083, 0.00014, 0.00077, 0.00163, 0.00077, 0.00014, 1e-05, 4e-05, 7e-05, 4e-05, 1e-05, 0, 0, 0, 0, 0], [8e-05, 0.00174, 0.03863, 0.85729, 0.04087, 5e-05, 0.00077, 0.01012, 0.03606, 0.01084, 1e-05, 0.00013, 0.00077, 0.00163, 0.00083, 0, 1e-05, 4e-05, 7e-05, 5e-05, 0, 0, 0, 0, 0], [0, 8e-05, 0.00174, 0.03862, 0.9072, 0, 4e-05, 0.00077, 0.01012, 0.03862, 0, 1e-05, 0.00013, 0.00077, 0.00174, 0, 0, 1e-05, 4e-05, 8e-05, 0, 0, 0, 0, 0], [0.04087, 0.01084, 0.00083, 5e-05, 0, 0.85729, 0.03606, 0.00163, 7e-05, 0, 0.03863, 0.01012, 0.00077, 4e-05, 0, 0.00174, 0.00077, 0.00013, 1e-05, 0, 8e-05, 5e-05, 1e-05, 0, 0], [0.01147, 0.03862, 0.01084, 0.00083, 5e-05, 0.03862, 0.80039, 0.03607, 0.00162, 8e-05, 0.01084, 0.03607, 0.01012, 0.00077, 5e-05, 0.00083, 0.00162, 0.00077, 0.00013, 1e-05, 5e-05, 8e-05, 5e-05, 1e-05, 0], [0.00088, 0.01084, 0.03863, 0.01084, 0.00088, 0.00174, 0.03606, 0.80073, 0.03606, 0.00174, 0.00083, 0.01012, 0.03609, 0.01012, 0.00083, 0.00014, 0.00077, 0.00163, 0.00077, 0.00014, 1e-05, 5e-05, 8e-05, 5e-05, 1e-05], [5e-05, 0.00083, 0.01084, 0.03862, 0.01147, 8e-05, 0.00162, 0.03607, 0.80039, 0.03862, 5e-05, 0.00077, 0.01012, 0.03607, 0.01084, 1e-05, 0.00013, 0.00077, 0.00162, 0.00083, 0, 1e-05, 5e-05, 8e-05, 5e-05], [0, 5e-05, 0.00083, 0.01084, 0.04087, 0, 7e-05, 0.00163, 0.03606, 0.85729, 0, 4e-05, 0.00077, 0.01012, 0.03863, 0, 1e-05, 0.00013, 0.00077, 0.00174, 0, 0, 1e-05, 5e-05, 8e-05], [0.00184, 0.00083, 0.00014, 1e-05, 0, 0.03862, 0.01012, 0.00077, 4e-05, 0, 0.85748, 0.03607, 0.00163, 7e-05, 0, 0.03862, 0.01012, 0.00077, 4e-05, 0, 0.00184, 0.00083, 0.00014, 1e-05, 0], [0.00088, 0.00174, 0.00083, 0.00014, 1e-05, 0.01084, 0.03606, 0.01012, 0.00077, 5e-05, 0.03863, 0.80073, 0.03609, 0.00163, 8e-05, 0.01084, 0.03606, 0.01012, 0.00077, 5e-05, 0.00088, 0.00174, 0.00083, 0.00014, 1e-05], [0.00015, 0.00083, 0.00174, 0.00083, 0.00015, 0.00083, 0.01012, 0.03607, 0.01012, 0.00083, 0.00174, 0.03607, 0.80109, 0.03607, 0.00174, 0.00083, 0.01012, 0.03607, 0.01012, 0.00083, 0.00015, 0.00083, 0.00174, 0.00083, 0.00015], [1e-05, 0.00014, 0.00083, 0.00174, 0.00088, 5e-05, 0.00077, 0.01012, 0.03606, 0.01084, 8e-05, 0.00163, 0.03609, 0.80073, 0.03863, 5e-05, 0.00077, 0.01012, 0.03606, 0.01084, 1e-05, 0.00014, 0.00083, 0.00174, 0.00088], [0, 1e-05, 0.00014, 0.00083, 0.00184, 0, 4e-05, 0.00077, 0.01012, 0.03862, 0, 7e-05, 0.00163, 0.03607, 0.85748, 0, 4e-05, 0.00077, 0.01012, 0.03862, 0, 1e-05, 0.00014, 0.00083, 0.00184], [8e-05, 5e-05, 1e-05, 0, 0, 0.00174, 0.00077, 0.00013, 1e-05, 0, 0.03863, 0.01012, 0.00077, 4e-05, 0, 0.85729, 0.03606, 0.00163, 7e-05, 0, 0.04087, 0.01084, 0.00083, 5e-05, 0], [5e-05, 8e-05, 5e-05, 1e-05, 0, 0.00083, 0.00162, 0.00077, 0.00013, 1e-05, 0.01084, 0.03607, 0.01012, 0.00077, 5e-05, 0.03862, 0.80039, 0.03607, 0.00162, 8e-05, 0.01147, 0.03862, 0.01084, 0.00083, 5e-05], [1e-05, 5e-05, 8e-05, 5e-05, 1e-05, 0.00014, 0.00077, 0.00163, 0.00077, 0.00014, 0.00083, 0.01012, 0.03609, 0.01012, 0.00083, 0.00174, 0.03606, 0.80073, 0.03606, 0.00174, 0.00088, 0.01084, 0.03863, 0.01084, 0.00088], [0, 1e-05, 5e-05, 8e-05, 5e-05, 1e-05, 0.00013, 0.00077, 0.00162, 0.00083, 5e-05, 0.00077, 0.01012, 0.03607, 0.01084, 8e-05, 0.00162, 0.03607, 0.80039, 0.03862, 5e-05, 0.00083, 0.01084, 0.03862, 0.01147], [0, 0, 1e-05, 5e-05, 8e-05, 0, 1e-05, 0.00013, 0.00077, 0.00174, 0, 4e-05, 0.00077, 0.01012, 0.03863, 0, 7e-05, 0.00163, 0.03606, 0.85729, 0, 5e-05, 0.00083, 0.01084, 0.04087], [0, 0, 0, 0, 0, 8e-05, 4e-05, 1e-05, 0, 0, 0.00174, 0.00077, 0.00013, 1e-05, 0, 0.03862, 0.01012, 0.00077, 4e-05, 0, 0.9072, 0.03862, 0.00174, 8e-05, 0], [0, 0, 0, 0, 0, 5e-05, 7e-05, 4e-05, 1e-05, 0, 0.00083, 0.00163, 0.00077, 0.00013, 1e-05, 0.01084, 0.03606, 0.01012, 0.00077, 5e-05, 0.04087, 0.85729, 0.03863, 0.00174, 8e-05], [0, 0, 0, 0, 0, 1e-05, 4e-05, 7e-05, 4e-05, 1e-05, 0.00014, 0.00077, 0.00163, 0.00077, 0.00014, 0.00083, 0.01012, 0.03607, 0.01012, 0.00083, 0.00184, 0.03862, 0.85748, 0.03862, 0.00184], [0, 0, 0, 0, 0, 0, 1e-05, 4e-05, 7e-05, 5e-05, 1e-05, 0.00013, 0.00077, 0.00163, 0.00083, 5e-05, 0.00077, 0.01012, 0.03606, 0.01084, 8e-05, 0.00174, 0.03863, 0.85729, 0.04087], [0, 0, 0, 0, 0, 0, 0, 1e-05, 4e-05, 8e-05, 0, 1e-05, 0.00013, 0.00077, 0.00174, 0, 4e-05, 0.00077, 0.01012, 0.03862, 0, 8e-05, 0.00174, 0.03862, 0.9072]]