[[0.76534, 0.09383, 0.01342, 0.00192, 0.00032, 0.09383, 0.0115, 0.00165, 0.00024, 4e-05, 0.01342, 0.00165, 0.00024, 3e-05, 0, 0.00192, 0.00024, 3e-05, 0, 0, 0.00032, 4e-05, 0, 0, 0], [0.1095, 0.65585, 0.09383, 0.01342, 0.00224, 0.01342, 0.08041, 0.0115, 0.00165, 0.00027, 0.00192, 0.0115, 0.00165, 0.00024, 4e-05, 0.00027, 0.00165, 0.00024, 3e-05, 0, 5e-05, 0.00027, 4e-05, 0, 0], [0.01567, 0.09383, 0.65585, 0.09383, 0.01567, 0.00192, 0.0115, 0.08041, 0.0115, 0.00192, 0.00027, 0.00165, 0.0115, 0.00165, 0.00027, 4e-05, 0.00024, 0.00165, 0.00024, 4e-05, 0, 4e-05, 0.00027, 4e-05, 0], [0.00224, 0.01342, 0.09383, 0.65585, 0.1095, 0.00027, 0.00165, 0.0115, 0.08041, 0.01342, 4e-05, 0.00024, 0.00165, 0.0115, 0.00192, 0, 3e-05, 0.00024, 0.00165, 0.00027, 0, 0, 4e-05, 0.00027, 5e-05], [0.00032, 0.00192, 0.01342, 0.09383, 0.76534, 4e-05, 0.00024, 0.00165, 0.0115, 0.09383, 0, 3e-05, 0.00024, 0.00165, 0.01342, 0, 0, 3e-05, 0.00024, 0.00192, 0, 0, 0, 4e-05, 0.00032], [0.1095, 0.01342, 0.00192, 0.00027, 5e-05, 0.65585, 0.08041, 0.0115, 0.00165, 0.00027, 0.09383, 0.0115, 0.00165, 0.00024, 4e-05, 0.01342, 0.00165, 0.00024, 3e-05, 0, 0.00224, 0.00027, 4e-05, 0, 0], [0.01567, 0.09383, 0.01342, 0.00192, 0.00032, 0.09383, 0.56202, 0.08041, 0.0115, 0.00192, 0.01342, 0.08041, 0.0115, 0.00165, 0.00027, 0.00192, 0.0115, 0.00165, 0.00024, 4e-05, 0.00032, 0.00192, 0.00027, 4e-05, 0], [0.00224, 0.01342, 0.09383, 0.01342, 0.00224, 0.01342, 0.08041, 0.56202, 0.08041, 0.01342, 0.00192, 0.0115, 0.08041, 0.0115, 0.00192, 0.00027, 0.00165, 0.0115, 0.00165, 0.00027, 5e-05, 0.00027, 0.00192, 0.00027, 5e-05], [0.00032, 0.00192, 0.01342, 0.09383, 0.01567, 0.00192, 0.0115, 0.08041, 0.56202, 0.09383, 0.00027, 0.00165, 0.0115, 0.08041, 0.01342, 4e-05, 0.00024, 0.00165, 0.0115, 0.00192, 0, 4e-05, 0.00027, 0.00192, 0.00032], [5e-05, 0.00027, 0.00192, 0.01342, 0.1095, 0.00027, 0.00165, 0.0115, 0.08041, 0.65585, 4e-05, 0.00024, 0.00165, 0.0115, 0.09383, 0, 3e-05, 0.00024, 0.00165, 0.01342, 0, 0, 4e-05, 0.00027, 0.00224], [0.01567, 0.00192, 0.00027, 4e-05, 0, 0.09383, 0.0115, 0.00165, 0.00024, 4e-05, 0.65585, 0.08041, 0.0115, 0.00165, 0.00027, 0.09383, 0.0115, 0.00165, 0.00024, 4e-05, 0.01567, 0.00192, 0.00027, 4e-05, 0], [0.00224, 0.01342, 0.00192, 0.00027, 5e-05, 0.01342, 0.08041, 0.0115, 0.00165, 0.00027, 0.09383, 0.56202, 0.08041, 0.0115, 0.00192, 0.01342, 0.08041, 0.0115, 0.00165, 0.00027, 0.00224, 0.01342, 0.00192, 0.00027, 5e-05], [0.00032, 0.00192, 0.01342, 0.00192, 0.00032, 0.00192, 0.0115, 0.08041, 0.0115, 0.00192, 0.01342, 0.08041, 0.56202, 0.08041, 0.01342, 0.00192, 0.0115, 0.08041, 0.0115, 0.00192, 0.00032, 0.00192, 0.01342, 0.00192, 0.00032], [5e-05, 0.00027, 0.00192, 0.01342, 0.00224, 0.00027, 0.00165, 0.0115, 0.08041, 0.01342, 0.00192, 0.0115, 0.08041, 0.56202, 0.09383, 0.00027, 0.00165, 0.0115, 0.08041, 0.01342, 5e-05, 0.00027, 0.00192, 0.01342, 0.00224], [0, 4e-05, 0.00027, 0.00192, 0.01567, 4e-05, 0.00024, 0.00165, 0.0115, 0.09383, 0.00027, 0.00165, 0.0115, 0.08041, 0.65585, 4e-05, 0.00024, 0.00165, 0.0115, 0.09383, 0, 4e-05, 0.00027, 0.00192, 0.01567], [0.00224, 0.00027, 4e-05, 0, 0, 0.01342, 0.00165, 0.00024, 3e-05, 0, 0.09383, 0.0115, 0.00165, 0.00024, 4e-05, 0.65585, 0.08041, 0.0115, 0.00165, 0.00027, 0.1095, 0.01342, 0.00192, 0.00027, 5e-05], [0.00032, 0.00192, 0.00027, 4e-05, 0, 0.00192, 0.0115, 0.00165, 0.00024, 4e-05, 0.01342, 0.08041, 0.0115, 0.00165, 0.00027, 0.09383, 0.56202, 0.08041, 0.0115, 0.00192, 0.01567, 0.09383, 0.01342, 0.00192, 0.00032], [5e-05, 0.00027, 0.00192, 0.00027, 5e-05, 0.00027, 0.00165, 0.0115, 0.00165, 0.00027, 0.00192, 0.0115, 0.08041, 0.0115, 0.00192, 0.01342, 0.08041, 0.56202, 0.08041, 0.01342, 0.00224, 0.01342, 0.09383, 0.01342, 0.00224], [0, 4e-05, 0.00027, 0.00192, 0.00032, 4e-05, 0.00024, 0.00165, 0.0115, 0.00192, 0.00027, 0.00165, 0.0115, 0.08041, 0.01342, 0.00192, 0.0115, 0.08041, 0.56202, 0.09383, 0.00032, 0.00192, 0.01342, 0.09383, 0.01567], [0, 0, 4e-05, 0.00027, 0.00224, 0, 3e-05, 0.00024, 0.00165, 0.01342, 4e-05, 0.00024, 0.00165, 0.0115, 0.09383, 0.00027, 0.00165, 0.0115, 0.08041, 0.65585, 5e-05, 0.00027, 0.00192, 0.01342, 0.1095], [0.00032, 4e-05, 0, 0, 0, 0.00192, 0.00024, 3e-05, 0, 0, 0.01342, 0.00165, 0.00024, 3e-05, 0, 0.09383, 0.0115, 0.00165, 0.00024, 4e-05, 0.76534, 0.09383, 0.01342, 0.00192, 0.00032], [5e-05, 0.00027, 4e-05, 0, 0, 0.00027, 0.00165, 0.00024, 3e-05, 0, 0.00192, 0.0115, 0.00165, 0.00024, 4e-05, 0.01342, 0.08041, 0.0115, 0.00165, 0.00027, 0.1095, 0.65585, 0.09383, 0.01342, 0.00224], [0, 4e-05, 0.00027, 4e-05, 0, 4e-05, 0.00024, 0.00165, 0.00024, 4e-05, 0.00027, 0.00165, 0.0115, 0.00165, 0.00027, 0.00192, 0.0115, 0.08041, 0.0115, 0.00192, 0.01567, 0.09383, 0.65585, 0.09383, 0.01567], [0, 0, 4e-05, 0.00027, 5e-05, 0, 3e-05, 0.00024, 0.00165, 0.00027, 4e-05, 0.00024, 0.00165, 0.0115, 0.00192, 0.00027, 0.00165, 0.0115, 0.08041, 0.01342, 0.00224, 0.01342, 0.09383, 0.65585, 0.1095], [0, 0, 0, 4e-05, 0.00032, 0, 0, 3e-05, 0.00024, 0.00192, 0, 3e-05, 0.00024, 0.00165, 0.01342, 4e-05, 0.00024, 0.00165, 0.0115, 0.09383, 0.00032, 0.00192, 0.01342, 0.09383, 0.76534]]