[[0.92824, 0.03079, 0.00107, 4e-05, 0, 0.03079, 0.00737, 0.00026, 0, 0, 0.00107, 0.00026, 6e-05, 0, 0, 4e-05, 0, 0, 0, 0, 0, 0, 0, 0, 0], [0.03213, 0.88965, 0.0308, 0.00107, 4e-05, 0.00775, 0.02927, 0.00737, 0.00026, 0, 0.00027, 0.00101, 0.00026, 6e-05, 0, 0, 4e-05, 0, 0, 0, 0, 0, 0, 0, 0], [0.00111, 0.03079, 0.88992, 0.03079, 0.00111, 0.00027, 0.00737, 0.02929, 0.00737, 0.00027, 7e-05, 0.00026, 0.00101, 0.00026, 7e-05, 0, 0, 4e-05, 0, 0, 0, 0, 0, 0, 0], [4e-05, 0.00107, 0.0308, 0.88965, 0.03213, 0, 0.00026, 0.00737, 0.02927, 0.00775, 0, 6e-05, 0.00026, 0.00101, 0.00027, 0, 0, 0, 4e-05, 0, 0, 0, 0, 0, 0], [0, 4e-05, 0.00107, 0.03079, 0.92824, 0, 0, 0.00026, 0.00737, 0.03079, 0, 0, 6e-05, 0.00026, 0.00107, 0, 0, 0, 0, 4e-05, 0, 0, 0, 0, 0], [0.03213, 0.00775, 0.00027, 0, 0, 0.88965, 0.02927, 0.00101, 4e-05, 0, 0.0308, 0.00737, 0.00026, 0, 0, 0.00107, 0.00026, 6e-05, 0, 0, 4e-05, 0, 0, 0, 0], [0.00809, 0.03079, 0.00776, 0.00027, 0, 0.03079, 0.84562, 0.02929, 0.00101, 4e-05, 0.00776, 0.02929, 0.00738, 0.00026, 0, 0.00027, 0.00101, 0.00026, 6e-05, 0, 0, 4e-05, 0, 0, 0], [0.00028, 0.00775, 0.0308, 0.00775, 0.00028, 0.00107, 0.02927, 0.84616, 0.02927, 0.00107, 0.00027, 0.00737, 0.0293, 0.00737, 0.00027, 7e-05, 0.00026, 0.00101, 0.00026, 7e-05, 0, 0, 4e-05, 0, 0], [0, 0.00027, 0.00776, 0.03079, 0.00809, 4e-05, 0.00101, 0.02929, 0.84562, 0.03079, 0, 0.00026, 0.00738, 0.02929, 0.00776, 0, 6e-05, 0.00026, 0.00101, 0.00027, 0, 0, 0, 4e-05, 0], [0, 0, 0.00027, 0.00775, 0.03213, 0, 4e-05, 0.00101, 0.02927, 0.88965, 0, 0, 0.00026, 0.00737, 0.0308, 0, 0, 6e-05, 0.00026, 0.00107, 0, 0, 0, 0, 4e-05], [0.00111, 0.00027, 7e-05, 0, 0, 0.03079, 0.00737, 0.00026, 0, 0, 0.88992, 0.02929, 0.00101, 4e-05, 0, 0.03079, 0.00737, 0.00026, 0, 0, 0.00111, 0.00027, 7e-05, 0, 0], [0.00028, 0.00107, 0.00027, 7e-05, 0, 0.00775, 0.02927, 0.00737, 0.00026, 0, 0.0308, 0.84616, 0.0293, 0.00101, 4e-05, 0.00775, 0.02927, 0.00737, 0.00026, 0, 0.00028, 0.00107, 0.00027, 7e-05, 0], [7e-05, 0.00027, 0.00107, 0.00027, 7e-05, 0.00027, 0.00737, 0.02929, 0.00737, 0.00027, 0.00107, 0.02929, 0.84669, 0.02929, 0.00107, 0.00027, 0.00737, 0.02929, 0.00737, 0.00027, 7e-05, 0.00027, 0.00107, 0.00027, 7e-05], [0, 7e-05, 0.00027, 0.00107, 0.00028, 0, 0.00026, 0.00737, 0.02927, 0.00775, 4e-05, 0.00101, 0.0293, 0.84616, 0.0308, 0, 0.00026, 0.00737, 0.02927, 0.00775, 0, 7e-05, 0.00027, 0.00107, 0.00028], [0, 0, 7e-05, 0.00027, 0.00111, 0, 0, 0.00026, 0.00737, 0.03079, 0, 4e-05, 0.00101, 0.02929, 0.88992, 0, 0, 0.00026, 0.00737, 0.03079, 0, 0, 7e-05, 0.00027, 0.00111], [4e-05, 0, 0, 0, 0, 0.00107, 0.00026, 6e-05, 0, 0, 0.0308, 0.00737, 0.00026, 0, 0, 0.88965, 0.02927, 0.00101, 4e-05, 0, 0.03213, 0.00775, 0.00027, 0, 0], [0, 4e-05, 0, 0, 0, 0.00027, 0.00101, 0.00026, 6e-05, 0, 0.00776, 0.02929, 0.00738, 0.00026, 0, 0.03079, 0.84562, 0.02929, 0.00101, 4e-05, 0.00809, 0.03079, 0.00776, 0.00027, 0], [0, 0, 4e-05, 0, 0, 7e-05, 0.00026, 0.00101, 0.00026, 7e-05, 0.00027, 0.00737, 0.0293, 0.00737, 0.00027, 0.00107, 0.02927, 0.84616, 0.02927, 0.00107, 0.00028, 0.00775, 0.0308, 0.00775, 0.00028], [0, 0, 0, 4e-05, 0, 0, 6e-05, 0.00026, 0.00101, 0.00027, 0, 0.00026, 0.00738, 0.02929, 0.00776, 4e-05, 0.00101, 0.02929, 0.84562, 0.03079, 0, 0.00027, 0.00776, 0.03079, 0.00809], [0, 0, 0, 0, 4e-05, 0, 0, 6e-05, 0.00026, 0.00107, 0, 0, 0.00026, 0.00737, 0.0308, 0, 4e-05, 0.00101, 0.02927, 0.88965, 0, 0, 0.00027, 0.00775, 0.03213], [0, 0, 0, 0, 0, 4e-05, 0, 0, 0, 0, 0.00107, 0.00026, 6e-05, 0, 0, 0.03079, 0.00737, 0.00026, 0, 0, 0.92824, 0.03079, 0.00107, 4e-05, 0], [0, 0, 0, 0, 0, 0, 4e-05, 0, 0, 0, 0.00027, 0.00101, 0.00026, 6e-05, 0, 0.00775, 0.02927, 0.00737, 0.00026, 0, 0.03213, 0.88965, 0.0308, 0.00107, 4e-05], [0, 0, 0, 0, 0, 0, 0, 4e-05, 0, 0, 7e-05, 0.00026, 0.00101, 0.00026, 7e-05, 0.00027, 0.00737, 0.02929, 0.00737, 0.00027, 0.00111, 0.03079, 0.88992, 0.03079, 0.00111], [0, 0, 0, 0, 0, 0, 0, 0, 4e-05, 0, 0, 6e-05, 0.00026, 0.00101, 0.00027, 0, 0.00026, 0.00737, 0.02927, 0.00775, 4e-05, 0.00107, 0.0308, 0.88965, 0.03213], [0, 0, 0, 0, 0, 0, 0, 0, 0, 4e-05, 0, 0, 6e-05, 0.00026, 0.00107, 0, 0, 0.00026, 0.00737, 0.03079, 0, 4e-05, 0.00107, 0.03079, 0.92824]]