[[0.88864, 0.05075, 0.00309, 0.00019, 1e-05, 0.05075, 0.0029, 0.00018, 1e-05, 0, 0.00309, 0.00018, 1e-05, 0, 0, 0.00019, 1e-05, 0, 0, 0, 1e-05, 0, 0, 0, 0], [0.05404, 0.8346, 0.05075, 0.00309, 0.0002, 0.00309, 0.04767, 0.0029, 0.00018, 1e-05, 0.00019, 0.0029, 0.00018, 1e-05, 0, 1e-05, 0.00018, 1e-05, 0, 0, 0, 1e-05, 0, 0, 0], [0.00329, 0.05075, 0.8346, 0.05075, 0.00329, 0.00019, 0.0029, 0.04767, 0.0029, 0.00019, 1e-05, 0.00018, 0.0029, 0.00018, 1e-05, 0, 1e-05, 0.00018, 1e-05, 0, 0, 0, 1e-05, 0, 0], [0.0002, 0.00309, 0.05075, 0.8346, 0.05404, 1e-05, 0.00018, 0.0029, 0.04767, 0.00309, 0, 1e-05, 0.00018, 0.0029, 0.00019, 0, 0, 1e-05, 0.00018, 1e-05, 0, 0, 0, 1e-05, 0], [1e-05, 0.00019, 0.00309, 0.05075, 0.88864, 0, 1e-05, 0.00018, 0.0029, 0.05075, 0, 0, 1e-05, 0.00018, 0.00309, 0, 0, 0, 1e-05, 0.00019, 0, 0, 0, 0, 1e-05], [0.05404, 0.00309, 0.00019, 1e-05, 0, 0.8346, 0.04767, 0.0029, 0.00018, 1e-05, 0.05075, 0.0029, 0.00018, 1e-05, 0, 0.00309, 0.00018, 1e-05, 0, 0, 0.0002, 1e-05, 0, 0, 0], [0.00329, 0.05075, 0.00309, 0.00019, 1e-05, 0.05075, 0.78385, 0.04767, 0.0029, 0.00019, 0.00309, 0.04767, 0.0029, 0.00018, 1e-05, 0.00019, 0.0029, 0.00018, 1e-05, 0, 1e-05, 0.00019, 1e-05, 0, 0], [0.0002, 0.00309, 0.05075, 0.00309, 0.0002, 0.00309, 0.04767, 0.78385, 0.04767, 0.00309, 0.00019, 0.0029, 0.04767, 0.0029, 0.00019, 1e-05, 0.00018, 0.0029, 0.00018, 1e-05, 0, 1e-05, 0.00019, 1e-05, 0], [1e-05, 0.00019, 0.00309, 0.05075, 0.00329, 0.00019, 0.0029, 0.04767, 0.78385, 0.05075, 1e-05, 0.00018, 0.0029, 0.04767, 0.00309, 0, 1e-05, 0.00018, 0.0029, 0.00019, 0, 0, 1e-05, 0.00019, 1e-05], [0, 1e-05, 0.00019, 0.00309, 0.05404, 1e-05, 0.00018, 0.0029, 0.04767, 0.8346, 0, 1e-05, 0.00018, 0.0029, 0.05075, 0, 0, 1e-05, 0.00018, 0.00309, 0, 0, 0, 1e-05, 0.0002], [0.00329, 0.00019, 1e-05, 0, 0, 0.05075, 0.0029, 0.00018, 1e-05, 0, 0.8346, 0.04767, 0.0029, 0.00018, 1e-05, 0.05075, 0.0029, 0.00018, 1e-05, 0, 0.00329, 0.00019, 1e-05, 0, 0], [0.0002, 0.00309, 0.00019, 1e-05, 0, 0.00309, 0.04767, 0.0029, 0.00018, 1e-05, 0.05075, 0.78385, 0.04767, 0.0029, 0.00019, 0.00309, 0.04767, 0.0029, 0.00018, 1e-05, 0.0002, 0.00309, 0.00019, 1e-05, 0], [1e-05, 0.00019, 0.00309, 0.00019, 1e-05, 0.00019, 0.0029, 0.04767, 0.0029, 0.00019, 0.00309, 0.04767, 0.78385, 0.04767, 0.00309, 0.00019, 0.0029, 0.04767, 0.0029, 0.00019, 1e-05, 0.00019, 0.00309, 0.00019, 1e-05], [0, 1e-05, 0.00019, 0.00309, 0.0002, 1e-05, 0.00018, 0.0029, 0.04767, 0.00309, 0.00019, 0.0029, 0.04767, 0.78385, 0.05075, 1e-05, 0.00018, 0.0029, 0.04767, 0.00309, 0, 1e-05, 0.00019, 0.00309, 0.0002], [0, 0, 1e-05, 0.00019, 0.00329, 0, 1e-05, 0.00018, 0.0029, 0.05075, 1e-05, 0.00018, 0.0029, 0.04767, 0.8346, 0, 1e-05, 0.00018, 0.0029, 0.05075, 0, 0, 1e-05, 0.00019, 0.00329], [0.0002, 1e-05, 0, 0, 0, 0.00309, 0.00018, 1e-05, 0, 0, 0.05075, 0.0029, 0.00018, 1e-05, 0, 0.8346, 0.04767, 0.0029, 0.00018, 1e-05, 0.05404, 0.00309, 0.00019, 1e-05, 0], [1e-05, 0.00019, 1e-05, 0, 0, 0.00019, 0.0029, 0.00018, 1e-05, 0, 0.00309, 0.04767, 0.0029, 0.00018, 1e-05, 0.05075, 0.78385, 0.04767, 0.0029, 0.00019, 0.00329, 0.05075, 0.00309, 0.00019, 1e-05], [0, 1e-05, 0.00019, 1e-05, 0, 1e-05, 0.00018, 0.0029, 0.00018, 1e-05, 0.00019, 0.0029, 0.04767, 0.0029, 0.00019, 0.00309, 0.04767, 0.78385, 0.04767, 0.00309, 0.0002, 0.00309, 0.05075, 0.00309, 0.0002], [0, 0, 1e-05, 0.00019, 1e-05, 0, 1e-05, 0.00018, 0.0029, 0.00019, 1e-05, 0.00018, 0.0029, 0.04767, 0.00309, 0.00019, 0.0029, 0.04767, 0.78385, 0.05075, 1e-05, 0.00019, 0.00309, 0.05075, 0.00329], [0, 0, 0, 1e-05, 0.0002, 0, 0, 1e-05, 0.00018, 0.00309, 0, 1e-05, 0.00018, 0.0029, 0.05075, 1e-05, 0.00018, 0.0029, 0.04767, 0.8346, 0, 1e-05, 0.00019, 0.00309, 0.05404], [1e-05, 0, 0, 0, 0, 0.00019, 1e-05, 0, 0, 0, 0.00309, 0.00018, 1e-05, 0, 0, 0.05075, 0.0029, 0.00018, 1e-05, 0, 0.88864, 0.05075, 0.00309, 0.00019, 1e-05], [0, 1e-05, 0, 0, 0, 1e-05, 0.00018, 1e-05, 0, 0, 0.00019, 0.0029, 0.00018, 1e-05, 0, 0.00309, 0.04767, 0.0029, 0.00018, 1e-05, 0.05404, 0.8346, 0.05075, 0.00309, 0.0002], [0, 0, 1e-05, 0, 0, 0, 1e-05, 0.00018, 1e-05, 0, 1e-05, 0.00018, 0.0029, 0.00018, 1e-05, 0.00019, 0.0029, 0.04767, 0.0029, 0.00019, 0.00329, 0.05075, 0.8346, 0.05075, 0.00329], [0, 0, 0, 1e-05, 0, 0, 0, 1e-05, 0.00018, 1e-05, 0, 1e-05, 0.00018, 0.0029, 0.00019, 1e-05, 0.00018, 0.0029, 0.04767, 0.00309, 0.0002, 0.00309, 0.05075, 0.8346, 0.05404], [0, 0, 0, 0, 1e-05, 0, 0, 0, 1e-05, 0.00019, 0, 0, 1e-05, 0.00018, 0.00309, 0, 1e-05, 0.00018, 0.0029, 0.05075, 1e-05, 0.00019, 0.00309, 0.05075, 0.88864]]