[[0.74511, 0.09937, 0.01575, 0.0025, 0.00047, 0.09937, 0.01325, 0.0021, 0.00033, 6e-05, 0.01575, 0.0021, 0.00033, 5e-05, 0, 0.0025, 0.00033, 5e-05, 0, 0, 0.00047, 6e-05, 0, 0, 0], [0.11809, 0.62702, 0.09937, 0.01575, 0.00297, 0.01575, 0.08362, 0.01325, 0.0021, 0.0004, 0.0025, 0.01325, 0.0021, 0.00033, 6e-05, 0.0004, 0.0021, 0.00033, 5e-05, 0, 7e-05, 0.0004, 6e-05, 0, 0], [0.01871, 0.09937, 0.62702, 0.09937, 0.01871, 0.0025, 0.01325, 0.08362, 0.01325, 0.0025, 0.0004, 0.0021, 0.01325, 0.0021, 0.0004, 6e-05, 0.00033, 0.0021, 0.00033, 6e-05, 1e-05, 6e-05, 0.0004, 6e-05, 1e-05], [0.00297, 0.01575, 0.09937, 0.62702, 0.11809, 0.0004, 0.0021, 0.01325, 0.08362, 0.01575, 6e-05, 0.00033, 0.0021, 0.01325, 0.0025, 0, 5e-05, 0.00033, 0.0021, 0.0004, 0, 0, 6e-05, 0.0004, 7e-05], [0.00047, 0.0025, 0.01575, 0.09937, 0.74511, 6e-05, 0.00033, 0.0021, 0.01325, 0.09937, 0, 5e-05, 0.00033, 0.0021, 0.01575, 0, 0, 5e-05, 0.00033, 0.0025, 0, 0, 0, 6e-05, 0.00047], [0.11809, 0.01575, 0.0025, 0.0004, 7e-05, 0.62702, 0.08362, 0.01325, 0.0021, 0.0004, 0.09937, 0.01325, 0.0021, 0.00033, 6e-05, 0.01575, 0.0021, 0.00033, 5e-05, 0, 0.00297, 0.0004, 6e-05, 0, 0], [0.01871, 0.09937, 0.01575, 0.0025, 0.00047, 0.09937, 0.52765, 0.08362, 0.01325, 0.0025, 0.01575, 0.08362, 0.01325, 0.0021, 0.0004, 0.0025, 0.01325, 0.0021, 0.00033, 6e-05, 0.00047, 0.0025, 0.0004, 6e-05, 1e-05], [0.00297, 0.01575, 0.09937, 0.01575, 0.00297, 0.01575, 0.08362, 0.52765, 0.08362, 0.01575, 0.0025, 0.01325, 0.08362, 0.01325, 0.0025, 0.0004, 0.0021, 0.01325, 0.0021, 0.0004, 7e-05, 0.0004, 0.0025, 0.0004, 7e-05], [0.00047, 0.0025, 0.01575, 0.09937, 0.01871, 0.0025, 0.01325, 0.08362, 0.52765, 0.09937, 0.0004, 0.0021, 0.01325, 0.08362, 0.01575, 6e-05, 0.00033, 0.0021, 0.01325, 0.0025, 1e-05, 6e-05, 0.0004, 0.0025, 0.00047], [7e-05, 0.0004, 0.0025, 0.01575, 0.11809, 0.0004, 0.0021, 0.01325, 0.08362, 0.62702, 6e-05, 0.00033, 0.0021, 0.01325, 0.09937, 0, 5e-05, 0.00033, 0.0021, 0.01575, 0, 0, 6e-05, 0.0004, 0.00297], [0.01871, 0.0025, 0.0004, 6e-05, 1e-05, 0.09937, 0.01325, 0.0021, 0.00033, 6e-05, 0.62702, 0.08362, 0.01325, 0.0021, 0.0004, 0.09937, 0.01325, 0.0021, 0.00033, 6e-05, 0.01871, 0.0025, 0.0004, 6e-05, 1e-05], [0.00297, 0.01575, 0.0025, 0.0004, 7e-05, 0.01575, 0.08362, 0.01325, 0.0021, 0.0004, 0.09937, 0.52765, 0.08362, 0.01325, 0.0025, 0.01575, 0.08362, 0.01325, 0.0021, 0.0004, 0.00297, 0.01575, 0.0025, 0.0004, 7e-05], [0.00047, 0.0025, 0.01575, 0.0025, 0.00047, 0.0025, 0.01325, 0.08362, 0.01325, 0.0025, 0.01575, 0.08362, 0.52765, 0.08362, 0.01575, 0.0025, 0.01325, 0.08362, 0.01325, 0.0025, 0.00047, 0.0025, 0.01575, 0.0025, 0.00047], [7e-05, 0.0004, 0.0025, 0.01575, 0.00297, 0.0004, 0.0021, 0.01325, 0.08362, 0.01575, 0.0025, 0.01325, 0.08362, 0.52765, 0.09937, 0.0004, 0.0021, 0.01325, 0.08362, 0.01575, 7e-05, 0.0004, 0.0025, 0.01575, 0.00297], [1e-05, 6e-05, 0.0004, 0.0025, 0.01871, 6e-05, 0.00033, 0.0021, 0.01325, 0.09937, 0.0004, 0.0021, 0.01325, 0.08362, 0.62702, 6e-05, 0.00033, 0.0021, 0.01325, 0.09937, 1e-05, 6e-05, 0.0004, 0.0025, 0.01871], [0.00297, 0.0004, 6e-05, 0, 0, 0.01575, 0.0021, 0.00033, 5e-05, 0, 0.09937, 0.01325, 0.0021, 0.00033, 6e-05, 0.62702, 0.08362, 0.01325, 0.0021, 0.0004, 0.11809, 0.01575, 0.0025, 0.0004, 7e-05], [0.00047, 0.0025, 0.0004, 6e-05, 1e-05, 0.0025, 0.01325, 0.0021, 0.00033, 6e-05, 0.01575, 0.08362, 0.01325, 0.0021, 0.0004, 0.09937, 0.52765, 0.08362, 0.01325, 0.0025, 0.01871, 0.09937, 0.01575, 0.0025, 0.00047], [7e-05, 0.0004, 0.0025, 0.0004, 7e-05, 0.0004, 0.0021, 0.01325, 0.0021, 0.0004, 0.0025, 0.01325, 0.08362, 0.01325, 0.0025, 0.01575, 0.08362, 0.52765, 0.08362, 0.01575, 0.00297, 0.01575, 0.09937, 0.01575, 0.00297], [1e-05, 6e-05, 0.0004, 0.0025, 0.00047, 6e-05, 0.00033, 0.0021, 0.01325, 0.0025, 0.0004, 0.0021, 0.01325, 0.08362, 0.01575, 0.0025, 0.01325, 0.08362, 0.52765, 0.09937, 0.00047, 0.0025, 0.01575, 0.09937, 0.01871], [0, 0, 6e-05, 0.0004, 0.00297, 0, 5e-05, 0.00033, 0.0021, 0.01575, 6e-05, 0.00033, 0.0021, 0.01325, 0.09937, 0.0004, 0.0021, 0.01325, 0.08362, 0.62702, 7e-05, 0.0004, 0.0025, 0.01575, 0.11809], [0.00047, 6e-05, 0, 0, 0, 0.0025, 0.00033, 5e-05, 0, 0, 0.01575, 0.0021, 0.00033, 5e-05, 0, 0.09937, 0.01325, 0.0021, 0.00033, 6e-05, 0.74511, 0.09937, 0.01575, 0.0025, 0.00047], [7e-05, 0.0004, 6e-05, 0, 0, 0.0004, 0.0021, 0.00033, 5e-05, 0, 0.0025, 0.01325, 0.0021, 0.00033, 6e-05, 0.01575, 0.08362, 0.01325, 0.0021, 0.0004, 0.11809, 0.62702, 0.09937, 0.01575, 0.00297], [1e-05, 6e-05, 0.0004, 6e-05, 1e-05, 6e-05, 0.00033, 0.0021, 0.00033, 6e-05, 0.0004, 0.0021, 0.01325, 0.0021, 0.0004, 0.0025, 0.01325, 0.08362, 0.01325, 0.0025, 0.01871, 0.09937, 0.62702, 0.09937, 0.01871], [0, 0, 6e-05, 0.0004, 7e-05, 0, 5e-05, 0.00033, 0.0021, 0.0004, 6e-05, 0.00033, 0.0021, 0.01325, 0.0025, 0.0004, 0.0021, 0.01325, 0.08362, 0.01575, 0.00297, 0.01575, 0.09937, 0.62702, 0.11809], [0, 0, 0, 6e-05, 0.00047, 0, 0, 5e-05, 0.00033, 0.0025, 0, 5e-05, 0.00033, 0.0021, 0.01575, 6e-05, 0.00033, 0.0021, 0.01325, 0.09937, 0.00047, 0.0025, 0.01575, 0.09937, 0.74511]]