[[0.85227, 0.05839, 0.00442, 0.00033, 3e-05, 0.05839, 0.0179, 0.00136, 0.0001, 0, 0.00442, 0.00136, 0.00047, 4e-05, 0, 0.00033, 0.0001, 4e-05, 1e-05, 0, 3e-05, 0, 0, 0, 0], [0.06436, 0.77315, 0.05849, 0.00441, 0.00037, 0.02025, 0.05161, 0.01797, 0.00135, 0.00012, 0.00153, 0.00391, 0.00136, 0.00047, 4e-05, 0.00012, 0.00029, 0.0001, 4e-05, 1e-05, 0, 3e-05, 0, 0, 0], [0.00486, 0.05839, 0.77449, 0.05839, 0.00486, 0.00153, 0.0179, 0.05183, 0.0179, 0.00153, 0.00053, 0.00136, 0.00393, 0.00136, 0.00053, 4e-05, 0.0001, 0.0003, 0.0001, 4e-05, 0, 0, 3e-05, 0, 0], [0.00037, 0.00441, 0.05849, 0.77315, 0.06436, 0.00012, 0.00135, 0.01797, 0.05161, 0.02025, 4e-05, 0.00047, 0.00136, 0.00391, 0.00153, 1e-05, 4e-05, 0.0001, 0.00029, 0.00012, 0, 0, 0, 3e-05, 0], [3e-05, 0.00033, 0.00442, 0.05839, 0.85227, 0, 0.0001, 0.00136, 0.0179, 0.05839, 0, 4e-05, 0.00047, 0.00136, 0.00442, 0, 1e-05, 4e-05, 0.0001, 0.00033, 0, 0, 0, 0, 3e-05], [0.06436, 0.02025, 0.00153, 0.00012, 0, 0.77315, 0.05161, 0.00391, 0.00029, 3e-05, 0.05849, 0.01797, 0.00136, 0.0001, 0, 0.00441, 0.00135, 0.00047, 4e-05, 0, 0.00037, 0.00012, 4e-05, 1e-05, 0], [0.02232, 0.05839, 0.02028, 0.00153, 0.00013, 0.05839, 0.68336, 0.05183, 0.0039, 0.00033, 0.02028, 0.05183, 0.01804, 0.00136, 0.00012, 0.00153, 0.0039, 0.00136, 0.00047, 4e-05, 0.00013, 0.00033, 0.00012, 4e-05, 2e-05], [0.00169, 0.02025, 0.05849, 0.02025, 0.00169, 0.00441, 0.05161, 0.68625, 0.05161, 0.00441, 0.00153, 0.01797, 0.05202, 0.01797, 0.00153, 0.00053, 0.00135, 0.00391, 0.00135, 0.00053, 4e-05, 0.00012, 0.00033, 0.00012, 4e-05], [0.00013, 0.00153, 0.02028, 0.05839, 0.02232, 0.00033, 0.0039, 0.05183, 0.68336, 0.05839, 0.00012, 0.00136, 0.01804, 0.05183, 0.02028, 4e-05, 0.00047, 0.00136, 0.0039, 0.00153, 2e-05, 4e-05, 0.00012, 0.00033, 0.00013], [0, 0.00012, 0.00153, 0.02025, 0.06436, 3e-05, 0.00029, 0.00391, 0.05161, 0.77315, 0, 0.0001, 0.00136, 0.01797, 0.05849, 0, 4e-05, 0.00047, 0.00135, 0.00441, 0, 1e-05, 4e-05, 0.00012, 0.00037], [0.00486, 0.00153, 0.00053, 4e-05, 0, 0.05839, 0.0179, 0.00136, 0.0001, 0, 0.77449, 0.05183, 0.00393, 0.0003, 3e-05, 0.05839, 0.0179, 0.00136, 0.0001, 0, 0.00486, 0.00153, 0.00053, 4e-05, 0], [0.00169, 0.00441, 0.00153, 0.00053, 4e-05, 0.02025, 0.05161, 0.01797, 0.00135, 0.00012, 0.05849, 0.68625, 0.05202, 0.00391, 0.00033, 0.02025, 0.05161, 0.01797, 0.00135, 0.00012, 0.00169, 0.00441, 0.00153, 0.00053, 4e-05], [0.00058, 0.00153, 0.00442, 0.00153, 0.00058, 0.00153, 0.0179, 0.05183, 0.0179, 0.00153, 0.00442, 0.05183, 0.68887, 0.05183, 0.00442, 0.00153, 0.0179, 0.05183, 0.0179, 0.00153, 0.00058, 0.00153, 0.00442, 0.00153, 0.00058], [4e-05, 0.00053, 0.00153, 0.00441, 0.00169, 0.00012, 0.00135, 0.01797, 0.05161, 0.02025, 0.00033, 0.00391, 0.05202, 0.68625, 0.05849, 0.00012, 0.00135, 0.01797, 0.05161, 0.02025, 4e-05, 0.00053, 0.00153, 0.00441, 0.00169], [0, 4e-05, 0.00053, 0.00153, 0.00486, 0, 0.0001, 0.00136, 0.0179, 0.05839, 3e-05, 0.0003, 0.00393, 0.05183, 0.77449, 0, 0.0001, 0.00136, 0.0179, 0.05839, 0, 4e-05, 0.00053, 0.00153, 0.00486], [0.00037, 0.00012, 4e-05, 1e-05, 0, 0.00441, 0.00135, 0.00047, 4e-05, 0, 0.05849, 0.01797, 0.00136, 0.0001, 0, 0.77315, 0.05161, 0.00391, 0.00029, 3e-05, 0.06436, 0.02025, 0.00153, 0.00012, 0], [0.00013, 0.00033, 0.00012, 4e-05, 2e-05, 0.00153, 0.0039, 0.00136, 0.00047, 4e-05, 0.02028, 0.05183, 0.01804, 0.00136, 0.00012, 0.05839, 0.68336, 0.05183, 0.0039, 0.00033, 0.02232, 0.05839, 0.02028, 0.00153, 0.00013], [4e-05, 0.00012, 0.00033, 0.00012, 4e-05, 0.00053, 0.00135, 0.00391, 0.00135, 0.00053, 0.00153, 0.01797, 0.05202, 0.01797, 0.00153, 0.00441, 0.05161, 0.68625, 0.05161, 0.00441, 0.00169, 0.02025, 0.05849, 0.02025, 0.00169], [2e-05, 4e-05, 0.00012, 0.00033, 0.00013, 4e-05, 0.00047, 0.00136, 0.0039, 0.00153, 0.00012, 0.00136, 0.01804, 0.05183, 0.02028, 0.00033, 0.0039, 0.05183, 0.68336, 0.05839, 0.00013, 0.00153, 0.02028, 0.05839, 0.02232], [0, 1e-05, 4e-05, 0.00012, 0.00037, 0, 4e-05, 0.00047, 0.00135, 0.00441, 0, 0.0001, 0.00136, 0.01797, 0.05849, 3e-05, 0.00029, 0.00391, 0.05161, 0.77315, 0, 0.00012, 0.00153, 0.02025, 0.06436], [3e-05, 0, 0, 0, 0, 0.00033, 0.0001, 4e-05, 1e-05, 0, 0.00442, 0.00136, 0.00047, 4e-05, 0, 0.05839, 0.0179, 0.00136, 0.0001, 0, 0.85227, 0.05839, 0.00442, 0.00033, 3e-05], [0, 3e-05, 0, 0, 0, 0.00012, 0.00029, 0.0001, 4e-05, 1e-05, 0.00153, 0.00391, 0.00136, 0.00047, 4e-05, 0.02025, 0.05161, 0.01797, 0.00135, 0.00012, 0.06436, 0.77315, 0.05849, 0.00441, 0.00037], [0, 0, 3e-05, 0, 0, 4e-05, 0.0001, 0.0003, 0.0001, 4e-05, 0.00053, 0.00136, 0.00393, 0.00136, 0.00053, 0.00153, 0.0179, 0.05183, 0.0179, 0.00153, 0.00486, 0.05839, 0.77449, 0.05839, 0.00486], [0, 0, 0, 3e-05, 0, 1e-05, 4e-05, 0.0001, 0.00029, 0.00012, 4e-05, 0.00047, 0.00136, 0.00391, 0.00153, 0.00012, 0.00135, 0.01797, 0.05161, 0.02025, 0.00037, 0.00441, 0.05849, 0.77315, 0.06436], [0, 0, 0, 0, 3e-05, 0, 1e-05, 4e-05, 0.0001, 0.00033, 0, 4e-05, 0.00047, 0.00136, 0.00442, 0, 0.0001, 0.00136, 0.0179, 0.05839, 3e-05, 0.00033, 0.00442, 0.05839, 0.85227]]