[[0.89064, 0.04501, 0.00244, 0.00013, 0, 0.04501, 0.01252, 0.00068, 4e-05, 0, 0.00244, 0.00068, 0.00021, 1e-05, 0, 0.00013, 4e-05, 1e-05, 0, 0, 0, 0, 0, 0, 0], [0.0482, 0.83182, 0.04505, 0.00244, 0.00014, 0.01361, 0.04138, 0.01254, 0.00068, 4e-05, 0.00074, 0.00224, 0.00068, 0.00021, 1e-05, 4e-05, 0.00012, 4e-05, 1e-05, 0, 0, 0, 0, 0, 0], [0.00261, 0.04501, 0.83251, 0.04501, 0.00261, 0.00074, 0.01252, 0.04146, 0.01252, 0.00074, 0.00022, 0.00068, 0.00225, 0.00068, 0.00022, 1e-05, 4e-05, 0.00012, 4e-05, 1e-05, 0, 0, 0, 0, 0], [0.00014, 0.00244, 0.04505, 0.83182, 0.0482, 4e-05, 0.00068, 0.01254, 0.04138, 0.01361, 1e-05, 0.00021, 0.00068, 0.00224, 0.00074, 0, 1e-05, 4e-05, 0.00012, 4e-05, 0, 0, 0, 0, 0], [0, 0.00013, 0.00244, 0.04501, 0.89064, 0, 4e-05, 0.00068, 0.01252, 0.04501, 0, 1e-05, 0.00021, 0.00068, 0.00244, 0, 0, 1e-05, 4e-05, 0.00013, 0, 0, 0, 0, 0], [0.0482, 0.01361, 0.00074, 4e-05, 0, 0.83182, 0.04138, 0.00224, 0.00012, 0, 0.04505, 0.01254, 0.00068, 4e-05, 0, 0.00244, 0.00068, 0.00021, 1e-05, 0, 0.00014, 4e-05, 1e-05, 0, 0], [0.01458, 0.04501, 0.01363, 0.00074, 4e-05, 0.04501, 0.7647, 0.04146, 0.00224, 0.00013, 0.01363, 0.04146, 0.01256, 0.00068, 4e-05, 0.00074, 0.00224, 0.00068, 0.0002, 1e-05, 4e-05, 0.00013, 4e-05, 1e-05, 0], [0.00079, 0.01361, 0.04505, 0.01361, 0.00079, 0.00244, 0.04138, 0.76614, 0.04138, 0.00244, 0.00074, 0.01254, 0.04153, 0.01254, 0.00074, 0.00022, 0.00068, 0.00224, 0.00068, 0.00022, 1e-05, 4e-05, 0.00013, 4e-05, 1e-05], [4e-05, 0.00074, 0.01363, 0.04501, 0.01458, 0.00013, 0.00224, 0.04146, 0.7647, 0.04501, 4e-05, 0.00068, 0.01256, 0.04146, 0.01363, 1e-05, 0.0002, 0.00068, 0.00224, 0.00074, 0, 1e-05, 4e-05, 0.00013, 4e-05], [0, 4e-05, 0.00074, 0.01361, 0.0482, 0, 0.00012, 0.00224, 0.04138, 0.83182, 0, 4e-05, 0.00068, 0.01254, 0.04505, 0, 1e-05, 0.00021, 0.00068, 0.00244, 0, 0, 1e-05, 4e-05, 0.00014], [0.00261, 0.00074, 0.00022, 1e-05, 0, 0.04501, 0.01252, 0.00068, 4e-05, 0, 0.83251, 0.04146, 0.00225, 0.00012, 0, 0.04501, 0.01252, 0.00068, 4e-05, 0, 0.00261, 0.00074, 0.00022, 1e-05, 0], [0.00079, 0.00244, 0.00074, 0.00022, 1e-05, 0.01361, 0.04138, 0.01254, 0.00068, 4e-05, 0.04505, 0.76614, 0.04153, 0.00224, 0.00013, 0.01361, 0.04138, 0.01254, 0.00068, 4e-05, 0.00079, 0.00244, 0.00074, 0.00022, 1e-05], [0.00024, 0.00074, 0.00244, 0.00074, 0.00024, 0.00074, 0.01252, 0.04146, 0.01252, 0.00074, 0.00244, 0.04146, 0.7675, 0.04146, 0.00244, 0.00074, 0.01252, 0.04146, 0.01252, 0.00074, 0.00024, 0.00074, 0.00244, 0.00074, 0.00024], [1e-05, 0.00022, 0.00074, 0.00244, 0.00079, 4e-05, 0.00068, 0.01254, 0.04138, 0.01361, 0.00013, 0.00224, 0.04153, 0.76614, 0.04505, 4e-05, 0.00068, 0.01254, 0.04138, 0.01361, 1e-05, 0.00022, 0.00074, 0.00244, 0.00079], [0, 1e-05, 0.00022, 0.00074, 0.00261, 0, 4e-05, 0.00068, 0.01252, 0.04501, 0, 0.00012, 0.00225, 0.04146, 0.83251, 0, 4e-05, 0.00068, 0.01252, 0.04501, 0, 1e-05, 0.00022, 0.00074, 0.00261], [0.00014, 4e-05, 1e-05, 0, 0, 0.00244, 0.00068, 0.00021, 1e-05, 0, 0.04505, 0.01254, 0.00068, 4e-05, 0, 0.83182, 0.04138, 0.00224, 0.00012, 0, 0.0482, 0.01361, 0.00074, 4e-05, 0], [4e-05, 0.00013, 4e-05, 1e-05, 0, 0.00074, 0.00224, 0.00068, 0.0002, 1e-05, 0.01363, 0.04146, 0.01256, 0.00068, 4e-05, 0.04501, 0.7647, 0.04146, 0.00224, 0.00013, 0.01458, 0.04501, 0.01363, 0.00074, 4e-05], [1e-05, 4e-05, 0.00013, 4e-05, 1e-05, 0.00022, 0.00068, 0.00224, 0.00068, 0.00022, 0.00074, 0.01254, 0.04153, 0.01254, 0.00074, 0.00244, 0.04138, 0.76614, 0.04138, 0.00244, 0.00079, 0.01361, 0.04505, 0.01361, 0.00079], [0, 1e-05, 4e-05, 0.00013, 4e-05, 1e-05, 0.0002, 0.00068, 0.00224, 0.00074, 4e-05, 0.00068, 0.01256, 0.04146, 0.01363, 0.00013, 0.00224, 0.04146, 0.7647, 0.04501, 4e-05, 0.00074, 0.01363, 0.04501, 0.01458], [0, 0, 1e-05, 4e-05, 0.00014, 0, 1e-05, 0.00021, 0.00068, 0.00244, 0, 4e-05, 0.00068, 0.01254, 0.04505, 0, 0.00012, 0.00224, 0.04138, 0.83182, 0, 4e-05, 0.00074, 0.01361, 0.0482], [0, 0, 0, 0, 0, 0.00013, 4e-05, 1e-05, 0, 0, 0.00244, 0.00068, 0.00021, 1e-05, 0, 0.04501, 0.01252, 0.00068, 4e-05, 0, 0.89064, 0.04501, 0.00244, 0.00013, 0], [0, 0, 0, 0, 0, 4e-05, 0.00012, 4e-05, 1e-05, 0, 0.00074, 0.00224, 0.00068, 0.00021, 1e-05, 0.01361, 0.04138, 0.01254, 0.00068, 4e-05, 0.0482, 0.83182, 0.04505, 0.00244, 0.00014], [0, 0, 0, 0, 0, 1e-05, 4e-05, 0.00012, 4e-05, 1e-05, 0.00022, 0.00068, 0.00225, 0.00068, 0.00022, 0.00074, 0.01252, 0.04146, 0.01252, 0.00074, 0.00261, 0.04501, 0.83251, 0.04501, 0.00261], [0, 0, 0, 0, 0, 0, 1e-05, 4e-05, 0.00012, 4e-05, 1e-05, 0.00021, 0.00068, 0.00224, 0.00074, 4e-05, 0.00068, 0.01254, 0.04138, 0.01361, 0.00014, 0.00244, 0.04505, 0.83182, 0.0482], [0, 0, 0, 0, 0, 0, 0, 1e-05, 4e-05, 0.00013, 0, 1e-05, 0.00021, 0.00068, 0.00244, 0, 4e-05, 0.00068, 0.01252, 0.04501, 0, 0.00013, 0.00244, 0.04501, 0.89064]]