[[0.58813, 0.12026, 0.02721, 0.0106, 0.00457, 0.12026, 0.03524, 0.01225, 0.00311, 0.00191, 0.02721, 0.01225, 0.00744, 0.00221, 0.00089, 0.0106, 0.00311, 0.00221, 0.00115, 0.00071, 0.00457, 0.00191, 0.00089, 0.00071, 0.00062], [0.17463, 0.40501, 0.09163, 0.03571, 0.0154, 0.0731, 0.05798, 0.04125, 0.01046, 0.00644, 0.01654, 0.02015, 0.01225, 0.00744, 0.00298, 0.00644, 0.00511, 0.00364, 0.00189, 0.00238, 0.00278, 0.00315, 0.00146, 0.00116, 0.00103], [0.05185, 0.12026, 0.30859, 0.12026, 0.05185, 0.0217, 0.03524, 0.13892, 0.03524, 0.0217, 0.01005, 0.01225, 0.02015, 0.01225, 0.01005, 0.00392, 0.00311, 0.00598, 0.00311, 0.00392, 0.00169, 0.00191, 0.0024, 0.00191, 0.00169], [0.0154, 0.03571, 0.09163, 0.40501, 0.17463, 0.00644, 0.01046, 0.04125, 0.05798, 0.0731, 0.00298, 0.00744, 0.01225, 0.02015, 0.01654, 0.00238, 0.00189, 0.00364, 0.00511, 0.00644, 0.00103, 0.00116, 0.00146, 0.00315, 0.00278], [0.00457, 0.0106, 0.02721, 0.12026, 0.58813, 0.00191, 0.00311, 0.01225, 0.03524, 0.12026, 0.00089, 0.00221, 0.00744, 0.01225, 0.02721, 0.00071, 0.00115, 0.00221, 0.00311, 0.0106, 0.00062, 0.00071, 0.00089, 0.00191, 0.00457], [0.17463, 0.0731, 0.01654, 0.00644, 0.00278, 0.40501, 0.05798, 0.02015, 0.00511, 0.00315, 0.09163, 0.04125, 0.01225, 0.00364, 0.00146, 0.03571, 0.01046, 0.00744, 0.00189, 0.00116, 0.0154, 0.00644, 0.00298, 0.00238, 0.00103], [0.10614, 0.12026, 0.05569, 0.0217, 0.00936, 0.12026, 0.19526, 0.06786, 0.01721, 0.0106, 0.05569, 0.06786, 0.04124, 0.01225, 0.00491, 0.0217, 0.01721, 0.01225, 0.00636, 0.00392, 0.00936, 0.0106, 0.00491, 0.00392, 0.00346], [0.03152, 0.0731, 0.09163, 0.0731, 0.03152, 0.03571, 0.05798, 0.22855, 0.05798, 0.03571, 0.01654, 0.04125, 0.06785, 0.04125, 0.01654, 0.01319, 0.01046, 0.02015, 0.01046, 0.01319, 0.00569, 0.00644, 0.00808, 0.00644, 0.00569], [0.00936, 0.0217, 0.05569, 0.12026, 0.10614, 0.0106, 0.01721, 0.06786, 0.19526, 0.12026, 0.00491, 0.01225, 0.04124, 0.06786, 0.05569, 0.00392, 0.00636, 0.01225, 0.01721, 0.0217, 0.00346, 0.00392, 0.00491, 0.0106, 0.00936], [0.00278, 0.00644, 0.01654, 0.0731, 0.17463, 0.00315, 0.00511, 0.02015, 0.05798, 0.40501, 0.00146, 0.00364, 0.01225, 0.04125, 0.09163, 0.00116, 0.00189, 0.00744, 0.01046, 0.03571, 0.00103, 0.00238, 0.00298, 0.00644, 0.0154], [0.05185, 0.0217, 0.01005, 0.00392, 0.00169, 0.12026, 0.03524, 0.01225, 0.00311, 0.00191, 0.30859, 0.13892, 0.02015, 0.00598, 0.0024, 0.12026, 0.03524, 0.01225, 0.00311, 0.00191, 0.05185, 0.0217, 0.01005, 0.00392, 0.00169], [0.03152, 0.03571, 0.01654, 0.01319, 0.00569, 0.0731, 0.05798, 0.04125, 0.01046, 0.00644, 0.09163, 0.22855, 0.06785, 0.02015, 0.00808, 0.0731, 0.05798, 0.04125, 0.01046, 0.00644, 0.03152, 0.03571, 0.01654, 0.01319, 0.00569], [0.01916, 0.0217, 0.02721, 0.0217, 0.01916, 0.0217, 0.03524, 0.06786, 0.03524, 0.0217, 0.02721, 0.06786, 0.2285, 0.06786, 0.02721, 0.0217, 0.03524, 0.06786, 0.03524, 0.0217, 0.01916, 0.0217, 0.02721, 0.0217, 0.01916], [0.00569, 0.01319, 0.01654, 0.03571, 0.03152, 0.00644, 0.01046, 0.04125, 0.05798, 0.0731, 0.00808, 0.02015, 0.06785, 0.22855, 0.09163, 0.00644, 0.01046, 0.04125, 0.05798, 0.0731, 0.00569, 0.01319, 0.01654, 0.03571, 0.03152], [0.00169, 0.00392, 0.01005, 0.0217, 0.05185, 0.00191, 0.00311, 0.01225, 0.03524, 0.12026, 0.0024, 0.00598, 0.02015, 0.13892, 0.30859, 0.00191, 0.00311, 0.01225, 0.03524, 0.12026, 0.00169, 0.00392, 0.01005, 0.0217, 0.05185], [0.0154, 0.00644, 0.00298, 0.00238, 0.00103, 0.03571, 0.01046, 0.00744, 0.00189, 0.00116, 0.09163, 0.04125, 0.01225, 0.00364, 0.00146, 0.40501, 0.05798, 0.02015, 0.00511, 0.00315, 0.17463, 0.0731, 0.01654, 0.00644, 0.00278], [0.00936, 0.0106, 0.00491, 0.00392, 0.00346, 0.0217, 0.01721, 0.01225, 0.00636, 0.00392, 0.05569, 0.06786, 0.04124, 0.01225, 0.00491, 0.12026, 0.19526, 0.06786, 0.01721, 0.0106, 0.10614, 0.12026, 0.05569, 0.0217, 0.00936], [0.00569, 0.00644, 0.00808, 0.00644, 0.00569, 0.01319, 0.01046, 0.02015, 0.01046, 0.01319, 0.01654, 0.04125, 0.06785, 0.04125, 0.01654, 0.03571, 0.05798, 0.22855, 0.05798, 0.03571, 0.03152, 0.0731, 0.09163, 0.0731, 0.03152], [0.00346, 0.00392, 0.00491, 0.0106, 0.00936, 0.00392, 0.00636, 0.01225, 0.01721, 0.0217, 0.00491, 0.01225, 0.04124, 0.06786, 0.05569, 0.0106, 0.01721, 0.06786, 0.19526, 0.12026, 0.00936, 0.0217, 0.05569, 0.12026, 0.10614], [0.00103, 0.00238, 0.00298, 0.00644, 0.0154, 0.00116, 0.00189, 0.00744, 0.01046, 0.03571, 0.00146, 0.00364, 0.01225, 0.04125, 0.09163, 0.00315, 0.00511, 0.02015, 0.05798, 0.40501, 0.00278, 0.00644, 0.01654, 0.0731, 0.17463], [0.00457, 0.00191, 0.00089, 0.00071, 0.00062, 0.0106, 0.00311, 0.00221, 0.00115, 0.00071, 0.02721, 0.01225, 0.00744, 0.00221, 0.00089, 0.12026, 0.03524, 0.01225, 0.00311, 0.00191, 0.58813, 0.12026, 0.02721, 0.0106, 0.00457], [0.00278, 0.00315, 0.00146, 0.00116, 0.00103, 0.00644, 0.00511, 0.00364, 0.00189, 0.00238, 0.01654, 0.02015, 0.01225, 0.00744, 0.00298, 0.0731, 0.05798, 0.04125, 0.01046, 0.00644, 0.17463, 0.40501, 0.09163, 0.03571, 0.0154], [0.00169, 0.00191, 0.0024, 0.00191, 0.00169, 0.00392, 0.00311, 0.00598, 0.00311, 0.00392, 0.01005, 0.01225, 0.02015, 0.01225, 0.01005, 0.0217, 0.03524, 0.13892, 0.03524, 0.0217, 0.05185, 0.12026, 0.30859, 0.12026, 0.05185], [0.00103, 0.00116, 0.00146, 0.00315, 0.00278, 0.00238, 0.00189, 0.00364, 0.00511, 0.00644, 0.00298, 0.00744, 0.01225, 0.02015, 0.01654, 0.00644, 0.01046, 0.04125, 0.05798, 0.0731, 0.0154, 0.03571, 0.09163, 0.40501, 0.17463], [0.00062, 0.00071, 0.00089, 0.00191, 0.00457, 0.00071, 0.00115, 0.00221, 0.00311, 0.0106, 0.00089, 0.00221, 0.00744, 0.01225, 0.02721, 0.00191, 0.00311, 0.01225, 0.03524, 0.12026, 0.00457, 0.0106, 0.02721, 0.12026, 0.58813]]