[[0.53445, 0.12428, 0.04572, 0.01682, 0.00979, 0.12428, 0.0289, 0.01063, 0.00391, 0.00228, 0.04572, 0.01063, 0.00391, 0.00144, 0.00084, 0.01682, 0.00391, 0.00144, 0.00053, 0.00031, 0.00979, 0.00228, 0.00084, 0.00031, 0.00018], [0.19661, 0.33783, 0.12428, 0.04572, 0.02661, 0.04572, 0.07856, 0.0289, 0.01063, 0.00619, 0.01682, 0.0289, 0.01063, 0.00391, 0.00228, 0.00619, 0.01063, 0.00391, 0.00144, 0.00084, 0.0036, 0.00619, 0.00228, 0.00084, 0.00049], [0.07233, 0.12428, 0.33783, 0.12428, 0.07233, 0.01682, 0.0289, 0.07856, 0.0289, 0.01682, 0.00619, 0.01063, 0.0289, 0.01063, 0.00619, 0.00228, 0.00391, 0.01063, 0.00391, 0.00228, 0.00132, 0.00228, 0.00619, 0.00228, 0.00132], [0.02661, 0.04572, 0.12428, 0.33783, 0.19661, 0.00619, 0.01063, 0.0289, 0.07856, 0.04572, 0.00228, 0.00391, 0.01063, 0.0289, 0.01682, 0.00084, 0.00144, 0.00391, 0.01063, 0.00619, 0.00049, 0.00084, 0.00228, 0.00619, 0.0036], [0.00979, 0.01682, 0.04572, 0.12428, 0.53445, 0.00228, 0.00391, 0.01063, 0.0289, 0.12428, 0.00084, 0.00144, 0.00391, 0.01063, 0.04572, 0.00031, 0.00053, 0.00144, 0.00391, 0.01682, 0.00018, 0.00031, 0.00084, 0.00228, 0.00979], [0.19661, 0.04572, 0.01682, 0.00619, 0.0036, 0.33783, 0.07856, 0.0289, 0.01063, 0.00619, 0.12428, 0.0289, 0.01063, 0.00391, 0.00228, 0.04572, 0.01063, 0.00391, 0.00144, 0.00084, 0.02661, 0.00619, 0.00228, 0.00084, 0.00049], [0.07233, 0.12428, 0.04572, 0.01682, 0.00979, 0.12428, 0.21355, 0.07856, 0.0289, 0.01682, 0.04572, 0.07856, 0.0289, 0.01063, 0.00619, 0.01682, 0.0289, 0.01063, 0.00391, 0.00228, 0.00979, 0.01682, 0.00619, 0.00228, 0.00132], [0.02661, 0.04572, 0.12428, 0.04572, 0.02661, 0.04572, 0.07856, 0.21355, 0.07856, 0.04572, 0.01682, 0.0289, 0.07856, 0.0289, 0.01682, 0.00619, 0.01063, 0.0289, 0.01063, 0.00619, 0.0036, 0.00619, 0.01682, 0.00619, 0.0036], [0.00979, 0.01682, 0.04572, 0.12428, 0.07233, 0.01682, 0.0289, 0.07856, 0.21355, 0.12428, 0.00619, 0.01063, 0.0289, 0.07856, 0.04572, 0.00228, 0.00391, 0.01063, 0.0289, 0.01682, 0.00132, 0.00228, 0.00619, 0.01682, 0.00979], [0.0036, 0.00619, 0.01682, 0.04572, 0.19661, 0.00619, 0.01063, 0.0289, 0.07856, 0.33783, 0.00228, 0.00391, 0.01063, 0.0289, 0.12428, 0.00084, 0.00144, 0.00391, 0.01063, 0.04572, 0.00049, 0.00084, 0.00228, 0.00619, 0.02661], [0.07233, 0.01682, 0.00619, 0.00228, 0.00132, 0.12428, 0.0289, 0.01063, 0.00391, 0.00228, 0.33783, 0.07856, 0.0289, 0.01063, 0.00619, 0.12428, 0.0289, 0.01063, 0.00391, 0.00228, 0.07233, 0.01682, 0.00619, 0.00228, 0.00132], [0.02661, 0.04572, 0.01682, 0.00619, 0.0036, 0.04572, 0.07856, 0.0289, 0.01063, 0.00619, 0.12428, 0.21355, 0.07856, 0.0289, 0.01682, 0.04572, 0.07856, 0.0289, 0.01063, 0.00619, 0.02661, 0.04572, 0.01682, 0.00619, 0.0036], [0.00979, 0.01682, 0.04572, 0.01682, 0.00979, 0.01682, 0.0289, 0.07856, 0.0289, 0.01682, 0.04572, 0.07856, 0.21355, 0.07856, 0.04572, 0.01682, 0.0289, 0.07856, 0.0289, 0.01682, 0.00979, 0.01682, 0.04572, 0.01682, 0.00979], [0.0036, 0.00619, 0.01682, 0.04572, 0.02661, 0.00619, 0.01063, 0.0289, 0.07856, 0.04572, 0.01682, 0.0289, 0.07856, 0.21355, 0.12428, 0.00619, 0.01063, 0.0289, 0.07856, 0.04572, 0.0036, 0.00619, 0.01682, 0.04572, 0.02661], [0.00132, 0.00228, 0.00619, 0.01682, 0.07233, 0.00228, 0.00391, 0.01063, 0.0289, 0.12428, 0.00619, 0.01063, 0.0289, 0.07856, 0.33783, 0.00228, 0.00391, 0.01063, 0.0289, 0.12428, 0.00132, 0.00228, 0.00619, 0.01682, 0.07233], [0.02661, 0.00619, 0.00228, 0.00084, 0.00049, 0.04572, 0.01063, 0.00391, 0.00144, 0.00084, 0.12428, 0.0289, 0.01063, 0.00391, 0.00228, 0.33783, 0.07856, 0.0289, 0.01063, 0.00619, 0.19661, 0.04572, 0.01682, 0.00619, 0.0036], [0.00979, 0.01682, 0.00619, 0.00228, 0.00132, 0.01682, 0.0289, 0.01063, 0.00391, 0.00228, 0.04572, 0.07856, 0.0289, 0.01063, 0.00619, 0.12428, 0.21355, 0.07856, 0.0289, 0.01682, 0.07233, 0.12428, 0.04572, 0.01682, 0.00979], [0.0036, 0.00619, 0.01682, 0.00619, 0.0036, 0.00619, 0.01063, 0.0289, 0.01063, 0.00619, 0.01682, 0.0289, 0.07856, 0.0289, 0.01682, 0.04572, 0.07856, 0.21355, 0.07856, 0.04572, 0.02661, 0.04572, 0.12428, 0.04572, 0.02661], [0.00132, 0.00228, 0.00619, 0.01682, 0.00979, 0.00228, 0.00391, 0.01063, 0.0289, 0.01682, 0.00619, 0.01063, 0.0289, 0.07856, 0.04572, 0.01682, 0.0289, 0.07856, 0.21355, 0.12428, 0.00979, 0.01682, 0.04572, 0.12428, 0.07233], [0.00049, 0.00084, 0.00228, 0.00619, 0.02661, 0.00084, 0.00144, 0.00391, 0.01063, 0.04572, 0.00228, 0.00391, 0.01063, 0.0289, 0.12428, 0.00619, 0.01063, 0.0289, 0.07856, 0.33783, 0.0036, 0.00619, 0.01682, 0.04572, 0.19661], [0.00979, 0.00228, 0.00084, 0.00031, 0.00018, 0.01682, 0.00391, 0.00144, 0.00053, 0.00031, 0.04572, 0.01063, 0.00391, 0.00144, 0.00084, 0.12428, 0.0289, 0.01063, 0.00391, 0.00228, 0.53445, 0.12428, 0.04572, 0.01682, 0.00979], [0.0036, 0.00619, 0.00228, 0.00084, 0.00049, 0.00619, 0.01063, 0.00391, 0.00144, 0.00084, 0.01682, 0.0289, 0.01063, 0.00391, 0.00228, 0.04572, 0.07856, 0.0289, 0.01063, 0.00619, 0.19661, 0.33783, 0.12428, 0.04572, 0.02661], [0.00132, 0.00228, 0.00619, 0.00228, 0.00132, 0.00228, 0.00391, 0.01063, 0.00391, 0.00228, 0.00619, 0.01063, 0.0289, 0.01063, 0.00619, 0.01682, 0.0289, 0.07856, 0.0289, 0.01682, 0.07233, 0.12428, 0.33783, 0.12428, 0.07233], [0.00049, 0.00084, 0.00228, 0.00619, 0.0036, 0.00084, 0.00144, 0.00391, 0.01063, 0.00619, 0.00228, 0.00391, 0.01063, 0.0289, 0.01682, 0.00619, 0.01063, 0.0289, 0.07856, 0.04572, 0.02661, 0.04572, 0.12428, 0.33783, 0.19661], [0.00018, 0.00031, 0.00084, 0.00228, 0.00979, 0.00031, 0.00053, 0.00144, 0.00391, 0.01682, 0.00084, 0.00144, 0.00391, 0.01063, 0.04572, 0.00228, 0.00391, 0.01063, 0.0289, 0.12428, 0.00979, 0.01682, 0.04572, 0.12428, 0.53445]]