[[0.83101, 0.06531, 0.00577, 0.00051, 5e-05, 0.06531, 0.02081, 0.00185, 0.00016, 2e-05, 0.00577, 0.00185, 0.00069, 6e-05, 0, 0.00051, 0.00016, 6e-05, 2e-05, 0, 5e-05, 2e-05, 0, 0, 0], [0.07326, 0.74081, 0.06547, 0.00576, 0.00057, 0.02413, 0.05633, 0.02094, 0.00183, 0.00019, 0.00213, 0.005, 0.00186, 0.00068, 7e-05, 0.00019, 0.00044, 0.00016, 6e-05, 3e-05, 2e-05, 4e-05, 2e-05, 0, 0], [0.00646, 0.06531, 0.74261, 0.06531, 0.00646, 0.00213, 0.02081, 0.05668, 0.02081, 0.00213, 0.00079, 0.00185, 0.00502, 0.00185, 0.00079, 7e-05, 0.00016, 0.00044, 0.00016, 7e-05, 0, 2e-05, 4e-05, 2e-05, 0], [0.00057, 0.00576, 0.06547, 0.74081, 0.07326, 0.00019, 0.00183, 0.02094, 0.05633, 0.02413, 7e-05, 0.00068, 0.00186, 0.005, 0.00213, 3e-05, 6e-05, 0.00016, 0.00044, 0.00019, 0, 0, 2e-05, 4e-05, 2e-05], [5e-05, 0.00051, 0.00577, 0.06531, 0.83101, 2e-05, 0.00016, 0.00185, 0.02081, 0.06531, 0, 6e-05, 0.00069, 0.00185, 0.00577, 0, 2e-05, 6e-05, 0.00016, 0.00051, 0, 0, 0, 2e-05, 5e-05], [0.07326, 0.02413, 0.00213, 0.00019, 2e-05, 0.74081, 0.05633, 0.005, 0.00044, 4e-05, 0.06547, 0.02094, 0.00186, 0.00016, 2e-05, 0.00576, 0.00183, 0.00068, 6e-05, 0, 0.00057, 0.00019, 7e-05, 3e-05, 0], [0.02707, 0.06531, 0.02419, 0.00213, 0.00021, 0.06531, 0.63898, 0.05668, 0.00497, 0.00051, 0.02419, 0.05668, 0.02105, 0.00185, 0.00019, 0.00213, 0.00497, 0.00185, 0.00068, 7e-05, 0.00021, 0.00051, 0.00019, 7e-05, 3e-05], [0.00239, 0.02413, 0.06547, 0.02413, 0.00239, 0.00576, 0.05633, 0.6429, 0.05633, 0.00576, 0.00213, 0.02094, 0.05699, 0.02094, 0.00213, 0.00079, 0.00183, 0.005, 0.00183, 0.00079, 8e-05, 0.00019, 0.00051, 0.00019, 8e-05], [0.00021, 0.00213, 0.02419, 0.06531, 0.02707, 0.00051, 0.00497, 0.05668, 0.63898, 0.06531, 0.00019, 0.00185, 0.02105, 0.05668, 0.02419, 7e-05, 0.00068, 0.00185, 0.00497, 0.00213, 3e-05, 7e-05, 0.00019, 0.00051, 0.00021], [2e-05, 0.00019, 0.00213, 0.02413, 0.07326, 4e-05, 0.00044, 0.005, 0.05633, 0.74081, 2e-05, 0.00016, 0.00186, 0.02094, 0.06547, 0, 6e-05, 0.00068, 0.00183, 0.00576, 0, 3e-05, 7e-05, 0.00019, 0.00057], [0.00646, 0.00213, 0.00079, 7e-05, 0, 0.06531, 0.02081, 0.00185, 0.00016, 2e-05, 0.74261, 0.05668, 0.00502, 0.00044, 4e-05, 0.06531, 0.02081, 0.00185, 0.00016, 2e-05, 0.00646, 0.00213, 0.00079, 7e-05, 0], [0.00239, 0.00576, 0.00213, 0.00079, 8e-05, 0.02413, 0.05633, 0.02094, 0.00183, 0.00019, 0.06547, 0.6429, 0.05699, 0.005, 0.00051, 0.02413, 0.05633, 0.02094, 0.00183, 0.00019, 0.00239, 0.00576, 0.00213, 0.00079, 8e-05], [0.00088, 0.00213, 0.00577, 0.00213, 0.00088, 0.00213, 0.02081, 0.05668, 0.02081, 0.00213, 0.00577, 0.05668, 0.64639, 0.05668, 0.00577, 0.00213, 0.02081, 0.05668, 0.02081, 0.00213, 0.00088, 0.00213, 0.00577, 0.00213, 0.00088], [8e-05, 0.00079, 0.00213, 0.00576, 0.00239, 0.00019, 0.00183, 0.02094, 0.05633, 0.02413, 0.00051, 0.005, 0.05699, 0.6429, 0.06547, 0.00019, 0.00183, 0.02094, 0.05633, 0.02413, 8e-05, 0.00079, 0.00213, 0.00576, 0.00239], [0, 7e-05, 0.00079, 0.00213, 0.00646, 2e-05, 0.00016, 0.00185, 0.02081, 0.06531, 4e-05, 0.00044, 0.00502, 0.05668, 0.74261, 2e-05, 0.00016, 0.00185, 0.02081, 0.06531, 0, 7e-05, 0.00079, 0.00213, 0.00646], [0.00057, 0.00019, 7e-05, 3e-05, 0, 0.00576, 0.00183, 0.00068, 6e-05, 0, 0.06547, 0.02094, 0.00186, 0.00016, 2e-05, 0.74081, 0.05633, 0.005, 0.00044, 4e-05, 0.07326, 0.02413, 0.00213, 0.00019, 2e-05], [0.00021, 0.00051, 0.00019, 7e-05, 3e-05, 0.00213, 0.00497, 0.00185, 0.00068, 7e-05, 0.02419, 0.05668, 0.02105, 0.00185, 0.00019, 0.06531, 0.63898, 0.05668, 0.00497, 0.00051, 0.02707, 0.06531, 0.02419, 0.00213, 0.00021], [8e-05, 0.00019, 0.00051, 0.00019, 8e-05, 0.00079, 0.00183, 0.005, 0.00183, 0.00079, 0.00213, 0.02094, 0.05699, 0.02094, 0.00213, 0.00576, 0.05633, 0.6429, 0.05633, 0.00576, 0.00239, 0.02413, 0.06547, 0.02413, 0.00239], [3e-05, 7e-05, 0.00019, 0.00051, 0.00021, 7e-05, 0.00068, 0.00185, 0.00497, 0.00213, 0.00019, 0.00185, 0.02105, 0.05668, 0.02419, 0.00051, 0.00497, 0.05668, 0.63898, 0.06531, 0.00021, 0.00213, 0.02419, 0.06531, 0.02707], [0, 3e-05, 7e-05, 0.00019, 0.00057, 0, 6e-05, 0.00068, 0.00183, 0.00576, 2e-05, 0.00016, 0.00186, 0.02094, 0.06547, 4e-05, 0.00044, 0.005, 0.05633, 0.74081, 2e-05, 0.00019, 0.00213, 0.02413, 0.07326], [5e-05, 2e-05, 0, 0, 0, 0.00051, 0.00016, 6e-05, 2e-05, 0, 0.00577, 0.00185, 0.00069, 6e-05, 0, 0.06531, 0.02081, 0.00185, 0.00016, 2e-05, 0.83101, 0.06531, 0.00577, 0.00051, 5e-05], [2e-05, 4e-05, 2e-05, 0, 0, 0.00019, 0.00044, 0.00016, 6e-05, 3e-05, 0.00213, 0.005, 0.00186, 0.00068, 7e-05, 0.02413, 0.05633, 0.02094, 0.00183, 0.00019, 0.07326, 0.74081, 0.06547, 0.00576, 0.00057], [0, 2e-05, 4e-05, 2e-05, 0, 7e-05, 0.00016, 0.00044, 0.00016, 7e-05, 0.00079, 0.00185, 0.00502, 0.00185, 0.00079, 0.00213, 0.02081, 0.05668, 0.02081, 0.00213, 0.00646, 0.06531, 0.74261, 0.06531, 0.00646], [0, 0, 2e-05, 4e-05, 2e-05, 3e-05, 6e-05, 0.00016, 0.00044, 0.00019, 7e-05, 0.00068, 0.00186, 0.005, 0.00213, 0.00019, 0.00183, 0.02094, 0.05633, 0.02413, 0.00057, 0.00576, 0.06547, 0.74081, 0.07326], [0, 0, 0, 2e-05, 5e-05, 0, 2e-05, 6e-05, 0.00016, 0.00051, 0, 6e-05, 0.00069, 0.00185, 0.00577, 2e-05, 0.00016, 0.00185, 0.02081, 0.06531, 5e-05, 0.00051, 0.00577, 0.06531, 0.83101]]