[[0.59663, 0.11421, 0.03347, 0.00938, 0.00402, 0.11421, 0.03439, 0.01119, 0.00282, 0.00161, 0.03347, 0.01119, 0.00709, 0.00192, 0.00099, 0.00938, 0.00282, 0.00192, 0.00101, 0.00058, 0.00402, 0.00161, 0.00099, 0.00058, 0.00052], [0.17094, 0.39864, 0.11682, 0.03272, 0.01403, 0.06841, 0.05741, 0.03904, 0.00985, 0.00562, 0.02005, 0.01867, 0.01184, 0.0067, 0.00344, 0.00562, 0.00471, 0.0032, 0.00169, 0.00201, 0.00241, 0.00269, 0.00165, 0.00096, 0.00086], [0.04897, 0.11421, 0.40774, 0.11421, 0.04897, 0.0196, 0.03439, 0.06518, 0.03439, 0.0196, 0.01201, 0.01119, 0.01976, 0.01119, 0.01201, 0.00336, 0.00282, 0.00535, 0.00282, 0.00336, 0.00144, 0.00161, 0.00275, 0.00161, 0.00144], [0.01403, 0.03272, 0.11682, 0.39864, 0.17094, 0.00562, 0.00985, 0.03904, 0.05741, 0.06841, 0.00344, 0.0067, 0.01184, 0.01867, 0.02005, 0.00201, 0.00169, 0.0032, 0.00471, 0.00562, 0.00086, 0.00096, 0.00165, 0.00269, 0.00241], [0.00402, 0.00938, 0.03347, 0.11421, 0.59663, 0.00161, 0.00282, 0.01119, 0.03439, 0.11421, 0.00099, 0.00192, 0.00709, 0.01119, 0.03347, 0.00058, 0.00101, 0.00192, 0.00282, 0.00938, 0.00052, 0.00058, 0.00099, 0.00161, 0.00402], [0.17094, 0.06841, 0.02005, 0.00562, 0.00241, 0.39864, 0.05741, 0.01867, 0.00471, 0.00269, 0.11682, 0.03904, 0.01184, 0.0032, 0.00165, 0.03272, 0.00985, 0.0067, 0.00169, 0.00096, 0.01403, 0.00562, 0.00344, 0.00201, 0.00086], [0.10239, 0.11421, 0.06997, 0.0196, 0.0084, 0.11421, 0.20039, 0.06518, 0.01645, 0.00938, 0.06997, 0.06518, 0.04132, 0.01119, 0.00574, 0.0196, 0.01645, 0.01119, 0.0059, 0.00336, 0.0084, 0.00938, 0.00574, 0.00336, 0.00302], [0.02934, 0.06841, 0.11682, 0.06841, 0.02934, 0.03272, 0.05741, 0.2275, 0.05741, 0.03272, 0.02005, 0.03904, 0.06897, 0.03904, 0.02005, 0.01174, 0.00985, 0.01867, 0.00985, 0.01174, 0.00503, 0.00562, 0.00959, 0.00562, 0.00503], [0.0084, 0.0196, 0.06997, 0.11421, 0.10239, 0.00938, 0.01645, 0.06518, 0.20039, 0.11421, 0.00574, 0.01119, 0.04132, 0.06518, 0.06997, 0.00336, 0.0059, 0.01119, 0.01645, 0.0196, 0.00302, 0.00336, 0.00574, 0.00938, 0.0084], [0.00241, 0.00562, 0.02005, 0.06841, 0.17094, 0.00269, 0.00471, 0.01867, 0.05741, 0.39864, 0.00165, 0.0032, 0.01184, 0.03904, 0.11682, 0.00096, 0.00169, 0.0067, 0.00985, 0.03272, 0.00086, 0.00201, 0.00344, 0.00562, 0.01403], [0.04897, 0.0196, 0.01201, 0.00336, 0.00144, 0.11421, 0.03439, 0.01119, 0.00282, 0.00161, 0.40774, 0.06518, 0.01976, 0.00535, 0.00275, 0.11421, 0.03439, 0.01119, 0.00282, 0.00161, 0.04897, 0.0196, 0.01201, 0.00336, 0.00144], [0.02934, 0.03272, 0.02005, 0.01174, 0.00503, 0.06841, 0.05741, 0.03904, 0.00985, 0.00562, 0.11682, 0.2275, 0.06897, 0.01867, 0.00959, 0.06841, 0.05741, 0.03904, 0.00985, 0.00562, 0.02934, 0.03272, 0.02005, 0.01174, 0.00503], [0.01757, 0.0196, 0.03347, 0.0196, 0.01757, 0.0196, 0.03439, 0.06518, 0.03439, 0.0196, 0.03347, 0.06518, 0.24075, 0.06518, 0.03347, 0.0196, 0.03439, 0.06518, 0.03439, 0.0196, 0.01757, 0.0196, 0.03347, 0.0196, 0.01757], [0.00503, 0.01174, 0.02005, 0.03272, 0.02934, 0.00562, 0.00985, 0.03904, 0.05741, 0.06841, 0.00959, 0.01867, 0.06897, 0.2275, 0.11682, 0.00562, 0.00985, 0.03904, 0.05741, 0.06841, 0.00503, 0.01174, 0.02005, 0.03272, 0.02934], [0.00144, 0.00336, 0.01201, 0.0196, 0.04897, 0.00161, 0.00282, 0.01119, 0.03439, 0.11421, 0.00275, 0.00535, 0.01976, 0.06518, 0.40774, 0.00161, 0.00282, 0.01119, 0.03439, 0.11421, 0.00144, 0.00336, 0.01201, 0.0196, 0.04897], [0.01403, 0.00562, 0.00344, 0.00201, 0.00086, 0.03272, 0.00985, 0.0067, 0.00169, 0.00096, 0.11682, 0.03904, 0.01184, 0.0032, 0.00165, 0.39864, 0.05741, 0.01867, 0.00471, 0.00269, 0.17094, 0.06841, 0.02005, 0.00562, 0.00241], [0.0084, 0.00938, 0.00574, 0.00336, 0.00302, 0.0196, 0.01645, 0.01119, 0.0059, 0.00336, 0.06997, 0.06518, 0.04132, 0.01119, 0.00574, 0.11421, 0.20039, 0.06518, 0.01645, 0.00938, 0.10239, 0.11421, 0.06997, 0.0196, 0.0084], [0.00503, 0.00562, 0.00959, 0.00562, 0.00503, 0.01174, 0.00985, 0.01867, 0.00985, 0.01174, 0.02005, 0.03904, 0.06897, 0.03904, 0.02005, 0.03272, 0.05741, 0.2275, 0.05741, 0.03272, 0.02934, 0.06841, 0.11682, 0.06841, 0.02934], [0.00302, 0.00336, 0.00574, 0.00938, 0.0084, 0.00336, 0.0059, 0.01119, 0.01645, 0.0196, 0.00574, 0.01119, 0.04132, 0.06518, 0.06997, 0.00938, 0.01645, 0.06518, 0.20039, 0.11421, 0.0084, 0.0196, 0.06997, 0.11421, 0.10239], [0.00086, 0.00201, 0.00344, 0.00562, 0.01403, 0.00096, 0.00169, 0.0067, 0.00985, 0.03272, 0.00165, 0.0032, 0.01184, 0.03904, 0.11682, 0.00269, 0.00471, 0.01867, 0.05741, 0.39864, 0.00241, 0.00562, 0.02005, 0.06841, 0.17094], [0.00402, 0.00161, 0.00099, 0.00058, 0.00052, 0.00938, 0.00282, 0.00192, 0.00101, 0.00058, 0.03347, 0.01119, 0.00709, 0.00192, 0.00099, 0.11421, 0.03439, 0.01119, 0.00282, 0.00161, 0.59663, 0.11421, 0.03347, 0.00938, 0.00402], [0.00241, 0.00269, 0.00165, 0.00096, 0.00086, 0.00562, 0.00471, 0.0032, 0.00169, 0.00201, 0.02005, 0.01867, 0.01184, 0.0067, 0.00344, 0.06841, 0.05741, 0.03904, 0.00985, 0.00562, 0.17094, 0.39864, 0.11682, 0.03272, 0.01403], [0.00144, 0.00161, 0.00275, 0.00161, 0.00144, 0.00336, 0.00282, 0.00535, 0.00282, 0.00336, 0.01201, 0.01119, 0.01976, 0.01119, 0.01201, 0.0196, 0.03439, 0.06518, 0.03439, 0.0196, 0.04897, 0.11421, 0.40774, 0.11421, 0.04897], [0.00086, 0.00096, 0.00165, 0.00269, 0.00241, 0.00201, 0.00169, 0.0032, 0.00471, 0.00562, 0.00344, 0.0067, 0.01184, 0.01867, 0.02005, 0.00562, 0.00985, 0.03904, 0.05741, 0.06841, 0.01403, 0.03272, 0.11682, 0.39864, 0.17094], [0.00052, 0.00058, 0.00099, 0.00161, 0.00402, 0.00058, 0.00101, 0.00192, 0.00282, 0.00938, 0.00099, 0.00192, 0.00709, 0.01119, 0.03347, 0.00161, 0.00282, 0.01119, 0.03439, 0.11421, 0.00402, 0.00938, 0.03347, 0.11421, 0.59663]]