[[0.7758, 0.09078, 0.01229, 0.00166, 0.00026, 0.09078, 0.01062, 0.00144, 0.00019, 3e-05, 0.01229, 0.00144, 0.00019, 3e-05, 0, 0.00166, 0.00019, 3e-05, 0, 0, 0.00026, 3e-05, 0, 0, 0], [0.10499, 0.67081, 0.09078, 0.01229, 0.00192, 0.01229, 0.0785, 0.01062, 0.00144, 0.00023, 0.00166, 0.01062, 0.00144, 0.00019, 3e-05, 0.00023, 0.00144, 0.00019, 3e-05, 0, 4e-05, 0.00023, 3e-05, 0, 0], [0.01421, 0.09078, 0.67081, 0.09078, 0.01421, 0.00166, 0.01062, 0.0785, 0.01062, 0.00166, 0.00023, 0.00144, 0.01062, 0.00144, 0.00023, 3e-05, 0.00019, 0.00144, 0.00019, 3e-05, 0, 3e-05, 0.00023, 3e-05, 0], [0.00192, 0.01229, 0.09078, 0.67081, 0.10499, 0.00023, 0.00144, 0.01062, 0.0785, 0.01229, 3e-05, 0.00019, 0.00144, 0.01062, 0.00166, 0, 3e-05, 0.00019, 0.00144, 0.00023, 0, 0, 3e-05, 0.00023, 4e-05], [0.00026, 0.00166, 0.01229, 0.09078, 0.7758, 3e-05, 0.00019, 0.00144, 0.01062, 0.09078, 0, 3e-05, 0.00019, 0.00144, 0.01229, 0, 0, 3e-05, 0.00019, 0.00166, 0, 0, 0, 3e-05, 0.00026], [0.10499, 0.01229, 0.00166, 0.00023, 4e-05, 0.67081, 0.0785, 0.01062, 0.00144, 0.00023, 0.09078, 0.01062, 0.00144, 0.00019, 3e-05, 0.01229, 0.00144, 0.00019, 3e-05, 0, 0.00192, 0.00023, 3e-05, 0, 0], [0.01421, 0.09078, 0.01229, 0.00166, 0.00026, 0.09078, 0.58003, 0.0785, 0.01062, 0.00166, 0.01229, 0.0785, 0.01062, 0.00144, 0.00023, 0.00166, 0.01062, 0.00144, 0.00019, 3e-05, 0.00026, 0.00166, 0.00023, 3e-05, 0], [0.00192, 0.01229, 0.09078, 0.01229, 0.00192, 0.01229, 0.0785, 0.58003, 0.0785, 0.01229, 0.00166, 0.01062, 0.0785, 0.01062, 0.00166, 0.00023, 0.00144, 0.01062, 0.00144, 0.00023, 4e-05, 0.00023, 0.00166, 0.00023, 4e-05], [0.00026, 0.00166, 0.01229, 0.09078, 0.01421, 0.00166, 0.01062, 0.0785, 0.58003, 0.09078, 0.00023, 0.00144, 0.01062, 0.0785, 0.01229, 3e-05, 0.00019, 0.00144, 0.01062, 0.00166, 0, 3e-05, 0.00023, 0.00166, 0.00026], [4e-05, 0.00023, 0.00166, 0.01229, 0.10499, 0.00023, 0.00144, 0.01062, 0.0785, 0.67081, 3e-05, 0.00019, 0.00144, 0.01062, 0.09078, 0, 3e-05, 0.00019, 0.00144, 0.01229, 0, 0, 3e-05, 0.00023, 0.00192], [0.01421, 0.00166, 0.00023, 3e-05, 0, 0.09078, 0.01062, 0.00144, 0.00019, 3e-05, 0.67081, 0.0785, 0.01062, 0.00144, 0.00023, 0.09078, 0.01062, 0.00144, 0.00019, 3e-05, 0.01421, 0.00166, 0.00023, 3e-05, 0], [0.00192, 0.01229, 0.00166, 0.00023, 4e-05, 0.01229, 0.0785, 0.01062, 0.00144, 0.00023, 0.09078, 0.58003, 0.0785, 0.01062, 0.00166, 0.01229, 0.0785, 0.01062, 0.00144, 0.00023, 0.00192, 0.01229, 0.00166, 0.00023, 4e-05], [0.00026, 0.00166, 0.01229, 0.00166, 0.00026, 0.00166, 0.01062, 0.0785, 0.01062, 0.00166, 0.01229, 0.0785, 0.58003, 0.0785, 0.01229, 0.00166, 0.01062, 0.0785, 0.01062, 0.00166, 0.00026, 0.00166, 0.01229, 0.00166, 0.00026], [4e-05, 0.00023, 0.00166, 0.01229, 0.00192, 0.00023, 0.00144, 0.01062, 0.0785, 0.01229, 0.00166, 0.01062, 0.0785, 0.58003, 0.09078, 0.00023, 0.00144, 0.01062, 0.0785, 0.01229, 4e-05, 0.00023, 0.00166, 0.01229, 0.00192], [0, 3e-05, 0.00023, 0.00166, 0.01421, 3e-05, 0.00019, 0.00144, 0.01062, 0.09078, 0.00023, 0.00144, 0.01062, 0.0785, 0.67081, 3e-05, 0.00019, 0.00144, 0.01062, 0.09078, 0, 3e-05, 0.00023, 0.00166, 0.01421], [0.00192, 0.00023, 3e-05, 0, 0, 0.01229, 0.00144, 0.00019, 3e-05, 0, 0.09078, 0.01062, 0.00144, 0.00019, 3e-05, 0.67081, 0.0785, 0.01062, 0.00144, 0.00023, 0.10499, 0.01229, 0.00166, 0.00023, 4e-05], [0.00026, 0.00166, 0.00023, 3e-05, 0, 0.00166, 0.01062, 0.00144, 0.00019, 3e-05, 0.01229, 0.0785, 0.01062, 0.00144, 0.00023, 0.09078, 0.58003, 0.0785, 0.01062, 0.00166, 0.01421, 0.09078, 0.01229, 0.00166, 0.00026], [4e-05, 0.00023, 0.00166, 0.00023, 4e-05, 0.00023, 0.00144, 0.01062, 0.00144, 0.00023, 0.00166, 0.01062, 0.0785, 0.01062, 0.00166, 0.01229, 0.0785, 0.58003, 0.0785, 0.01229, 0.00192, 0.01229, 0.09078, 0.01229, 0.00192], [0, 3e-05, 0.00023, 0.00166, 0.00026, 3e-05, 0.00019, 0.00144, 0.01062, 0.00166, 0.00023, 0.00144, 0.01062, 0.0785, 0.01229, 0.00166, 0.01062, 0.0785, 0.58003, 0.09078, 0.00026, 0.00166, 0.01229, 0.09078, 0.01421], [0, 0, 3e-05, 0.00023, 0.00192, 0, 3e-05, 0.00019, 0.00144, 0.01229, 3e-05, 0.00019, 0.00144, 0.01062, 0.09078, 0.00023, 0.00144, 0.01062, 0.0785, 0.67081, 4e-05, 0.00023, 0.00166, 0.01229, 0.10499], [0.00026, 3e-05, 0, 0, 0, 0.00166, 0.00019, 3e-05, 0, 0, 0.01229, 0.00144, 0.00019, 3e-05, 0, 0.09078, 0.01062, 0.00144, 0.00019, 3e-05, 0.7758, 0.09078, 0.01229, 0.00166, 0.00026], [4e-05, 0.00023, 3e-05, 0, 0, 0.00023, 0.00144, 0.00019, 3e-05, 0, 0.00166, 0.01062, 0.00144, 0.00019, 3e-05, 0.01229, 0.0785, 0.01062, 0.00144, 0.00023, 0.10499, 0.67081, 0.09078, 0.01229, 0.00192], [0, 3e-05, 0.00023, 3e-05, 0, 3e-05, 0.00019, 0.00144, 0.00019, 3e-05, 0.00023, 0.00144, 0.01062, 0.00144, 0.00023, 0.00166, 0.01062, 0.0785, 0.01062, 0.00166, 0.01421, 0.09078, 0.67081, 0.09078, 0.01421], [0, 0, 3e-05, 0.00023, 4e-05, 0, 3e-05, 0.00019, 0.00144, 0.00023, 3e-05, 0.00019, 0.00144, 0.01062, 0.00166, 0.00023, 0.00144, 0.01062, 0.0785, 0.01229, 0.00192, 0.01229, 0.09078, 0.67081, 0.10499], [0, 0, 0, 3e-05, 0.00026, 0, 0, 3e-05, 0.00019, 0.00166, 0, 3e-05, 0.00019, 0.00144, 0.01229, 3e-05, 0.00019, 0.00144, 0.01062, 0.09078, 0.00026, 0.00166, 0.01229, 0.09078, 0.7758]]