[[0.68152, 0.10312, 0.02076, 0.00408, 0.00106, 0.10312, 0.03548, 0.00739, 0.0014, 0.00042, 0.02076, 0.00739, 0.00393, 0.00076, 0.00022, 0.00408, 0.0014, 0.00076, 0.00037, 0.00011, 0.00106, 0.00042, 0.00022, 0.00011, 8e-05], [0.1355, 0.5187, 0.1044, 0.0205, 0.00536, 0.05318, 0.06881, 0.03715, 0.00705, 0.0021, 0.0107, 0.01432, 0.00762, 0.00381, 0.0011, 0.0021, 0.00272, 0.00147, 0.00072, 0.00056, 0.00055, 0.00081, 0.00042, 0.00022, 0.00015], [0.02694, 0.10312, 0.52511, 0.10312, 0.02694, 0.01057, 0.03548, 0.07204, 0.03548, 0.01057, 0.00552, 0.00739, 0.01477, 0.00739, 0.00552, 0.00108, 0.0014, 0.00285, 0.0014, 0.00108, 0.00028, 0.00042, 0.00082, 0.00042, 0.00028], [0.00536, 0.0205, 0.1044, 0.5187, 0.1355, 0.0021, 0.00705, 0.03715, 0.06881, 0.05318, 0.0011, 0.00381, 0.00762, 0.01432, 0.0107, 0.00056, 0.00072, 0.00147, 0.00272, 0.0021, 0.00015, 0.00022, 0.00042, 0.00081, 0.00055], [0.00106, 0.00408, 0.02076, 0.10312, 0.68152, 0.00042, 0.0014, 0.00739, 0.03548, 0.10312, 0.00022, 0.00076, 0.00393, 0.00739, 0.02076, 0.00011, 0.00037, 0.00076, 0.0014, 0.00408, 8e-05, 0.00011, 0.00022, 0.00042, 0.00106], [0.1355, 0.05318, 0.0107, 0.0021, 0.00055, 0.5187, 0.06881, 0.01432, 0.00272, 0.00081, 0.1044, 0.03715, 0.00762, 0.00147, 0.00042, 0.0205, 0.00705, 0.00381, 0.00072, 0.00022, 0.00536, 0.0021, 0.0011, 0.00056, 0.00015], [0.06987, 0.10312, 0.05383, 0.01057, 0.00276, 0.10312, 0.34608, 0.07204, 0.01368, 0.00408, 0.05383, 0.07204, 0.03831, 0.00739, 0.00213, 0.01057, 0.01368, 0.00739, 0.00364, 0.00108, 0.00276, 0.00408, 0.00213, 0.00108, 0.00073], [0.01389, 0.05318, 0.1044, 0.05318, 0.01389, 0.0205, 0.06881, 0.36234, 0.06881, 0.0205, 0.0107, 0.03715, 0.07429, 0.03715, 0.0107, 0.00545, 0.00705, 0.01432, 0.00705, 0.00545, 0.00142, 0.0021, 0.00413, 0.0021, 0.00142], [0.00276, 0.01057, 0.05383, 0.10312, 0.06987, 0.00408, 0.01368, 0.07204, 0.34608, 0.10312, 0.00213, 0.00739, 0.03831, 0.07204, 0.05383, 0.00108, 0.00364, 0.00739, 0.01368, 0.01057, 0.00073, 0.00108, 0.00213, 0.00408, 0.00276], [0.00055, 0.0021, 0.0107, 0.05318, 0.1355, 0.00081, 0.00272, 0.01432, 0.06881, 0.5187, 0.00042, 0.00147, 0.00762, 0.03715, 0.1044, 0.00022, 0.00072, 0.00381, 0.00705, 0.0205, 0.00015, 0.00056, 0.0011, 0.0021, 0.00536], [0.02694, 0.01057, 0.00552, 0.00108, 0.00028, 0.10312, 0.03548, 0.00739, 0.0014, 0.00042, 0.52511, 0.07204, 0.01477, 0.00285, 0.00082, 0.10312, 0.03548, 0.00739, 0.0014, 0.00042, 0.02694, 0.01057, 0.00552, 0.00108, 0.00028], [0.01389, 0.0205, 0.0107, 0.00545, 0.00142, 0.05318, 0.06881, 0.03715, 0.00705, 0.0021, 0.1044, 0.36234, 0.07429, 0.01432, 0.00413, 0.05318, 0.06881, 0.03715, 0.00705, 0.0021, 0.01389, 0.0205, 0.0107, 0.00545, 0.00142], [0.00716, 0.01057, 0.02076, 0.01057, 0.00716, 0.01057, 0.03548, 0.07204, 0.03548, 0.01057, 0.02076, 0.07204, 0.37367, 0.07204, 0.02076, 0.01057, 0.03548, 0.07204, 0.03548, 0.01057, 0.00716, 0.01057, 0.02076, 0.01057, 0.00716], [0.00142, 0.00545, 0.0107, 0.0205, 0.01389, 0.0021, 0.00705, 0.03715, 0.06881, 0.05318, 0.00413, 0.01432, 0.07429, 0.36234, 0.1044, 0.0021, 0.00705, 0.03715, 0.06881, 0.05318, 0.00142, 0.00545, 0.0107, 0.0205, 0.01389], [0.00028, 0.00108, 0.00552, 0.01057, 0.02694, 0.00042, 0.0014, 0.00739, 0.03548, 0.10312, 0.00082, 0.00285, 0.01477, 0.07204, 0.52511, 0.00042, 0.0014, 0.00739, 0.03548, 0.10312, 0.00028, 0.00108, 0.00552, 0.01057, 0.02694], [0.00536, 0.0021, 0.0011, 0.00056, 0.00015, 0.0205, 0.00705, 0.00381, 0.00072, 0.00022, 0.1044, 0.03715, 0.00762, 0.00147, 0.00042, 0.5187, 0.06881, 0.01432, 0.00272, 0.00081, 0.1355, 0.05318, 0.0107, 0.0021, 0.00055], [0.00276, 0.00408, 0.00213, 0.00108, 0.00073, 0.01057, 0.01368, 0.00739, 0.00364, 0.00108, 0.05383, 0.07204, 0.03831, 0.00739, 0.00213, 0.10312, 0.34608, 0.07204, 0.01368, 0.00408, 0.06987, 0.10312, 0.05383, 0.01057, 0.00276], [0.00142, 0.0021, 0.00413, 0.0021, 0.00142, 0.00545, 0.00705, 0.01432, 0.00705, 0.00545, 0.0107, 0.03715, 0.07429, 0.03715, 0.0107, 0.0205, 0.06881, 0.36234, 0.06881, 0.0205, 0.01389, 0.05318, 0.1044, 0.05318, 0.01389], [0.00073, 0.00108, 0.00213, 0.00408, 0.00276, 0.00108, 0.00364, 0.00739, 0.01368, 0.01057, 0.00213, 0.00739, 0.03831, 0.07204, 0.05383, 0.00408, 0.01368, 0.07204, 0.34608, 0.10312, 0.00276, 0.01057, 0.05383, 0.10312, 0.06987], [0.00015, 0.00056, 0.0011, 0.0021, 0.00536, 0.00022, 0.00072, 0.00381, 0.00705, 0.0205, 0.00042, 0.00147, 0.00762, 0.03715, 0.1044, 0.00081, 0.00272, 0.01432, 0.06881, 0.5187, 0.00055, 0.0021, 0.0107, 0.05318, 0.1355], [0.00106, 0.00042, 0.00022, 0.00011, 8e-05, 0.00408, 0.0014, 0.00076, 0.00037, 0.00011, 0.02076, 0.00739, 0.00393, 0.00076, 0.00022, 0.10312, 0.03548, 0.00739, 0.0014, 0.00042, 0.68152, 0.10312, 0.02076, 0.00408, 0.00106], [0.00055, 0.00081, 0.00042, 0.00022, 0.00015, 0.0021, 0.00272, 0.00147, 0.00072, 0.00056, 0.0107, 0.01432, 0.00762, 0.00381, 0.0011, 0.05318, 0.06881, 0.03715, 0.00705, 0.0021, 0.1355, 0.5187, 0.1044, 0.0205, 0.00536], [0.00028, 0.00042, 0.00082, 0.00042, 0.00028, 0.00108, 0.0014, 0.00285, 0.0014, 0.00108, 0.00552, 0.00739, 0.01477, 0.00739, 0.00552, 0.01057, 0.03548, 0.07204, 0.03548, 0.01057, 0.02694, 0.10312, 0.52511, 0.10312, 0.02694], [0.00015, 0.00022, 0.00042, 0.00081, 0.00055, 0.00056, 0.00072, 0.00147, 0.00272, 0.0021, 0.0011, 0.00381, 0.00762, 0.01432, 0.0107, 0.0021, 0.00705, 0.03715, 0.06881, 0.05318, 0.00536, 0.0205, 0.1044, 0.5187, 0.1355], [8e-05, 0.00011, 0.00022, 0.00042, 0.00106, 0.00011, 0.00037, 0.00076, 0.0014, 0.00408, 0.00022, 0.00076, 0.00393, 0.00739, 0.02076, 0.00042, 0.0014, 0.00739, 0.03548, 0.10312, 0.00106, 0.00408, 0.02076, 0.10312, 0.68152]]