[[0.78973, 0.07773, 0.00894, 0.00102, 0.00014, 0.07773, 0.02613, 0.00303, 0.00034, 5e-05, 0.00894, 0.00303, 0.00126, 0.00014, 2e-05, 0.00102, 0.00034, 0.00014, 6e-05, 0, 0.00014, 5e-05, 2e-05, 0, 0], [0.09047, 0.67847, 0.07805, 0.0089, 0.00119, 0.03197, 0.06352, 0.02643, 0.00299, 0.00042, 0.00368, 0.00736, 0.00306, 0.00125, 0.00017, 0.00042, 0.00083, 0.00035, 0.00014, 7e-05, 6e-05, 0.00012, 5e-05, 2e-05, 0], [0.01036, 0.07773, 0.68134, 0.07773, 0.01036, 0.00366, 0.02613, 0.06426, 0.02613, 0.00366, 0.00151, 0.00303, 0.00743, 0.00303, 0.00151, 0.00017, 0.00034, 0.00084, 0.00034, 0.00017, 2e-05, 5e-05, 0.00012, 5e-05, 2e-05], [0.00119, 0.0089, 0.07805, 0.67847, 0.09047, 0.00042, 0.00299, 0.02643, 0.06352, 0.03197, 0.00017, 0.00125, 0.00306, 0.00736, 0.00368, 7e-05, 0.00014, 0.00035, 0.00083, 0.00042, 0, 2e-05, 5e-05, 0.00012, 6e-05], [0.00014, 0.00102, 0.00894, 0.07773, 0.78973, 5e-05, 0.00034, 0.00303, 0.02613, 0.07773, 2e-05, 0.00014, 0.00126, 0.00303, 0.00894, 0, 6e-05, 0.00014, 0.00034, 0.00102, 0, 0, 2e-05, 5e-05, 0.00014], [0.09047, 0.03197, 0.00368, 0.00042, 6e-05, 0.67847, 0.06352, 0.00736, 0.00083, 0.00012, 0.07805, 0.02643, 0.00306, 0.00035, 5e-05, 0.0089, 0.00299, 0.00125, 0.00014, 2e-05, 0.00119, 0.00042, 0.00017, 7e-05, 0], [0.03721, 0.07773, 0.03211, 0.00366, 0.00049, 0.07773, 0.55447, 0.06426, 0.00728, 0.00102, 0.03211, 0.06426, 0.02669, 0.00303, 0.00042, 0.00366, 0.00728, 0.00303, 0.00123, 0.00017, 0.00049, 0.00102, 0.00042, 0.00017, 8e-05], [0.00426, 0.03197, 0.07805, 0.03197, 0.00426, 0.0089, 0.06352, 0.5609, 0.06352, 0.0089, 0.00368, 0.02643, 0.06488, 0.02643, 0.00368, 0.00151, 0.00299, 0.00736, 0.00299, 0.00151, 0.0002, 0.00042, 0.00102, 0.00042, 0.0002], [0.00049, 0.00366, 0.03211, 0.07773, 0.03721, 0.00102, 0.00728, 0.06426, 0.55447, 0.07773, 0.00042, 0.00303, 0.02669, 0.06426, 0.03211, 0.00017, 0.00123, 0.00303, 0.00728, 0.00366, 8e-05, 0.00017, 0.00042, 0.00102, 0.00049], [6e-05, 0.00042, 0.00368, 0.03197, 0.09047, 0.00012, 0.00083, 0.00736, 0.06352, 0.67847, 5e-05, 0.00035, 0.00306, 0.02643, 0.07805, 2e-05, 0.00014, 0.00125, 0.00299, 0.0089, 0, 7e-05, 0.00017, 0.00042, 0.00119], [0.01036, 0.00366, 0.00151, 0.00017, 2e-05, 0.07773, 0.02613, 0.00303, 0.00034, 5e-05, 0.68134, 0.06426, 0.00743, 0.00084, 0.00012, 0.07773, 0.02613, 0.00303, 0.00034, 5e-05, 0.01036, 0.00366, 0.00151, 0.00017, 2e-05], [0.00426, 0.0089, 0.00368, 0.00151, 0.0002, 0.03197, 0.06352, 0.02643, 0.00299, 0.00042, 0.07805, 0.5609, 0.06488, 0.00736, 0.00102, 0.03197, 0.06352, 0.02643, 0.00299, 0.00042, 0.00426, 0.0089, 0.00368, 0.00151, 0.0002], [0.00175, 0.00366, 0.00894, 0.00366, 0.00175, 0.00366, 0.02613, 0.06426, 0.02613, 0.00366, 0.00894, 0.06426, 0.56638, 0.06426, 0.00894, 0.00366, 0.02613, 0.06426, 0.02613, 0.00366, 0.00175, 0.00366, 0.00894, 0.00366, 0.00175], [0.0002, 0.00151, 0.00368, 0.0089, 0.00426, 0.00042, 0.00299, 0.02643, 0.06352, 0.03197, 0.00102, 0.00736, 0.06488, 0.5609, 0.07805, 0.00042, 0.00299, 0.02643, 0.06352, 0.03197, 0.0002, 0.00151, 0.00368, 0.0089, 0.00426], [2e-05, 0.00017, 0.00151, 0.00366, 0.01036, 5e-05, 0.00034, 0.00303, 0.02613, 0.07773, 0.00012, 0.00084, 0.00743, 0.06426, 0.68134, 5e-05, 0.00034, 0.00303, 0.02613, 0.07773, 2e-05, 0.00017, 0.00151, 0.00366, 0.01036], [0.00119, 0.00042, 0.00017, 7e-05, 0, 0.0089, 0.00299, 0.00125, 0.00014, 2e-05, 0.07805, 0.02643, 0.00306, 0.00035, 5e-05, 0.67847, 0.06352, 0.00736, 0.00083, 0.00012, 0.09047, 0.03197, 0.00368, 0.00042, 6e-05], [0.00049, 0.00102, 0.00042, 0.00017, 8e-05, 0.00366, 0.00728, 0.00303, 0.00123, 0.00017, 0.03211, 0.06426, 0.02669, 0.00303, 0.00042, 0.07773, 0.55447, 0.06426, 0.00728, 0.00102, 0.03721, 0.07773, 0.03211, 0.00366, 0.00049], [0.0002, 0.00042, 0.00102, 0.00042, 0.0002, 0.00151, 0.00299, 0.00736, 0.00299, 0.00151, 0.00368, 0.02643, 0.06488, 0.02643, 0.00368, 0.0089, 0.06352, 0.5609, 0.06352, 0.0089, 0.00426, 0.03197, 0.07805, 0.03197, 0.00426], [8e-05, 0.00017, 0.00042, 0.00102, 0.00049, 0.00017, 0.00123, 0.00303, 0.00728, 0.00366, 0.00042, 0.00303, 0.02669, 0.06426, 0.03211, 0.00102, 0.00728, 0.06426, 0.55447, 0.07773, 0.00049, 0.00366, 0.03211, 0.07773, 0.03721], [0, 7e-05, 0.00017, 0.00042, 0.00119, 2e-05, 0.00014, 0.00125, 0.00299, 0.0089, 5e-05, 0.00035, 0.00306, 0.02643, 0.07805, 0.00012, 0.00083, 0.00736, 0.06352, 0.67847, 6e-05, 0.00042, 0.00368, 0.03197, 0.09047], [0.00014, 5e-05, 2e-05, 0, 0, 0.00102, 0.00034, 0.00014, 6e-05, 0, 0.00894, 0.00303, 0.00126, 0.00014, 2e-05, 0.07773, 0.02613, 0.00303, 0.00034, 5e-05, 0.78973, 0.07773, 0.00894, 0.00102, 0.00014], [6e-05, 0.00012, 5e-05, 2e-05, 0, 0.00042, 0.00083, 0.00035, 0.00014, 7e-05, 0.00368, 0.00736, 0.00306, 0.00125, 0.00017, 0.03197, 0.06352, 0.02643, 0.00299, 0.00042, 0.09047, 0.67847, 0.07805, 0.0089, 0.00119], [2e-05, 5e-05, 0.00012, 5e-05, 2e-05, 0.00017, 0.00034, 0.00084, 0.00034, 0.00017, 0.00151, 0.00303, 0.00743, 0.00303, 0.00151, 0.00366, 0.02613, 0.06426, 0.02613, 0.00366, 0.01036, 0.07773, 0.68134, 0.07773, 0.01036], [0, 2e-05, 5e-05, 0.00012, 6e-05, 7e-05, 0.00014, 0.00035, 0.00083, 0.00042, 0.00017, 0.00125, 0.00306, 0.00736, 0.00368, 0.00042, 0.00299, 0.02643, 0.06352, 0.03197, 0.00119, 0.0089, 0.07805, 0.67847, 0.09047], [0, 0, 2e-05, 5e-05, 0.00014, 0, 6e-05, 0.00014, 0.00034, 0.00102, 2e-05, 0.00014, 0.00126, 0.00303, 0.00894, 5e-05, 0.00034, 0.00303, 0.02613, 0.07773, 0.00014, 0.00102, 0.00894, 0.07773, 0.78973]]