[[0.78564, 0.07888, 0.00929, 0.00109, 0.00015, 0.07888, 0.02662, 0.00316, 0.00037, 5e-05, 0.00929, 0.00316, 0.00133, 0.00015, 2e-05, 0.00109, 0.00037, 0.00015, 6e-05, 0, 0.00015, 5e-05, 2e-05, 0, 0], [0.09217, 0.67234, 0.07923, 0.00925, 0.00127, 0.03276, 0.06408, 0.02695, 0.00312, 0.00045, 0.00386, 0.00761, 0.00319, 0.00131, 0.00019, 0.00045, 0.00088, 0.00037, 0.00015, 8e-05, 6e-05, 0.00013, 5e-05, 2e-05, 1e-05], [0.01081, 0.07888, 0.67532, 0.07888, 0.01081, 0.00384, 0.02662, 0.06487, 0.02662, 0.00384, 0.0016, 0.00316, 0.00769, 0.00316, 0.0016, 0.00019, 0.00037, 0.00089, 0.00037, 0.00019, 3e-05, 5e-05, 0.00013, 5e-05, 3e-05], [0.00127, 0.00925, 0.07923, 0.67234, 0.09217, 0.00045, 0.00312, 0.02695, 0.06408, 0.03276, 0.00019, 0.00131, 0.00319, 0.00761, 0.00386, 8e-05, 0.00015, 0.00037, 0.00088, 0.00045, 1e-05, 2e-05, 5e-05, 0.00013, 6e-05], [0.00015, 0.00109, 0.00929, 0.07888, 0.78564, 5e-05, 0.00037, 0.00316, 0.02662, 0.07888, 2e-05, 0.00015, 0.00133, 0.00316, 0.00929, 0, 6e-05, 0.00015, 0.00037, 0.00109, 0, 0, 2e-05, 5e-05, 0.00015], [0.09217, 0.03276, 0.00386, 0.00045, 6e-05, 0.67234, 0.06408, 0.00761, 0.00088, 0.00013, 0.07923, 0.02695, 0.00319, 0.00037, 5e-05, 0.00925, 0.00312, 0.00131, 0.00015, 2e-05, 0.00127, 0.00045, 0.00019, 8e-05, 1e-05], [0.03829, 0.07888, 0.03291, 0.00384, 0.00053, 0.07888, 0.54623, 0.06487, 0.00752, 0.00109, 0.03291, 0.06487, 0.02722, 0.00316, 0.00045, 0.00384, 0.00752, 0.00316, 0.0013, 0.00019, 0.00053, 0.00109, 0.00045, 0.00019, 9e-05], [0.00449, 0.03276, 0.07923, 0.03276, 0.00449, 0.00925, 0.06408, 0.55295, 0.06408, 0.00925, 0.00386, 0.02695, 0.06554, 0.02695, 0.00386, 0.0016, 0.00312, 0.00761, 0.00312, 0.0016, 0.00022, 0.00045, 0.00109, 0.00045, 0.00022], [0.00053, 0.00384, 0.03291, 0.07888, 0.03829, 0.00109, 0.00752, 0.06487, 0.54623, 0.07888, 0.00045, 0.00316, 0.02722, 0.06487, 0.03291, 0.00019, 0.0013, 0.00316, 0.00752, 0.00384, 9e-05, 0.00019, 0.00045, 0.00109, 0.00053], [6e-05, 0.00045, 0.00386, 0.03276, 0.09217, 0.00013, 0.00088, 0.00761, 0.06408, 0.67234, 5e-05, 0.00037, 0.00319, 0.02695, 0.07923, 2e-05, 0.00015, 0.00131, 0.00312, 0.00925, 1e-05, 8e-05, 0.00019, 0.00045, 0.00127], [0.01081, 0.00384, 0.0016, 0.00019, 3e-05, 0.07888, 0.02662, 0.00316, 0.00037, 5e-05, 0.67532, 0.06487, 0.00769, 0.00089, 0.00013, 0.07888, 0.02662, 0.00316, 0.00037, 5e-05, 0.01081, 0.00384, 0.0016, 0.00019, 3e-05], [0.00449, 0.00925, 0.00386, 0.0016, 0.00022, 0.03276, 0.06408, 0.02695, 0.00312, 0.00045, 0.07923, 0.55295, 0.06554, 0.00761, 0.00109, 0.03276, 0.06408, 0.02695, 0.00312, 0.00045, 0.00449, 0.00925, 0.00386, 0.0016, 0.00022], [0.00187, 0.00384, 0.00929, 0.00384, 0.00187, 0.00384, 0.02662, 0.06487, 0.02662, 0.00384, 0.00929, 0.06487, 0.55864, 0.06487, 0.00929, 0.00384, 0.02662, 0.06487, 0.02662, 0.00384, 0.00187, 0.00384, 0.00929, 0.00384, 0.00187], [0.00022, 0.0016, 0.00386, 0.00925, 0.00449, 0.00045, 0.00312, 0.02695, 0.06408, 0.03276, 0.00109, 0.00761, 0.06554, 0.55295, 0.07923, 0.00045, 0.00312, 0.02695, 0.06408, 0.03276, 0.00022, 0.0016, 0.00386, 0.00925, 0.00449], [3e-05, 0.00019, 0.0016, 0.00384, 0.01081, 5e-05, 0.00037, 0.00316, 0.02662, 0.07888, 0.00013, 0.00089, 0.00769, 0.06487, 0.67532, 5e-05, 0.00037, 0.00316, 0.02662, 0.07888, 3e-05, 0.00019, 0.0016, 0.00384, 0.01081], [0.00127, 0.00045, 0.00019, 8e-05, 1e-05, 0.00925, 0.00312, 0.00131, 0.00015, 2e-05, 0.07923, 0.02695, 0.00319, 0.00037, 5e-05, 0.67234, 0.06408, 0.00761, 0.00088, 0.00013, 0.09217, 0.03276, 0.00386, 0.00045, 6e-05], [0.00053, 0.00109, 0.00045, 0.00019, 9e-05, 0.00384, 0.00752, 0.00316, 0.0013, 0.00019, 0.03291, 0.06487, 0.02722, 0.00316, 0.00045, 0.07888, 0.54623, 0.06487, 0.00752, 0.00109, 0.03829, 0.07888, 0.03291, 0.00384, 0.00053], [0.00022, 0.00045, 0.00109, 0.00045, 0.00022, 0.0016, 0.00312, 0.00761, 0.00312, 0.0016, 0.00386, 0.02695, 0.06554, 0.02695, 0.00386, 0.00925, 0.06408, 0.55295, 0.06408, 0.00925, 0.00449, 0.03276, 0.07923, 0.03276, 0.00449], [9e-05, 0.00019, 0.00045, 0.00109, 0.00053, 0.00019, 0.0013, 0.00316, 0.00752, 0.00384, 0.00045, 0.00316, 0.02722, 0.06487, 0.03291, 0.00109, 0.00752, 0.06487, 0.54623, 0.07888, 0.00053, 0.00384, 0.03291, 0.07888, 0.03829], [1e-05, 8e-05, 0.00019, 0.00045, 0.00127, 2e-05, 0.00015, 0.00131, 0.00312, 0.00925, 5e-05, 0.00037, 0.00319, 0.02695, 0.07923, 0.00013, 0.00088, 0.00761, 0.06408, 0.67234, 6e-05, 0.00045, 0.00386, 0.03276, 0.09217], [0.00015, 5e-05, 2e-05, 0, 0, 0.00109, 0.00037, 0.00015, 6e-05, 0, 0.00929, 0.00316, 0.00133, 0.00015, 2e-05, 0.07888, 0.02662, 0.00316, 0.00037, 5e-05, 0.78564, 0.07888, 0.00929, 0.00109, 0.00015], [6e-05, 0.00013, 5e-05, 2e-05, 1e-05, 0.00045, 0.00088, 0.00037, 0.00015, 8e-05, 0.00386, 0.00761, 0.00319, 0.00131, 0.00019, 0.03276, 0.06408, 0.02695, 0.00312, 0.00045, 0.09217, 0.67234, 0.07923, 0.00925, 0.00127], [3e-05, 5e-05, 0.00013, 5e-05, 3e-05, 0.00019, 0.00037, 0.00089, 0.00037, 0.00019, 0.0016, 0.00316, 0.00769, 0.00316, 0.0016, 0.00384, 0.02662, 0.06487, 0.02662, 0.00384, 0.01081, 0.07888, 0.67532, 0.07888, 0.01081], [1e-05, 2e-05, 5e-05, 0.00013, 6e-05, 8e-05, 0.00015, 0.00037, 0.00088, 0.00045, 0.00019, 0.00131, 0.00319, 0.00761, 0.00386, 0.00045, 0.00312, 0.02695, 0.06408, 0.03276, 0.00127, 0.00925, 0.07923, 0.67234, 0.09217], [0, 0, 2e-05, 5e-05, 0.00015, 0, 6e-05, 0.00015, 0.00037, 0.00109, 2e-05, 0.00015, 0.00133, 0.00316, 0.00929, 5e-05, 0.00037, 0.00316, 0.02662, 0.07888, 0.00015, 0.00109, 0.00929, 0.07888, 0.78564]]