[[0.85639, 0.05701, 0.00418, 0.0003, 2e-05, 0.05701, 0.01732, 0.00127, 9e-05, 0, 0.00418, 0.00127, 0.00044, 3e-05, 0, 0.0003, 9e-05, 3e-05, 1e-05, 0, 2e-05, 0, 0, 0, 0], [0.06264, 0.77943, 0.0571, 0.00417, 0.00034, 0.01951, 0.05061, 0.01739, 0.00127, 0.0001, 0.00143, 0.00372, 0.00128, 0.00044, 4e-05, 0.0001, 0.00027, 9e-05, 3e-05, 1e-05, 0, 2e-05, 0, 0, 0], [0.00458, 0.05701, 0.78069, 0.05701, 0.00458, 0.00143, 0.01732, 0.05081, 0.01732, 0.00143, 0.00049, 0.00127, 0.00373, 0.00127, 0.00049, 4e-05, 9e-05, 0.00027, 9e-05, 4e-05, 0, 0, 2e-05, 0, 0], [0.00034, 0.00417, 0.0571, 0.77943, 0.06264, 0.0001, 0.00127, 0.01739, 0.05061, 0.01951, 4e-05, 0.00044, 0.00128, 0.00372, 0.00143, 1e-05, 3e-05, 9e-05, 0.00027, 0.0001, 0, 0, 0, 2e-05, 0], [2e-05, 0.0003, 0.00418, 0.05701, 0.85639, 0, 9e-05, 0.00127, 0.01732, 0.05701, 0, 3e-05, 0.00044, 0.00127, 0.00418, 0, 1e-05, 3e-05, 9e-05, 0.0003, 0, 0, 0, 0, 2e-05], [0.06264, 0.01951, 0.00143, 0.0001, 0, 0.77943, 0.05061, 0.00372, 0.00027, 2e-05, 0.0571, 0.01739, 0.00128, 9e-05, 0, 0.00417, 0.00127, 0.00044, 3e-05, 0, 0.00034, 0.0001, 4e-05, 1e-05, 0], [0.02144, 0.05701, 0.01954, 0.00143, 0.00011, 0.05701, 0.69203, 0.05081, 0.0037, 0.0003, 0.01954, 0.05081, 0.01745, 0.00127, 0.0001, 0.00143, 0.0037, 0.00127, 0.00043, 4e-05, 0.00011, 0.0003, 0.0001, 4e-05, 1e-05], [0.00157, 0.01951, 0.0571, 0.01951, 0.00157, 0.00417, 0.05061, 0.69473, 0.05061, 0.00417, 0.00143, 0.01739, 0.05099, 0.01739, 0.00143, 0.00049, 0.00127, 0.00372, 0.00127, 0.00049, 4e-05, 0.0001, 0.00031, 0.0001, 4e-05], [0.00011, 0.00143, 0.01954, 0.05701, 0.02144, 0.0003, 0.0037, 0.05081, 0.69203, 0.05701, 0.0001, 0.00127, 0.01745, 0.05081, 0.01954, 4e-05, 0.00043, 0.00127, 0.0037, 0.00143, 1e-05, 4e-05, 0.0001, 0.0003, 0.00011], [0, 0.0001, 0.00143, 0.01951, 0.06264, 2e-05, 0.00027, 0.00372, 0.05061, 0.77943, 0, 9e-05, 0.00128, 0.01739, 0.0571, 0, 3e-05, 0.00044, 0.00127, 0.00417, 0, 1e-05, 4e-05, 0.0001, 0.00034], [0.00458, 0.00143, 0.00049, 4e-05, 0, 0.05701, 0.01732, 0.00127, 9e-05, 0, 0.78069, 0.05081, 0.00373, 0.00027, 2e-05, 0.05701, 0.01732, 0.00127, 9e-05, 0, 0.00458, 0.00143, 0.00049, 4e-05, 0], [0.00157, 0.00417, 0.00143, 0.00049, 4e-05, 0.01951, 0.05061, 0.01739, 0.00127, 0.0001, 0.0571, 0.69473, 0.05099, 0.00372, 0.00031, 0.01951, 0.05061, 0.01739, 0.00127, 0.0001, 0.00157, 0.00417, 0.00143, 0.00049, 4e-05], [0.00054, 0.00143, 0.00418, 0.00143, 0.00054, 0.00143, 0.01732, 0.05081, 0.01732, 0.00143, 0.00418, 0.05081, 0.6972, 0.05081, 0.00418, 0.00143, 0.01732, 0.05081, 0.01732, 0.00143, 0.00054, 0.00143, 0.00418, 0.00143, 0.00054], [4e-05, 0.00049, 0.00143, 0.00417, 0.00157, 0.0001, 0.00127, 0.01739, 0.05061, 0.01951, 0.00031, 0.00372, 0.05099, 0.69473, 0.0571, 0.0001, 0.00127, 0.01739, 0.05061, 0.01951, 4e-05, 0.00049, 0.00143, 0.00417, 0.00157], [0, 4e-05, 0.00049, 0.00143, 0.00458, 0, 9e-05, 0.00127, 0.01732, 0.05701, 2e-05, 0.00027, 0.00373, 0.05081, 0.78069, 0, 9e-05, 0.00127, 0.01732, 0.05701, 0, 4e-05, 0.00049, 0.00143, 0.00458], [0.00034, 0.0001, 4e-05, 1e-05, 0, 0.00417, 0.00127, 0.00044, 3e-05, 0, 0.0571, 0.01739, 0.00128, 9e-05, 0, 0.77943, 0.05061, 0.00372, 0.00027, 2e-05, 0.06264, 0.01951, 0.00143, 0.0001, 0], [0.00011, 0.0003, 0.0001, 4e-05, 1e-05, 0.00143, 0.0037, 0.00127, 0.00043, 4e-05, 0.01954, 0.05081, 0.01745, 0.00127, 0.0001, 0.05701, 0.69203, 0.05081, 0.0037, 0.0003, 0.02144, 0.05701, 0.01954, 0.00143, 0.00011], [4e-05, 0.0001, 0.00031, 0.0001, 4e-05, 0.00049, 0.00127, 0.00372, 0.00127, 0.00049, 0.00143, 0.01739, 0.05099, 0.01739, 0.00143, 0.00417, 0.05061, 0.69473, 0.05061, 0.00417, 0.00157, 0.01951, 0.0571, 0.01951, 0.00157], [1e-05, 4e-05, 0.0001, 0.0003, 0.00011, 4e-05, 0.00043, 0.00127, 0.0037, 0.00143, 0.0001, 0.00127, 0.01745, 0.05081, 0.01954, 0.0003, 0.0037, 0.05081, 0.69203, 0.05701, 0.00011, 0.00143, 0.01954, 0.05701, 0.02144], [0, 1e-05, 4e-05, 0.0001, 0.00034, 0, 3e-05, 0.00044, 0.00127, 0.00417, 0, 9e-05, 0.00128, 0.01739, 0.0571, 2e-05, 0.00027, 0.00372, 0.05061, 0.77943, 0, 0.0001, 0.00143, 0.01951, 0.06264], [2e-05, 0, 0, 0, 0, 0.0003, 9e-05, 3e-05, 1e-05, 0, 0.00418, 0.00127, 0.00044, 3e-05, 0, 0.05701, 0.01732, 0.00127, 9e-05, 0, 0.85639, 0.05701, 0.00418, 0.0003, 2e-05], [0, 2e-05, 0, 0, 0, 0.0001, 0.00027, 9e-05, 3e-05, 1e-05, 0.00143, 0.00372, 0.00128, 0.00044, 4e-05, 0.01951, 0.05061, 0.01739, 0.00127, 0.0001, 0.06264, 0.77943, 0.0571, 0.00417, 0.00034], [0, 0, 2e-05, 0, 0, 4e-05, 9e-05, 0.00027, 9e-05, 4e-05, 0.00049, 0.00127, 0.00373, 0.00127, 0.00049, 0.00143, 0.01732, 0.05081, 0.01732, 0.00143, 0.00458, 0.05701, 0.78069, 0.05701, 0.00458], [0, 0, 0, 2e-05, 0, 1e-05, 3e-05, 9e-05, 0.00027, 0.0001, 4e-05, 0.00044, 0.00128, 0.00372, 0.00143, 0.0001, 0.00127, 0.01739, 0.05061, 0.01951, 0.00034, 0.00417, 0.0571, 0.77943, 0.06264], [0, 0, 0, 0, 2e-05, 0, 1e-05, 3e-05, 9e-05, 0.0003, 0, 3e-05, 0.00044, 0.00127, 0.00418, 0, 9e-05, 0.00127, 0.01732, 0.05701, 2e-05, 0.0003, 0.00418, 0.05701, 0.85639]]