[[0.77305, 0.08234, 0.01043, 0.00131, 0.00019, 0.08234, 0.02808, 0.00359, 0.00045, 7e-05, 0.01043, 0.00359, 0.00155, 0.00019, 3e-05, 0.00131, 0.00045, 0.00019, 8e-05, 1e-05, 0.00019, 7e-05, 3e-05, 1e-05, 0], [0.09741, 0.65347, 0.08276, 0.01038, 0.00155, 0.03522, 0.06565, 0.02849, 0.00354, 0.00056, 0.00446, 0.00839, 0.00363, 0.00154, 0.00024, 0.00056, 0.00104, 0.00045, 0.00019, 0.0001, 8e-05, 0.00016, 7e-05, 3e-05, 2e-05], [0.01227, 0.08234, 0.65682, 0.08234, 0.01227, 0.00444, 0.02808, 0.06661, 0.02808, 0.00444, 0.00191, 0.00359, 0.00849, 0.00359, 0.00191, 0.00024, 0.00045, 0.00106, 0.00045, 0.00024, 4e-05, 7e-05, 0.00017, 7e-05, 4e-05], [0.00155, 0.01038, 0.08276, 0.65347, 0.09741, 0.00056, 0.00354, 0.02849, 0.06565, 0.03522, 0.00024, 0.00154, 0.00363, 0.00839, 0.00446, 0.0001, 0.00019, 0.00045, 0.00104, 0.00056, 2e-05, 3e-05, 7e-05, 0.00016, 8e-05], [0.00019, 0.00131, 0.01043, 0.08234, 0.77305, 7e-05, 0.00045, 0.00359, 0.02808, 0.08234, 3e-05, 0.00019, 0.00155, 0.00359, 0.01043, 1e-05, 8e-05, 0.00019, 0.00045, 0.00131, 0, 1e-05, 3e-05, 7e-05, 0.00019], [0.09741, 0.03522, 0.00446, 0.00056, 8e-05, 0.65347, 0.06565, 0.00839, 0.00104, 0.00016, 0.08276, 0.02849, 0.00363, 0.00045, 7e-05, 0.01038, 0.00354, 0.00154, 0.00019, 3e-05, 0.00155, 0.00056, 0.00024, 0.0001, 2e-05], [0.04166, 0.08234, 0.0354, 0.00444, 0.00066, 0.08234, 0.52102, 0.06661, 0.00827, 0.00131, 0.0354, 0.06661, 0.02884, 0.00359, 0.00056, 0.00444, 0.00827, 0.00359, 0.00151, 0.00024, 0.00066, 0.00131, 0.00056, 0.00024, 0.00012], [0.00525, 0.03522, 0.08276, 0.03522, 0.00525, 0.01038, 0.06565, 0.52866, 0.06565, 0.01038, 0.00446, 0.02849, 0.06742, 0.02849, 0.00446, 0.0019, 0.00354, 0.00839, 0.00354, 0.0019, 0.00028, 0.00056, 0.00131, 0.00056, 0.00028], [0.00066, 0.00444, 0.0354, 0.08234, 0.04166, 0.00131, 0.00827, 0.06661, 0.52102, 0.08234, 0.00056, 0.00359, 0.02884, 0.06661, 0.0354, 0.00024, 0.00151, 0.00359, 0.00827, 0.00444, 0.00012, 0.00024, 0.00056, 0.00131, 0.00066], [8e-05, 0.00056, 0.00446, 0.03522, 0.09741, 0.00016, 0.00104, 0.00839, 0.06565, 0.65347, 7e-05, 0.00045, 0.00363, 0.02849, 0.08276, 3e-05, 0.00019, 0.00154, 0.00354, 0.01038, 2e-05, 0.0001, 0.00024, 0.00056, 0.00155], [0.01227, 0.00444, 0.00191, 0.00024, 4e-05, 0.08234, 0.02808, 0.00359, 0.00045, 7e-05, 0.65682, 0.06661, 0.00849, 0.00106, 0.00017, 0.08234, 0.02808, 0.00359, 0.00045, 7e-05, 0.01227, 0.00444, 0.00191, 0.00024, 4e-05], [0.00525, 0.01038, 0.00446, 0.0019, 0.00028, 0.03522, 0.06565, 0.02849, 0.00354, 0.00056, 0.08276, 0.52866, 0.06742, 0.00839, 0.00131, 0.03522, 0.06565, 0.02849, 0.00354, 0.00056, 0.00525, 0.01038, 0.00446, 0.0019, 0.00028], [0.00225, 0.00444, 0.01043, 0.00444, 0.00225, 0.00444, 0.02808, 0.06661, 0.02808, 0.00444, 0.01043, 0.06661, 0.53502, 0.06661, 0.01043, 0.00444, 0.02808, 0.06661, 0.02808, 0.00444, 0.00225, 0.00444, 0.01043, 0.00444, 0.00225], [0.00028, 0.0019, 0.00446, 0.01038, 0.00525, 0.00056, 0.00354, 0.02849, 0.06565, 0.03522, 0.00131, 0.00839, 0.06742, 0.52866, 0.08276, 0.00056, 0.00354, 0.02849, 0.06565, 0.03522, 0.00028, 0.0019, 0.00446, 0.01038, 0.00525], [4e-05, 0.00024, 0.00191, 0.00444, 0.01227, 7e-05, 0.00045, 0.00359, 0.02808, 0.08234, 0.00017, 0.00106, 0.00849, 0.06661, 0.65682, 7e-05, 0.00045, 0.00359, 0.02808, 0.08234, 4e-05, 0.00024, 0.00191, 0.00444, 0.01227], [0.00155, 0.00056, 0.00024, 0.0001, 2e-05, 0.01038, 0.00354, 0.00154, 0.00019, 3e-05, 0.08276, 0.02849, 0.00363, 0.00045, 7e-05, 0.65347, 0.06565, 0.00839, 0.00104, 0.00016, 0.09741, 0.03522, 0.00446, 0.00056, 8e-05], [0.00066, 0.00131, 0.00056, 0.00024, 0.00012, 0.00444, 0.00827, 0.00359, 0.00151, 0.00024, 0.0354, 0.06661, 0.02884, 0.00359, 0.00056, 0.08234, 0.52102, 0.06661, 0.00827, 0.00131, 0.04166, 0.08234, 0.0354, 0.00444, 0.00066], [0.00028, 0.00056, 0.00131, 0.00056, 0.00028, 0.0019, 0.00354, 0.00839, 0.00354, 0.0019, 0.00446, 0.02849, 0.06742, 0.02849, 0.00446, 0.01038, 0.06565, 0.52866, 0.06565, 0.01038, 0.00525, 0.03522, 0.08276, 0.03522, 0.00525], [0.00012, 0.00024, 0.00056, 0.00131, 0.00066, 0.00024, 0.00151, 0.00359, 0.00827, 0.00444, 0.00056, 0.00359, 0.02884, 0.06661, 0.0354, 0.00131, 0.00827, 0.06661, 0.52102, 0.08234, 0.00066, 0.00444, 0.0354, 0.08234, 0.04166], [2e-05, 0.0001, 0.00024, 0.00056, 0.00155, 3e-05, 0.00019, 0.00154, 0.00354, 0.01038, 7e-05, 0.00045, 0.00363, 0.02849, 0.08276, 0.00016, 0.00104, 0.00839, 0.06565, 0.65347, 8e-05, 0.00056, 0.00446, 0.03522, 0.09741], [0.00019, 7e-05, 3e-05, 1e-05, 0, 0.00131, 0.00045, 0.00019, 8e-05, 1e-05, 0.01043, 0.00359, 0.00155, 0.00019, 3e-05, 0.08234, 0.02808, 0.00359, 0.00045, 7e-05, 0.77305, 0.08234, 0.01043, 0.00131, 0.00019], [8e-05, 0.00016, 7e-05, 3e-05, 2e-05, 0.00056, 0.00104, 0.00045, 0.00019, 0.0001, 0.00446, 0.00839, 0.00363, 0.00154, 0.00024, 0.03522, 0.06565, 0.02849, 0.00354, 0.00056, 0.09741, 0.65347, 0.08276, 0.01038, 0.00155], [4e-05, 7e-05, 0.00017, 7e-05, 4e-05, 0.00024, 0.00045, 0.00106, 0.00045, 0.00024, 0.00191, 0.00359, 0.00849, 0.00359, 0.00191, 0.00444, 0.02808, 0.06661, 0.02808, 0.00444, 0.01227, 0.08234, 0.65682, 0.08234, 0.01227], [2e-05, 3e-05, 7e-05, 0.00016, 8e-05, 0.0001, 0.00019, 0.00045, 0.00104, 0.00056, 0.00024, 0.00154, 0.00363, 0.00839, 0.00446, 0.00056, 0.00354, 0.02849, 0.06565, 0.03522, 0.00155, 0.01038, 0.08276, 0.65347, 0.09741], [0, 1e-05, 3e-05, 7e-05, 0.00019, 1e-05, 8e-05, 0.00019, 0.00045, 0.00131, 3e-05, 0.00019, 0.00155, 0.00359, 0.01043, 7e-05, 0.00045, 0.00359, 0.02808, 0.08234, 0.00019, 0.00131, 0.01043, 0.08234, 0.77305]]