[[0.96138, 0.01723, 0.00032, 0, 0, 0.01723, 0.00326, 0.00012, 0, 0, 0.00032, 0.00012, 1e-05, 0, 0, 0, 0, 0, 0, 0, 0, 0, 0, 0, 0], [0.01761, 0.94074, 0.01723, 0.00032, 0, 0.00334, 0.0168, 0.00326, 0.00012, 0, 0.00012, 0.00031, 0.00012, 1e-05, 0, 0, 0, 0, 0, 0, 0, 0, 0, 0, 0], [0.00032, 0.01723, 0.94075, 0.01723, 0.00032, 0.00012, 0.00326, 0.0168, 0.00326, 0.00012, 1e-05, 0.00012, 0.00031, 0.00012, 1e-05, 0, 0, 0, 0, 0, 0, 0, 0, 0, 0], [0, 0.00032, 0.01723, 0.94074, 0.01761, 0, 0.00012, 0.00326, 0.0168, 0.00334, 0, 1e-05, 0.00012, 0.00031, 0.00012, 0, 0, 0, 0, 0, 0, 0, 0, 0, 0], [0, 0, 0.00032, 0.01723, 0.96138, 0, 0, 0.00012, 0.00326, 0.01723, 0, 0, 1e-05, 0.00012, 0.00032, 0, 0, 0, 0, 0, 0, 0, 0, 0, 0], [0.01761, 0.00334, 0.00012, 0, 0, 0.94074, 0.0168, 0.00031, 0, 0, 0.01723, 0.00326, 0.00012, 0, 0, 0.00032, 0.00012, 1e-05, 0, 0, 0, 0, 0, 0, 0], [0.00342, 0.01723, 0.00334, 0.00012, 0, 0.01723, 0.91744, 0.0168, 0.00031, 0, 0.00334, 0.0168, 0.00326, 0.00012, 0, 0.00012, 0.00031, 0.00012, 1e-05, 0, 0, 0, 0, 0, 0], [0.00012, 0.00334, 0.01723, 0.00334, 0.00012, 0.00032, 0.0168, 0.91745, 0.0168, 0.00032, 0.00012, 0.00326, 0.0168, 0.00326, 0.00012, 1e-05, 0.00012, 0.00031, 0.00012, 1e-05, 0, 0, 0, 0, 0], [0, 0.00012, 0.00334, 0.01723, 0.00342, 0, 0.00031, 0.0168, 0.91744, 0.01723, 0, 0.00012, 0.00326, 0.0168, 0.00334, 0, 1e-05, 0.00012, 0.00031, 0.00012, 0, 0, 0, 0, 0], [0, 0, 0.00012, 0.00334, 0.01761, 0, 0, 0.00031, 0.0168, 0.94074, 0, 0, 0.00012, 0.00326, 0.01723, 0, 0, 1e-05, 0.00012, 0.00032, 0, 0, 0, 0, 0], [0.00032, 0.00012, 1e-05, 0, 0, 0.01723, 0.00326, 0.00012, 0, 0, 0.94075, 0.0168, 0.00031, 0, 0, 0.01723, 0.00326, 0.00012, 0, 0, 0.00032, 0.00012, 1e-05, 0, 0], [0.00012, 0.00032, 0.00012, 1e-05, 0, 0.00334, 0.0168, 0.00326, 0.00012, 0, 0.01723, 0.91745, 0.0168, 0.00031, 0, 0.00334, 0.0168, 0.00326, 0.00012, 0, 0.00012, 0.00032, 0.00012, 1e-05, 0], [1e-05, 0.00012, 0.00032, 0.00012, 1e-05, 0.00012, 0.00326, 0.0168, 0.00326, 0.00012, 0.00032, 0.0168, 0.91747, 0.0168, 0.00032, 0.00012, 0.00326, 0.0168, 0.00326, 0.00012, 1e-05, 0.00012, 0.00032, 0.00012, 1e-05], [0, 1e-05, 0.00012, 0.00032, 0.00012, 0, 0.00012, 0.00326, 0.0168, 0.00334, 0, 0.00031, 0.0168, 0.91745, 0.01723, 0, 0.00012, 0.00326, 0.0168, 0.00334, 0, 1e-05, 0.00012, 0.00032, 0.00012], [0, 0, 1e-05, 0.00012, 0.00032, 0, 0, 0.00012, 0.00326, 0.01723, 0, 0, 0.00031, 0.0168, 0.94075, 0, 0, 0.00012, 0.00326, 0.01723, 0, 0, 1e-05, 0.00012, 0.00032], [0, 0, 0, 0, 0, 0.00032, 0.00012, 1e-05, 0, 0, 0.01723, 0.00326, 0.00012, 0, 0, 0.94074, 0.0168, 0.00031, 0, 0, 0.01761, 0.00334, 0.00012, 0, 0], [0, 0, 0, 0, 0, 0.00012, 0.00031, 0.00012, 1e-05, 0, 0.00334, 0.0168, 0.00326, 0.00012, 0, 0.01723, 0.91744, 0.0168, 0.00031, 0, 0.00342, 0.01723, 0.00334, 0.00012, 0], [0, 0, 0, 0, 0, 1e-05, 0.00012, 0.00031, 0.00012, 1e-05, 0.00012, 0.00326, 0.0168, 0.00326, 0.00012, 0.00032, 0.0168, 0.91745, 0.0168, 0.00032, 0.00012, 0.00334, 0.01723, 0.00334, 0.00012], [0, 0, 0, 0, 0, 0, 1e-05, 0.00012, 0.00031, 0.00012, 0, 0.00012, 0.00326, 0.0168, 0.00334, 0, 0.00031, 0.0168, 0.91744, 0.01723, 0, 0.00012, 0.00334, 0.01723, 0.00342], [0, 0, 0, 0, 0, 0, 0, 1e-05, 0.00012, 0.00032, 0, 0, 0.00012, 0.00326, 0.01723, 0, 0, 0.00031, 0.0168, 0.94074, 0, 0, 0.00012, 0.00334, 0.01761], [0, 0, 0, 0, 0, 0, 0, 0, 0, 0, 0.00032, 0.00012, 1e-05, 0, 0, 0.01723, 0.00326, 0.00012, 0, 0, 0.96138, 0.01723, 0.00032, 0, 0], [0, 0, 0, 0, 0, 0, 0, 0, 0, 0, 0.00012, 0.00031, 0.00012, 1e-05, 0, 0.00334, 0.0168, 0.00326, 0.00012, 0, 0.01761, 0.94074, 0.01723, 0.00032, 0], [0, 0, 0, 0, 0, 0, 0, 0, 0, 0, 1e-05, 0.00012, 0.00031, 0.00012, 1e-05, 0.00012, 0.00326, 0.0168, 0.00326, 0.00012, 0.00032, 0.01723, 0.94075, 0.01723, 0.00032], [0, 0, 0, 0, 0, 0, 0, 0, 0, 0, 0, 1e-05, 0.00012, 0.00031, 0.00012, 0, 0.00012, 0.00326, 0.0168, 0.00334, 0, 0.00032, 0.01723, 0.94074, 0.01761], [0, 0, 0, 0, 0, 0, 0, 0, 0, 0, 0, 0, 1e-05, 0.00012, 0.00032, 0, 0, 0.00012, 0.00326, 0.01723, 0, 0, 0.00032, 0.01723, 0.96138]]