[[0.84634, 0.06036, 0.00478, 0.00038, 3e-05, 0.06036, 0.01872, 0.00149, 0.00012, 1e-05, 0.00478, 0.00149, 0.00053, 4e-05, 0, 0.00038, 0.00012, 4e-05, 1e-05, 0, 3e-05, 1e-05, 0, 0, 0], [0.06685, 0.76411, 0.06047, 0.00477, 0.00042, 0.02132, 0.053, 0.01881, 0.00148, 0.00013, 0.00169, 0.00421, 0.00149, 0.00052, 5e-05, 0.00013, 0.00033, 0.00012, 4e-05, 2e-05, 1e-05, 3e-05, 1e-05, 0, 0], [0.00528, 0.06036, 0.76558, 0.06036, 0.00528, 0.00168, 0.01872, 0.05324, 0.01872, 0.00168, 0.0006, 0.00149, 0.00422, 0.00149, 0.0006, 5e-05, 0.00012, 0.00033, 0.00012, 5e-05, 0, 1e-05, 3e-05, 1e-05, 0], [0.00042, 0.00477, 0.06047, 0.76411, 0.06685, 0.00013, 0.00148, 0.01881, 0.053, 0.02132, 5e-05, 0.00052, 0.00149, 0.00421, 0.00169, 2e-05, 4e-05, 0.00012, 0.00033, 0.00013, 0, 0, 1e-05, 3e-05, 1e-05], [3e-05, 0.00038, 0.00478, 0.06036, 0.84634, 1e-05, 0.00012, 0.00149, 0.01872, 0.06036, 0, 4e-05, 0.00053, 0.00149, 0.00478, 0, 1e-05, 4e-05, 0.00012, 0.00038, 0, 0, 0, 1e-05, 3e-05], [0.06685, 0.02132, 0.00169, 0.00013, 1e-05, 0.76411, 0.053, 0.00421, 0.00033, 3e-05, 0.06047, 0.01881, 0.00149, 0.00012, 1e-05, 0.00477, 0.00148, 0.00052, 4e-05, 0, 0.00042, 0.00013, 5e-05, 2e-05, 0], [0.02361, 0.06036, 0.02136, 0.00168, 0.00015, 0.06036, 0.67093, 0.05324, 0.00419, 0.00038, 0.02136, 0.05324, 0.01888, 0.00149, 0.00013, 0.00168, 0.00419, 0.00149, 0.00052, 5e-05, 0.00015, 0.00038, 0.00013, 5e-05, 2e-05], [0.00186, 0.02132, 0.06047, 0.02132, 0.00186, 0.00477, 0.053, 0.67409, 0.053, 0.00477, 0.00169, 0.01881, 0.05347, 0.01881, 0.00169, 0.00059, 0.00148, 0.00421, 0.00148, 0.00059, 5e-05, 0.00013, 0.00038, 0.00013, 5e-05], [0.00015, 0.00168, 0.02136, 0.06036, 0.02361, 0.00038, 0.00419, 0.05324, 0.67093, 0.06036, 0.00013, 0.00149, 0.01888, 0.05324, 0.02136, 5e-05, 0.00052, 0.00149, 0.00419, 0.00168, 2e-05, 5e-05, 0.00013, 0.00038, 0.00015], [1e-05, 0.00013, 0.00169, 0.02132, 0.06685, 3e-05, 0.00033, 0.00421, 0.053, 0.76411, 1e-05, 0.00012, 0.00149, 0.01881, 0.06047, 0, 4e-05, 0.00052, 0.00148, 0.00477, 0, 2e-05, 5e-05, 0.00013, 0.00042], [0.00528, 0.00168, 0.0006, 5e-05, 0, 0.06036, 0.01872, 0.00149, 0.00012, 1e-05, 0.76558, 0.05324, 0.00422, 0.00033, 3e-05, 0.06036, 0.01872, 0.00149, 0.00012, 1e-05, 0.00528, 0.00168, 0.0006, 5e-05, 0], [0.00186, 0.00477, 0.00169, 0.00059, 5e-05, 0.02132, 0.053, 0.01881, 0.00148, 0.00013, 0.06047, 0.67409, 0.05347, 0.00421, 0.00038, 0.02132, 0.053, 0.01881, 0.00148, 0.00013, 0.00186, 0.00477, 0.00169, 0.00059, 5e-05], [0.00066, 0.00168, 0.00478, 0.00168, 0.00066, 0.00168, 0.01872, 0.05324, 0.01872, 0.00168, 0.00478, 0.05324, 0.67694, 0.05324, 0.00478, 0.00168, 0.01872, 0.05324, 0.01872, 0.00168, 0.00066, 0.00168, 0.00478, 0.00168, 0.00066], [5e-05, 0.00059, 0.00169, 0.00477, 0.00186, 0.00013, 0.00148, 0.01881, 0.053, 0.02132, 0.00038, 0.00421, 0.05347, 0.67409, 0.06047, 0.00013, 0.00148, 0.01881, 0.053, 0.02132, 5e-05, 0.00059, 0.00169, 0.00477, 0.00186], [0, 5e-05, 0.0006, 0.00168, 0.00528, 1e-05, 0.00012, 0.00149, 0.01872, 0.06036, 3e-05, 0.00033, 0.00422, 0.05324, 0.76558, 1e-05, 0.00012, 0.00149, 0.01872, 0.06036, 0, 5e-05, 0.0006, 0.00168, 0.00528], [0.00042, 0.00013, 5e-05, 2e-05, 0, 0.00477, 0.00148, 0.00052, 4e-05, 0, 0.06047, 0.01881, 0.00149, 0.00012, 1e-05, 0.76411, 0.053, 0.00421, 0.00033, 3e-05, 0.06685, 0.02132, 0.00169, 0.00013, 1e-05], [0.00015, 0.00038, 0.00013, 5e-05, 2e-05, 0.00168, 0.00419, 0.00149, 0.00052, 5e-05, 0.02136, 0.05324, 0.01888, 0.00149, 0.00013, 0.06036, 0.67093, 0.05324, 0.00419, 0.00038, 0.02361, 0.06036, 0.02136, 0.00168, 0.00015], [5e-05, 0.00013, 0.00038, 0.00013, 5e-05, 0.00059, 0.00148, 0.00421, 0.00148, 0.00059, 0.00169, 0.01881, 0.05347, 0.01881, 0.00169, 0.00477, 0.053, 0.67409, 0.053, 0.00477, 0.00186, 0.02132, 0.06047, 0.02132, 0.00186], [2e-05, 5e-05, 0.00013, 0.00038, 0.00015, 5e-05, 0.00052, 0.00149, 0.00419, 0.00168, 0.00013, 0.00149, 0.01888, 0.05324, 0.02136, 0.00038, 0.00419, 0.05324, 0.67093, 0.06036, 0.00015, 0.00168, 0.02136, 0.06036, 0.02361], [0, 2e-05, 5e-05, 0.00013, 0.00042, 0, 4e-05, 0.00052, 0.00148, 0.00477, 1e-05, 0.00012, 0.00149, 0.01881, 0.06047, 3e-05, 0.00033, 0.00421, 0.053, 0.76411, 1e-05, 0.00013, 0.00169, 0.02132, 0.06685], [3e-05, 1e-05, 0, 0, 0, 0.00038, 0.00012, 4e-05, 1e-05, 0, 0.00478, 0.00149, 0.00053, 4e-05, 0, 0.06036, 0.01872, 0.00149, 0.00012, 1e-05, 0.84634, 0.06036, 0.00478, 0.00038, 3e-05], [1e-05, 3e-05, 1e-05, 0, 0, 0.00013, 0.00033, 0.00012, 4e-05, 2e-05, 0.00169, 0.00421, 0.00149, 0.00052, 5e-05, 0.02132, 0.053, 0.01881, 0.00148, 0.00013, 0.06685, 0.76411, 0.06047, 0.00477, 0.00042], [0, 1e-05, 3e-05, 1e-05, 0, 5e-05, 0.00012, 0.00033, 0.00012, 5e-05, 0.0006, 0.00149, 0.00422, 0.00149, 0.0006, 0.00168, 0.01872, 0.05324, 0.01872, 0.00168, 0.00528, 0.06036, 0.76558, 0.06036, 0.00528], [0, 0, 1e-05, 3e-05, 1e-05, 2e-05, 4e-05, 0.00012, 0.00033, 0.00013, 5e-05, 0.00052, 0.00149, 0.00421, 0.00169, 0.00013, 0.00148, 0.01881, 0.053, 0.02132, 0.00042, 0.00477, 0.06047, 0.76411, 0.06685], [0, 0, 0, 1e-05, 3e-05, 0, 1e-05, 4e-05, 0.00012, 0.00038, 0, 4e-05, 0.00053, 0.00149, 0.00478, 1e-05, 0.00012, 0.00149, 0.01872, 0.06036, 3e-05, 0.00038, 0.00478, 0.06036, 0.84634]]