[[0.90578, 0.03942, 0.00182, 8e-05, 0, 0.03942, 0.01041, 0.00048, 2e-05, 0, 0.00182, 0.00048, 0.00014, 0, 0, 8e-05, 2e-05, 0, 0, 0, 0, 0, 0, 0, 0], [0.04176, 0.85508, 0.03944, 0.00182, 9e-05, 0.01116, 0.03675, 0.01042, 0.00048, 2e-05, 0.00051, 0.0017, 0.00048, 0.00014, 0, 2e-05, 8e-05, 2e-05, 0, 0, 0, 0, 0, 0, 0], [0.00193, 0.03942, 0.85557, 0.03942, 0.00193, 0.00051, 0.01041, 0.0368, 0.01041, 0.00051, 0.00015, 0.00048, 0.0017, 0.00048, 0.00015, 0, 2e-05, 8e-05, 2e-05, 0, 0, 0, 0, 0, 0], [9e-05, 0.00182, 0.03944, 0.85508, 0.04176, 2e-05, 0.00048, 0.01042, 0.03675, 0.01116, 0, 0.00014, 0.00048, 0.0017, 0.00051, 0, 0, 2e-05, 8e-05, 2e-05, 0, 0, 0, 0, 0], [0, 8e-05, 0.00182, 0.03942, 0.90578, 0, 2e-05, 0.00048, 0.01041, 0.03942, 0, 0, 0.00014, 0.00048, 0.00182, 0, 0, 0, 2e-05, 8e-05, 0, 0, 0, 0, 0], [0.04176, 0.01116, 0.00051, 2e-05, 0, 0.85508, 0.03675, 0.0017, 8e-05, 0, 0.03944, 0.01042, 0.00048, 2e-05, 0, 0.00182, 0.00048, 0.00014, 0, 0, 9e-05, 2e-05, 0, 0, 0], [0.01183, 0.03942, 0.01117, 0.00051, 3e-05, 0.03942, 0.79717, 0.0368, 0.00169, 8e-05, 0.01117, 0.0368, 0.01043, 0.00048, 2e-05, 0.00051, 0.00169, 0.00048, 0.00014, 0, 3e-05, 8e-05, 2e-05, 0, 0], [0.00055, 0.01116, 0.03944, 0.01116, 0.00055, 0.00182, 0.03675, 0.79819, 0.03675, 0.00182, 0.00051, 0.01042, 0.03684, 0.01042, 0.00051, 0.00015, 0.00048, 0.0017, 0.00048, 0.00015, 0, 2e-05, 8e-05, 2e-05, 0], [3e-05, 0.00051, 0.01117, 0.03942, 0.01183, 8e-05, 0.00169, 0.0368, 0.79717, 0.03942, 2e-05, 0.00048, 0.01043, 0.0368, 0.01117, 0, 0.00014, 0.00048, 0.00169, 0.00051, 0, 0, 2e-05, 8e-05, 3e-05], [0, 2e-05, 0.00051, 0.01116, 0.04176, 0, 8e-05, 0.0017, 0.03675, 0.85508, 0, 2e-05, 0.00048, 0.01042, 0.03944, 0, 0, 0.00014, 0.00048, 0.00182, 0, 0, 0, 2e-05, 9e-05], [0.00193, 0.00051, 0.00015, 0, 0, 0.03942, 0.01041, 0.00048, 2e-05, 0, 0.85557, 0.0368, 0.0017, 8e-05, 0, 0.03942, 0.01041, 0.00048, 2e-05, 0, 0.00193, 0.00051, 0.00015, 0, 0], [0.00055, 0.00182, 0.00051, 0.00015, 0, 0.01116, 0.03675, 0.01042, 0.00048, 2e-05, 0.03944, 0.79819, 0.03684, 0.0017, 8e-05, 0.01116, 0.03675, 0.01042, 0.00048, 2e-05, 0.00055, 0.00182, 0.00051, 0.00015, 0], [0.00015, 0.00051, 0.00182, 0.00051, 0.00015, 0.00051, 0.01041, 0.0368, 0.01041, 0.00051, 0.00182, 0.0368, 0.79917, 0.0368, 0.00182, 0.00051, 0.01041, 0.0368, 0.01041, 0.00051, 0.00015, 0.00051, 0.00182, 0.00051, 0.00015], [0, 0.00015, 0.00051, 0.00182, 0.00055, 2e-05, 0.00048, 0.01042, 0.03675, 0.01116, 8e-05, 0.0017, 0.03684, 0.79819, 0.03944, 2e-05, 0.00048, 0.01042, 0.03675, 0.01116, 0, 0.00015, 0.00051, 0.00182, 0.00055], [0, 0, 0.00015, 0.00051, 0.00193, 0, 2e-05, 0.00048, 0.01041, 0.03942, 0, 8e-05, 0.0017, 0.0368, 0.85557, 0, 2e-05, 0.00048, 0.01041, 0.03942, 0, 0, 0.00015, 0.00051, 0.00193], [9e-05, 2e-05, 0, 0, 0, 0.00182, 0.00048, 0.00014, 0, 0, 0.03944, 0.01042, 0.00048, 2e-05, 0, 0.85508, 0.03675, 0.0017, 8e-05, 0, 0.04176, 0.01116, 0.00051, 2e-05, 0], [3e-05, 8e-05, 2e-05, 0, 0, 0.00051, 0.00169, 0.00048, 0.00014, 0, 0.01117, 0.0368, 0.01043, 0.00048, 2e-05, 0.03942, 0.79717, 0.0368, 0.00169, 8e-05, 0.01183, 0.03942, 0.01117, 0.00051, 3e-05], [0, 2e-05, 8e-05, 2e-05, 0, 0.00015, 0.00048, 0.0017, 0.00048, 0.00015, 0.00051, 0.01042, 0.03684, 0.01042, 0.00051, 0.00182, 0.03675, 0.79819, 0.03675, 0.00182, 0.00055, 0.01116, 0.03944, 0.01116, 0.00055], [0, 0, 2e-05, 8e-05, 3e-05, 0, 0.00014, 0.00048, 0.00169, 0.00051, 2e-05, 0.00048, 0.01043, 0.0368, 0.01117, 8e-05, 0.00169, 0.0368, 0.79717, 0.03942, 3e-05, 0.00051, 0.01117, 0.03942, 0.01183], [0, 0, 0, 2e-05, 9e-05, 0, 0, 0.00014, 0.00048, 0.00182, 0, 2e-05, 0.00048, 0.01042, 0.03944, 0, 8e-05, 0.0017, 0.03675, 0.85508, 0, 2e-05, 0.00051, 0.01116, 0.04176], [0, 0, 0, 0, 0, 8e-05, 2e-05, 0, 0, 0, 0.00182, 0.00048, 0.00014, 0, 0, 0.03942, 0.01041, 0.00048, 2e-05, 0, 0.90578, 0.03942, 0.00182, 8e-05, 0], [0, 0, 0, 0, 0, 2e-05, 8e-05, 2e-05, 0, 0, 0.00051, 0.0017, 0.00048, 0.00014, 0, 0.01116, 0.03675, 0.01042, 0.00048, 2e-05, 0.04176, 0.85508, 0.03944, 0.00182, 9e-05], [0, 0, 0, 0, 0, 0, 2e-05, 8e-05, 2e-05, 0, 0.00015, 0.00048, 0.0017, 0.00048, 0.00015, 0.00051, 0.01041, 0.0368, 0.01041, 0.00051, 0.00193, 0.03942, 0.85557, 0.03942, 0.00193], [0, 0, 0, 0, 0, 0, 0, 2e-05, 8e-05, 2e-05, 0, 0.00014, 0.00048, 0.0017, 0.00051, 2e-05, 0.00048, 0.01042, 0.03675, 0.01116, 9e-05, 0.00182, 0.03944, 0.85508, 0.04176], [0, 0, 0, 0, 0, 0, 0, 0, 2e-05, 8e-05, 0, 0, 0.00014, 0.00048, 0.00182, 0, 2e-05, 0.00048, 0.01041, 0.03942, 0, 8e-05, 0.00182, 0.03942, 0.90578]]