[[0.81279, 0.07096, 0.00708, 0.0007, 8e-05, 0.07096, 0.02323, 0.00233, 0.00023, 3e-05, 0.00708, 0.00233, 0.00091, 9e-05, 1e-05, 0.0007, 0.00023, 9e-05, 3e-05, 0, 8e-05, 3e-05, 1e-05, 0, 0], [0.08087, 0.71323, 0.07118, 0.00706, 0.0008, 0.02755, 0.05983, 0.02342, 0.00231, 0.00027, 0.00275, 0.006, 0.00235, 0.0009, 0.00011, 0.00027, 0.00059, 0.00023, 9e-05, 4e-05, 3e-05, 7e-05, 3e-05, 1e-05, 0], [0.00805, 0.07096, 0.71547, 0.07096, 0.00805, 0.00274, 0.02323, 0.06033, 0.02323, 0.00274, 0.00107, 0.00233, 0.00604, 0.00233, 0.00107, 0.00011, 0.00023, 0.0006, 0.00023, 0.00011, 1e-05, 3e-05, 7e-05, 3e-05, 1e-05], [0.0008, 0.00706, 0.07118, 0.71323, 0.08087, 0.00027, 0.00231, 0.02342, 0.05983, 0.02755, 0.00011, 0.0009, 0.00235, 0.006, 0.00275, 4e-05, 9e-05, 0.00023, 0.00059, 0.00027, 0, 1e-05, 3e-05, 7e-05, 3e-05], [8e-05, 0.0007, 0.00708, 0.07096, 0.81279, 3e-05, 0.00023, 0.00233, 0.02323, 0.07096, 1e-05, 9e-05, 0.00091, 0.00233, 0.00708, 0, 3e-05, 9e-05, 0.00023, 0.0007, 0, 0, 1e-05, 3e-05, 8e-05], [0.08087, 0.02755, 0.00275, 0.00027, 3e-05, 0.71323, 0.05983, 0.006, 0.00059, 7e-05, 0.07118, 0.02342, 0.00235, 0.00023, 3e-05, 0.00706, 0.00231, 0.0009, 9e-05, 1e-05, 0.0008, 0.00027, 0.00011, 4e-05, 0], [0.03139, 0.07096, 0.02764, 0.00274, 0.00031, 0.07096, 0.6014, 0.06033, 0.00595, 0.0007, 0.02764, 0.06033, 0.02359, 0.00233, 0.00027, 0.00274, 0.00595, 0.00233, 0.0009, 0.00011, 0.00031, 0.0007, 0.00027, 0.00011, 5e-05], [0.00312, 0.02755, 0.07118, 0.02755, 0.00312, 0.00706, 0.05983, 0.60635, 0.05983, 0.00706, 0.00275, 0.02342, 0.06076, 0.02342, 0.00275, 0.00106, 0.00231, 0.006, 0.00231, 0.00106, 0.00012, 0.00027, 0.0007, 0.00027, 0.00012], [0.00031, 0.00274, 0.02764, 0.07096, 0.03139, 0.0007, 0.00595, 0.06033, 0.6014, 0.07096, 0.00027, 0.00233, 0.02359, 0.06033, 0.02764, 0.00011, 0.0009, 0.00233, 0.00595, 0.00274, 5e-05, 0.00011, 0.00027, 0.0007, 0.00031], [3e-05, 0.00027, 0.00275, 0.02755, 0.08087, 7e-05, 0.00059, 0.006, 0.05983, 0.71323, 3e-05, 0.00023, 0.00235, 0.02342, 0.07118, 1e-05, 9e-05, 0.0009, 0.00231, 0.00706, 0, 4e-05, 0.00011, 0.00027, 0.0008], [0.00805, 0.00274, 0.00107, 0.00011, 1e-05, 0.07096, 0.02323, 0.00233, 0.00023, 3e-05, 0.71547, 0.06033, 0.00604, 0.0006, 7e-05, 0.07096, 0.02323, 0.00233, 0.00023, 3e-05, 0.00805, 0.00274, 0.00107, 0.00011, 1e-05], [0.00312, 0.00706, 0.00275, 0.00106, 0.00012, 0.02755, 0.05983, 0.02342, 0.00231, 0.00027, 0.07118, 0.60635, 0.06076, 0.006, 0.0007, 0.02755, 0.05983, 0.02342, 0.00231, 0.00027, 0.00312, 0.00706, 0.00275, 0.00106, 0.00012], [0.00121, 0.00274, 0.00708, 0.00274, 0.00121, 0.00274, 0.02323, 0.06033, 0.02323, 0.00274, 0.00708, 0.06033, 0.61067, 0.06033, 0.00708, 0.00274, 0.02323, 0.06033, 0.02323, 0.00274, 0.00121, 0.00274, 0.00708, 0.00274, 0.00121], [0.00012, 0.00106, 0.00275, 0.00706, 0.00312, 0.00027, 0.00231, 0.02342, 0.05983, 0.02755, 0.0007, 0.006, 0.06076, 0.60635, 0.07118, 0.00027, 0.00231, 0.02342, 0.05983, 0.02755, 0.00012, 0.00106, 0.00275, 0.00706, 0.00312], [1e-05, 0.00011, 0.00107, 0.00274, 0.00805, 3e-05, 0.00023, 0.00233, 0.02323, 0.07096, 7e-05, 0.0006, 0.00604, 0.06033, 0.71547, 3e-05, 0.00023, 0.00233, 0.02323, 0.07096, 1e-05, 0.00011, 0.00107, 0.00274, 0.00805], [0.0008, 0.00027, 0.00011, 4e-05, 0, 0.00706, 0.00231, 0.0009, 9e-05, 1e-05, 0.07118, 0.02342, 0.00235, 0.00023, 3e-05, 0.71323, 0.05983, 0.006, 0.00059, 7e-05, 0.08087, 0.02755, 0.00275, 0.00027, 3e-05], [0.00031, 0.0007, 0.00027, 0.00011, 5e-05, 0.00274, 0.00595, 0.00233, 0.0009, 0.00011, 0.02764, 0.06033, 0.02359, 0.00233, 0.00027, 0.07096, 0.6014, 0.06033, 0.00595, 0.0007, 0.03139, 0.07096, 0.02764, 0.00274, 0.00031], [0.00012, 0.00027, 0.0007, 0.00027, 0.00012, 0.00106, 0.00231, 0.006, 0.00231, 0.00106, 0.00275, 0.02342, 0.06076, 0.02342, 0.00275, 0.00706, 0.05983, 0.60635, 0.05983, 0.00706, 0.00312, 0.02755, 0.07118, 0.02755, 0.00312], [5e-05, 0.00011, 0.00027, 0.0007, 0.00031, 0.00011, 0.0009, 0.00233, 0.00595, 0.00274, 0.00027, 0.00233, 0.02359, 0.06033, 0.02764, 0.0007, 0.00595, 0.06033, 0.6014, 0.07096, 0.00031, 0.00274, 0.02764, 0.07096, 0.03139], [0, 4e-05, 0.00011, 0.00027, 0.0008, 1e-05, 9e-05, 0.0009, 0.00231, 0.00706, 3e-05, 0.00023, 0.00235, 0.02342, 0.07118, 7e-05, 0.00059, 0.006, 0.05983, 0.71323, 3e-05, 0.00027, 0.00275, 0.02755, 0.08087], [8e-05, 3e-05, 1e-05, 0, 0, 0.0007, 0.00023, 9e-05, 3e-05, 0, 0.00708, 0.00233, 0.00091, 9e-05, 1e-05, 0.07096, 0.02323, 0.00233, 0.00023, 3e-05, 0.81279, 0.07096, 0.00708, 0.0007, 8e-05], [3e-05, 7e-05, 3e-05, 1e-05, 0, 0.00027, 0.00059, 0.00023, 9e-05, 4e-05, 0.00275, 0.006, 0.00235, 0.0009, 0.00011, 0.02755, 0.05983, 0.02342, 0.00231, 0.00027, 0.08087, 0.71323, 0.07118, 0.00706, 0.0008], [1e-05, 3e-05, 7e-05, 3e-05, 1e-05, 0.00011, 0.00023, 0.0006, 0.00023, 0.00011, 0.00107, 0.00233, 0.00604, 0.00233, 0.00107, 0.00274, 0.02323, 0.06033, 0.02323, 0.00274, 0.00805, 0.07096, 0.71547, 0.07096, 0.00805], [0, 1e-05, 3e-05, 7e-05, 3e-05, 4e-05, 9e-05, 0.00023, 0.00059, 0.00027, 0.00011, 0.0009, 0.00235, 0.006, 0.00275, 0.00027, 0.00231, 0.02342, 0.05983, 0.02755, 0.0008, 0.00706, 0.07118, 0.71323, 0.08087], [0, 0, 1e-05, 3e-05, 8e-05, 0, 3e-05, 9e-05, 0.00023, 0.0007, 1e-05, 9e-05, 0.00091, 0.00233, 0.00708, 3e-05, 0.00023, 0.00233, 0.02323, 0.07096, 8e-05, 0.0007, 0.00708, 0.07096, 0.81279]]