[[0.80842, 0.08053, 0.00903, 0.00101, 0.00013, 0.08053, 0.00802, 0.0009, 0.0001, 1e-05, 0.00903, 0.0009, 0.0001, 1e-05, 0, 0.00101, 0.0001, 1e-05, 0, 0, 0.00013, 1e-05, 0, 0, 0], [0.0907, 0.71772, 0.08053, 0.00903, 0.00114, 0.00903, 0.07149, 0.00802, 0.0009, 0.00011, 0.00101, 0.00802, 0.0009, 0.0001, 1e-05, 0.00011, 0.0009, 0.0001, 1e-05, 0, 1e-05, 0.00011, 1e-05, 0, 0], [0.01018, 0.08053, 0.71772, 0.08053, 0.01018, 0.00101, 0.00802, 0.07149, 0.00802, 0.00101, 0.00011, 0.0009, 0.00802, 0.0009, 0.00011, 1e-05, 0.0001, 0.0009, 0.0001, 1e-05, 0, 1e-05, 0.00011, 1e-05, 0], [0.00114, 0.00903, 0.08053, 0.71772, 0.0907, 0.00011, 0.0009, 0.00802, 0.07149, 0.00903, 1e-05, 0.0001, 0.0009, 0.00802, 0.00101, 0, 1e-05, 0.0001, 0.0009, 0.00011, 0, 0, 1e-05, 0.00011, 1e-05], [0.00013, 0.00101, 0.00903, 0.08053, 0.80842, 1e-05, 0.0001, 0.0009, 0.00802, 0.08053, 0, 1e-05, 0.0001, 0.0009, 0.00903, 0, 0, 1e-05, 0.0001, 0.00101, 0, 0, 0, 1e-05, 0.00013], [0.0907, 0.00903, 0.00101, 0.00011, 1e-05, 0.71772, 0.07149, 0.00802, 0.0009, 0.00011, 0.08053, 0.00802, 0.0009, 0.0001, 1e-05, 0.00903, 0.0009, 0.0001, 1e-05, 0, 0.00114, 0.00011, 1e-05, 0, 0], [0.01018, 0.08053, 0.00903, 0.00101, 0.00013, 0.08053, 0.63719, 0.07149, 0.00802, 0.00101, 0.00903, 0.07149, 0.00802, 0.0009, 0.00011, 0.00101, 0.00802, 0.0009, 0.0001, 1e-05, 0.00013, 0.00101, 0.00011, 1e-05, 0], [0.00114, 0.00903, 0.08053, 0.00903, 0.00114, 0.00903, 0.07149, 0.63719, 0.07149, 0.00903, 0.00101, 0.00802, 0.07149, 0.00802, 0.00101, 0.00011, 0.0009, 0.00802, 0.0009, 0.00011, 1e-05, 0.00011, 0.00101, 0.00011, 1e-05], [0.00013, 0.00101, 0.00903, 0.08053, 0.01018, 0.00101, 0.00802, 0.07149, 0.63719, 0.08053, 0.00011, 0.0009, 0.00802, 0.07149, 0.00903, 1e-05, 0.0001, 0.0009, 0.00802, 0.00101, 0, 1e-05, 0.00011, 0.00101, 0.00013], [1e-05, 0.00011, 0.00101, 0.00903, 0.0907, 0.00011, 0.0009, 0.00802, 0.07149, 0.71772, 1e-05, 0.0001, 0.0009, 0.00802, 0.08053, 0, 1e-05, 0.0001, 0.0009, 0.00903, 0, 0, 1e-05, 0.00011, 0.00114], [0.01018, 0.00101, 0.00011, 1e-05, 0, 0.08053, 0.00802, 0.0009, 0.0001, 1e-05, 0.71772, 0.07149, 0.00802, 0.0009, 0.00011, 0.08053, 0.00802, 0.0009, 0.0001, 1e-05, 0.01018, 0.00101, 0.00011, 1e-05, 0], [0.00114, 0.00903, 0.00101, 0.00011, 1e-05, 0.00903, 0.07149, 0.00802, 0.0009, 0.00011, 0.08053, 0.63719, 0.07149, 0.00802, 0.00101, 0.00903, 0.07149, 0.00802, 0.0009, 0.00011, 0.00114, 0.00903, 0.00101, 0.00011, 1e-05], [0.00013, 0.00101, 0.00903, 0.00101, 0.00013, 0.00101, 0.00802, 0.07149, 0.00802, 0.00101, 0.00903, 0.07149, 0.63719, 0.07149, 0.00903, 0.00101, 0.00802, 0.07149, 0.00802, 0.00101, 0.00013, 0.00101, 0.00903, 0.00101, 0.00013], [1e-05, 0.00011, 0.00101, 0.00903, 0.00114, 0.00011, 0.0009, 0.00802, 0.07149, 0.00903, 0.00101, 0.00802, 0.07149, 0.63719, 0.08053, 0.00011, 0.0009, 0.00802, 0.07149, 0.00903, 1e-05, 0.00011, 0.00101, 0.00903, 0.00114], [0, 1e-05, 0.00011, 0.00101, 0.01018, 1e-05, 0.0001, 0.0009, 0.00802, 0.08053, 0.00011, 0.0009, 0.00802, 0.07149, 0.71772, 1e-05, 0.0001, 0.0009, 0.00802, 0.08053, 0, 1e-05, 0.00011, 0.00101, 0.01018], [0.00114, 0.00011, 1e-05, 0, 0, 0.00903, 0.0009, 0.0001, 1e-05, 0, 0.08053, 0.00802, 0.0009, 0.0001, 1e-05, 0.71772, 0.07149, 0.00802, 0.0009, 0.00011, 0.0907, 0.00903, 0.00101, 0.00011, 1e-05], [0.00013, 0.00101, 0.00011, 1e-05, 0, 0.00101, 0.00802, 0.0009, 0.0001, 1e-05, 0.00903, 0.07149, 0.00802, 0.0009, 0.00011, 0.08053, 0.63719, 0.07149, 0.00802, 0.00101, 0.01018, 0.08053, 0.00903, 0.00101, 0.00013], [1e-05, 0.00011, 0.00101, 0.00011, 1e-05, 0.00011, 0.0009, 0.00802, 0.0009, 0.00011, 0.00101, 0.00802, 0.07149, 0.00802, 0.00101, 0.00903, 0.07149, 0.63719, 0.07149, 0.00903, 0.00114, 0.00903, 0.08053, 0.00903, 0.00114], [0, 1e-05, 0.00011, 0.00101, 0.00013, 1e-05, 0.0001, 0.0009, 0.00802, 0.00101, 0.00011, 0.0009, 0.00802, 0.07149, 0.00903, 0.00101, 0.00802, 0.07149, 0.63719, 0.08053, 0.00013, 0.00101, 0.00903, 0.08053, 0.01018], [0, 0, 1e-05, 0.00011, 0.00114, 0, 1e-05, 0.0001, 0.0009, 0.00903, 1e-05, 0.0001, 0.0009, 0.00802, 0.08053, 0.00011, 0.0009, 0.00802, 0.07149, 0.71772, 1e-05, 0.00011, 0.00101, 0.00903, 0.0907], [0.00013, 1e-05, 0, 0, 0, 0.00101, 0.0001, 1e-05, 0, 0, 0.00903, 0.0009, 0.0001, 1e-05, 0, 0.08053, 0.00802, 0.0009, 0.0001, 1e-05, 0.80842, 0.08053, 0.00903, 0.00101, 0.00013], [1e-05, 0.00011, 1e-05, 0, 0, 0.00011, 0.0009, 0.0001, 1e-05, 0, 0.00101, 0.00802, 0.0009, 0.0001, 1e-05, 0.00903, 0.07149, 0.00802, 0.0009, 0.00011, 0.0907, 0.71772, 0.08053, 0.00903, 0.00114], [0, 1e-05, 0.00011, 1e-05, 0, 1e-05, 0.0001, 0.0009, 0.0001, 1e-05, 0.00011, 0.0009, 0.00802, 0.0009, 0.00011, 0.00101, 0.00802, 0.07149, 0.00802, 0.00101, 0.01018, 0.08053, 0.71772, 0.08053, 0.01018], [0, 0, 1e-05, 0.00011, 1e-05, 0, 1e-05, 0.0001, 0.0009, 0.00011, 1e-05, 0.0001, 0.0009, 0.00802, 0.00101, 0.00011, 0.0009, 0.00802, 0.07149, 0.00903, 0.00114, 0.00903, 0.08053, 0.71772, 0.0907], [0, 0, 0, 1e-05, 0.00013, 0, 0, 1e-05, 0.0001, 0.00101, 0, 1e-05, 0.0001, 0.0009, 0.00903, 1e-05, 0.0001, 0.0009, 0.00802, 0.08053, 0.00013, 0.00101, 0.00903, 0.08053, 0.80842]]