[[0.7426, 0.09014, 0.01345, 0.00198, 0.00036, 0.09014, 0.03124, 0.00473, 0.00069, 0.00013, 0.01345, 0.00473, 0.0022, 0.00032, 6e-05, 0.00198, 0.00069, 0.00032, 0.00014, 3e-05, 0.00036, 0.00013, 6e-05, 3e-05, 2e-05], [0.11007, 0.60816, 0.09078, 0.01336, 0.00242, 0.04121, 0.06835, 0.03193, 0.00463, 0.00091, 0.00615, 0.01035, 0.00481, 0.00216, 0.00042, 0.00091, 0.0015, 0.0007, 0.00031, 0.00019, 0.00016, 0.00029, 0.00014, 6e-05, 3e-05], [0.01631, 0.09014, 0.61248, 0.09014, 0.01631, 0.00611, 0.03124, 0.06985, 0.03124, 0.00611, 0.00281, 0.00473, 0.01053, 0.00473, 0.00281, 0.00041, 0.00069, 0.00153, 0.00069, 0.00041, 7e-05, 0.00013, 0.0003, 0.00013, 7e-05], [0.00242, 0.01336, 0.09078, 0.60816, 0.11007, 0.00091, 0.00463, 0.03193, 0.06835, 0.04121, 0.00042, 0.00216, 0.00481, 0.01035, 0.00615, 0.00019, 0.00031, 0.0007, 0.0015, 0.00091, 3e-05, 6e-05, 0.00014, 0.00029, 0.00016], [0.00036, 0.00198, 0.01345, 0.09014, 0.7426, 0.00013, 0.00069, 0.00473, 0.03124, 0.09014, 6e-05, 0.00032, 0.0022, 0.00473, 0.01345, 3e-05, 0.00014, 0.00032, 0.00069, 0.00198, 2e-05, 3e-05, 6e-05, 0.00013, 0.00036], [0.11007, 0.04121, 0.00615, 0.00091, 0.00016, 0.60816, 0.06835, 0.01035, 0.0015, 0.00029, 0.09078, 0.03193, 0.00481, 0.0007, 0.00014, 0.01336, 0.00463, 0.00216, 0.00031, 6e-05, 0.00242, 0.00091, 0.00042, 0.00019, 3e-05], [0.05032, 0.09014, 0.0415, 0.00611, 0.00111, 0.09014, 0.46112, 0.06985, 0.01013, 0.00198, 0.0415, 0.06985, 0.03248, 0.00473, 0.00091, 0.00611, 0.01013, 0.00473, 0.00212, 0.00041, 0.00111, 0.00198, 0.00091, 0.00041, 0.00023], [0.00746, 0.04121, 0.09078, 0.04121, 0.00746, 0.01336, 0.06835, 0.47126, 0.06835, 0.01336, 0.00615, 0.03193, 0.07104, 0.03193, 0.00615, 0.00279, 0.00463, 0.01035, 0.00463, 0.00279, 0.00051, 0.00091, 0.00199, 0.00091, 0.00051], [0.00111, 0.00611, 0.0415, 0.09014, 0.05032, 0.00198, 0.01013, 0.06985, 0.46112, 0.09014, 0.00091, 0.00473, 0.03248, 0.06985, 0.0415, 0.00041, 0.00212, 0.00473, 0.01013, 0.00611, 0.00023, 0.00041, 0.00091, 0.00198, 0.00111], [0.00016, 0.00091, 0.00615, 0.04121, 0.11007, 0.00029, 0.0015, 0.01035, 0.06835, 0.60816, 0.00014, 0.0007, 0.00481, 0.03193, 0.09078, 6e-05, 0.00031, 0.00216, 0.00463, 0.01336, 3e-05, 0.00019, 0.00042, 0.00091, 0.00242], [0.01631, 0.00611, 0.00281, 0.00041, 7e-05, 0.09014, 0.03124, 0.00473, 0.00069, 0.00013, 0.61248, 0.06985, 0.01053, 0.00153, 0.0003, 0.09014, 0.03124, 0.00473, 0.00069, 0.00013, 0.01631, 0.00611, 0.00281, 0.00041, 7e-05], [0.00746, 0.01336, 0.00615, 0.00279, 0.00051, 0.04121, 0.06835, 0.03193, 0.00463, 0.00091, 0.09078, 0.47126, 0.07104, 0.01035, 0.00199, 0.04121, 0.06835, 0.03193, 0.00463, 0.00091, 0.00746, 0.01336, 0.00615, 0.00279, 0.00051], [0.00341, 0.00611, 0.01345, 0.00611, 0.00341, 0.00611, 0.03124, 0.06985, 0.03124, 0.00611, 0.01345, 0.06985, 0.47931, 0.06985, 0.01345, 0.00611, 0.03124, 0.06985, 0.03124, 0.00611, 0.00341, 0.00611, 0.01345, 0.00611, 0.00341], [0.00051, 0.00279, 0.00615, 0.01336, 0.00746, 0.00091, 0.00463, 0.03193, 0.06835, 0.04121, 0.00199, 0.01035, 0.07104, 0.47126, 0.09078, 0.00091, 0.00463, 0.03193, 0.06835, 0.04121, 0.00051, 0.00279, 0.00615, 0.01336, 0.00746], [7e-05, 0.00041, 0.00281, 0.00611, 0.01631, 0.00013, 0.00069, 0.00473, 0.03124, 0.09014, 0.0003, 0.00153, 0.01053, 0.06985, 0.61248, 0.00013, 0.00069, 0.00473, 0.03124, 0.09014, 7e-05, 0.00041, 0.00281, 0.00611, 0.01631], [0.00242, 0.00091, 0.00042, 0.00019, 3e-05, 0.01336, 0.00463, 0.00216, 0.00031, 6e-05, 0.09078, 0.03193, 0.00481, 0.0007, 0.00014, 0.60816, 0.06835, 0.01035, 0.0015, 0.00029, 0.11007, 0.04121, 0.00615, 0.00091, 0.00016], [0.00111, 0.00198, 0.00091, 0.00041, 0.00023, 0.00611, 0.01013, 0.00473, 0.00212, 0.00041, 0.0415, 0.06985, 0.03248, 0.00473, 0.00091, 0.09014, 0.46112, 0.06985, 0.01013, 0.00198, 0.05032, 0.09014, 0.0415, 0.00611, 0.00111], [0.00051, 0.00091, 0.00199, 0.00091, 0.00051, 0.00279, 0.00463, 0.01035, 0.00463, 0.00279, 0.00615, 0.03193, 0.07104, 0.03193, 0.00615, 0.01336, 0.06835, 0.47126, 0.06835, 0.01336, 0.00746, 0.04121, 0.09078, 0.04121, 0.00746], [0.00023, 0.00041, 0.00091, 0.00198, 0.00111, 0.00041, 0.00212, 0.00473, 0.01013, 0.00611, 0.00091, 0.00473, 0.03248, 0.06985, 0.0415, 0.00198, 0.01013, 0.06985, 0.46112, 0.09014, 0.00111, 0.00611, 0.0415, 0.09014, 0.05032], [3e-05, 0.00019, 0.00042, 0.00091, 0.00242, 6e-05, 0.00031, 0.00216, 0.00463, 0.01336, 0.00014, 0.0007, 0.00481, 0.03193, 0.09078, 0.00029, 0.0015, 0.01035, 0.06835, 0.60816, 0.00016, 0.00091, 0.00615, 0.04121, 0.11007], [0.00036, 0.00013, 6e-05, 3e-05, 2e-05, 0.00198, 0.00069, 0.00032, 0.00014, 3e-05, 0.01345, 0.00473, 0.0022, 0.00032, 6e-05, 0.09014, 0.03124, 0.00473, 0.00069, 0.00013, 0.7426, 0.09014, 0.01345, 0.00198, 0.00036], [0.00016, 0.00029, 0.00014, 6e-05, 3e-05, 0.00091, 0.0015, 0.0007, 0.00031, 0.00019, 0.00615, 0.01035, 0.00481, 0.00216, 0.00042, 0.04121, 0.06835, 0.03193, 0.00463, 0.00091, 0.11007, 0.60816, 0.09078, 0.01336, 0.00242], [7e-05, 0.00013, 0.0003, 0.00013, 7e-05, 0.00041, 0.00069, 0.00153, 0.00069, 0.00041, 0.00281, 0.00473, 0.01053, 0.00473, 0.00281, 0.00611, 0.03124, 0.06985, 0.03124, 0.00611, 0.01631, 0.09014, 0.61248, 0.09014, 0.01631], [3e-05, 6e-05, 0.00014, 0.00029, 0.00016, 0.00019, 0.00031, 0.0007, 0.0015, 0.00091, 0.00042, 0.00216, 0.00481, 0.01035, 0.00615, 0.00091, 0.00463, 0.03193, 0.06835, 0.04121, 0.00242, 0.01336, 0.09078, 0.60816, 0.11007], [2e-05, 3e-05, 6e-05, 0.00013, 0.00036, 3e-05, 0.00014, 0.00032, 0.00069, 0.00198, 6e-05, 0.00032, 0.0022, 0.00473, 0.01345, 0.00013, 0.00069, 0.00473, 0.03124, 0.09014, 0.00036, 0.00198, 0.01345, 0.09014, 0.7426]]