[[0.77403, 0.08207, 0.01034, 0.00129, 0.00019, 0.08207, 0.02797, 0.00356, 0.00044, 7e-05, 0.01034, 0.00356, 0.00154, 0.00019, 3e-05, 0.00129, 0.00044, 0.00019, 8e-05, 1e-05, 0.00019, 7e-05, 3e-05, 1e-05, 0], [0.097, 0.65495, 0.08249, 0.01029, 0.00152, 0.03503, 0.06554, 0.02837, 0.0035, 0.00055, 0.00441, 0.00833, 0.0036, 0.00152, 0.00024, 0.00055, 0.00103, 0.00045, 0.00019, 0.0001, 8e-05, 0.00016, 7e-05, 3e-05, 1e-05], [0.01216, 0.08207, 0.65827, 0.08207, 0.01216, 0.00439, 0.02797, 0.06649, 0.02797, 0.00439, 0.00188, 0.00356, 0.00843, 0.00356, 0.00188, 0.00023, 0.00044, 0.00104, 0.00044, 0.00023, 3e-05, 7e-05, 0.00016, 7e-05, 3e-05], [0.00152, 0.01029, 0.08249, 0.65495, 0.097, 0.00055, 0.0035, 0.02837, 0.06554, 0.03503, 0.00024, 0.00152, 0.0036, 0.00833, 0.00441, 0.0001, 0.00019, 0.00045, 0.00103, 0.00055, 1e-05, 3e-05, 7e-05, 0.00016, 8e-05], [0.00019, 0.00129, 0.01034, 0.08207, 0.77403, 7e-05, 0.00044, 0.00356, 0.02797, 0.08207, 3e-05, 0.00019, 0.00154, 0.00356, 0.01034, 1e-05, 8e-05, 0.00019, 0.00044, 0.00129, 0, 1e-05, 3e-05, 7e-05, 0.00019], [0.097, 0.03503, 0.00441, 0.00055, 8e-05, 0.65495, 0.06554, 0.00833, 0.00103, 0.00016, 0.08249, 0.02837, 0.0036, 0.00045, 7e-05, 0.01029, 0.0035, 0.00152, 0.00019, 3e-05, 0.00152, 0.00055, 0.00024, 0.0001, 1e-05], [0.04139, 0.08207, 0.0352, 0.00439, 0.00065, 0.08207, 0.52298, 0.06649, 0.00821, 0.00129, 0.0352, 0.06649, 0.02871, 0.00356, 0.00055, 0.00439, 0.00821, 0.00356, 0.0015, 0.00023, 0.00065, 0.00129, 0.00055, 0.00023, 0.00012], [0.00519, 0.03503, 0.08249, 0.03503, 0.00519, 0.01029, 0.06554, 0.53055, 0.06554, 0.01029, 0.00441, 0.02837, 0.06728, 0.02837, 0.00441, 0.00187, 0.0035, 0.00833, 0.0035, 0.00187, 0.00028, 0.00055, 0.0013, 0.00055, 0.00028], [0.00065, 0.00439, 0.0352, 0.08207, 0.04139, 0.00129, 0.00821, 0.06649, 0.52298, 0.08207, 0.00055, 0.00356, 0.02871, 0.06649, 0.0352, 0.00023, 0.0015, 0.00356, 0.00821, 0.00439, 0.00012, 0.00023, 0.00055, 0.00129, 0.00065], [8e-05, 0.00055, 0.00441, 0.03503, 0.097, 0.00016, 0.00103, 0.00833, 0.06554, 0.65495, 7e-05, 0.00045, 0.0036, 0.02837, 0.08249, 3e-05, 0.00019, 0.00152, 0.0035, 0.01029, 1e-05, 0.0001, 0.00024, 0.00055, 0.00152], [0.01216, 0.00439, 0.00188, 0.00023, 3e-05, 0.08207, 0.02797, 0.00356, 0.00044, 7e-05, 0.65827, 0.06649, 0.00843, 0.00104, 0.00016, 0.08207, 0.02797, 0.00356, 0.00044, 7e-05, 0.01216, 0.00439, 0.00188, 0.00023, 3e-05], [0.00519, 0.01029, 0.00441, 0.00187, 0.00028, 0.03503, 0.06554, 0.02837, 0.0035, 0.00055, 0.08249, 0.53055, 0.06728, 0.00833, 0.0013, 0.03503, 0.06554, 0.02837, 0.0035, 0.00055, 0.00519, 0.01029, 0.00441, 0.00187, 0.00028], [0.00221, 0.00439, 0.01034, 0.00439, 0.00221, 0.00439, 0.02797, 0.06649, 0.02797, 0.00439, 0.01034, 0.06649, 0.53686, 0.06649, 0.01034, 0.00439, 0.02797, 0.06649, 0.02797, 0.00439, 0.00221, 0.00439, 0.01034, 0.00439, 0.00221], [0.00028, 0.00187, 0.00441, 0.01029, 0.00519, 0.00055, 0.0035, 0.02837, 0.06554, 0.03503, 0.0013, 0.00833, 0.06728, 0.53055, 0.08249, 0.00055, 0.0035, 0.02837, 0.06554, 0.03503, 0.00028, 0.00187, 0.00441, 0.01029, 0.00519], [3e-05, 0.00023, 0.00188, 0.00439, 0.01216, 7e-05, 0.00044, 0.00356, 0.02797, 0.08207, 0.00016, 0.00104, 0.00843, 0.06649, 0.65827, 7e-05, 0.00044, 0.00356, 0.02797, 0.08207, 3e-05, 0.00023, 0.00188, 0.00439, 0.01216], [0.00152, 0.00055, 0.00024, 0.0001, 1e-05, 0.01029, 0.0035, 0.00152, 0.00019, 3e-05, 0.08249, 0.02837, 0.0036, 0.00045, 7e-05, 0.65495, 0.06554, 0.00833, 0.00103, 0.00016, 0.097, 0.03503, 0.00441, 0.00055, 8e-05], [0.00065, 0.00129, 0.00055, 0.00023, 0.00012, 0.00439, 0.00821, 0.00356, 0.0015, 0.00023, 0.0352, 0.06649, 0.02871, 0.00356, 0.00055, 0.08207, 0.52298, 0.06649, 0.00821, 0.00129, 0.04139, 0.08207, 0.0352, 0.00439, 0.00065], [0.00028, 0.00055, 0.0013, 0.00055, 0.00028, 0.00187, 0.0035, 0.00833, 0.0035, 0.00187, 0.00441, 0.02837, 0.06728, 0.02837, 0.00441, 0.01029, 0.06554, 0.53055, 0.06554, 0.01029, 0.00519, 0.03503, 0.08249, 0.03503, 0.00519], [0.00012, 0.00023, 0.00055, 0.00129, 0.00065, 0.00023, 0.0015, 0.00356, 0.00821, 0.00439, 0.00055, 0.00356, 0.02871, 0.06649, 0.0352, 0.00129, 0.00821, 0.06649, 0.52298, 0.08207, 0.00065, 0.00439, 0.0352, 0.08207, 0.04139], [1e-05, 0.0001, 0.00024, 0.00055, 0.00152, 3e-05, 0.00019, 0.00152, 0.0035, 0.01029, 7e-05, 0.00045, 0.0036, 0.02837, 0.08249, 0.00016, 0.00103, 0.00833, 0.06554, 0.65495, 8e-05, 0.00055, 0.00441, 0.03503, 0.097], [0.00019, 7e-05, 3e-05, 1e-05, 0, 0.00129, 0.00044, 0.00019, 8e-05, 1e-05, 0.01034, 0.00356, 0.00154, 0.00019, 3e-05, 0.08207, 0.02797, 0.00356, 0.00044, 7e-05, 0.77403, 0.08207, 0.01034, 0.00129, 0.00019], [8e-05, 0.00016, 7e-05, 3e-05, 1e-05, 0.00055, 0.00103, 0.00045, 0.00019, 0.0001, 0.00441, 0.00833, 0.0036, 0.00152, 0.00024, 0.03503, 0.06554, 0.02837, 0.0035, 0.00055, 0.097, 0.65495, 0.08249, 0.01029, 0.00152], [3e-05, 7e-05, 0.00016, 7e-05, 3e-05, 0.00023, 0.00044, 0.00104, 0.00044, 0.00023, 0.00188, 0.00356, 0.00843, 0.00356, 0.00188, 0.00439, 0.02797, 0.06649, 0.02797, 0.00439, 0.01216, 0.08207, 0.65827, 0.08207, 0.01216], [1e-05, 3e-05, 7e-05, 0.00016, 8e-05, 0.0001, 0.00019, 0.00045, 0.00103, 0.00055, 0.00024, 0.00152, 0.0036, 0.00833, 0.00441, 0.00055, 0.0035, 0.02837, 0.06554, 0.03503, 0.00152, 0.01029, 0.08249, 0.65495, 0.097], [0, 1e-05, 3e-05, 7e-05, 0.00019, 1e-05, 8e-05, 0.00019, 0.00044, 0.00129, 3e-05, 0.00019, 0.00154, 0.00356, 0.01034, 7e-05, 0.00044, 0.00356, 0.02797, 0.08207, 0.00019, 0.00129, 0.01034, 0.08207, 0.77403]]