[[0.7923, 0.07699, 0.00872, 0.00098, 0.00013, 0.07699, 0.02582, 0.00295, 0.00033, 5e-05, 0.00872, 0.00295, 0.00122, 0.00014, 2e-05, 0.00098, 0.00033, 0.00014, 5e-05, 0, 0.00013, 5e-05, 2e-05, 0, 0], [0.0894, 0.68234, 0.07731, 0.00869, 0.00114, 0.03147, 0.06315, 0.0261, 0.00291, 0.0004, 0.00357, 0.00721, 0.00297, 0.0012, 0.00016, 0.0004, 0.0008, 0.00033, 0.00013, 7e-05, 5e-05, 0.00011, 5e-05, 2e-05, 0], [0.01009, 0.07699, 0.68513, 0.07699, 0.01009, 0.00355, 0.02582, 0.06386, 0.02582, 0.00355, 0.00146, 0.00295, 0.00727, 0.00295, 0.00146, 0.00016, 0.00033, 0.00081, 0.00033, 0.00016, 2e-05, 5e-05, 0.00011, 5e-05, 2e-05], [0.00114, 0.00869, 0.07731, 0.68234, 0.0894, 0.0004, 0.00291, 0.0261, 0.06315, 0.03147, 0.00016, 0.0012, 0.00297, 0.00721, 0.00357, 7e-05, 0.00013, 0.00033, 0.0008, 0.0004, 0, 2e-05, 5e-05, 0.00011, 5e-05], [0.00013, 0.00098, 0.00872, 0.07699, 0.7923, 5e-05, 0.00033, 0.00295, 0.02582, 0.07699, 2e-05, 0.00014, 0.00122, 0.00295, 0.00872, 0, 5e-05, 0.00014, 0.00033, 0.00098, 0, 0, 2e-05, 5e-05, 0.00013], [0.0894, 0.03147, 0.00357, 0.0004, 5e-05, 0.68234, 0.06315, 0.00721, 0.0008, 0.00011, 0.07731, 0.0261, 0.00297, 0.00033, 5e-05, 0.00869, 0.00291, 0.0012, 0.00013, 2e-05, 0.00114, 0.0004, 0.00016, 7e-05, 0], [0.03655, 0.07699, 0.0316, 0.00355, 0.00047, 0.07699, 0.55966, 0.06386, 0.00713, 0.00098, 0.0316, 0.06386, 0.02635, 0.00295, 0.0004, 0.00355, 0.00713, 0.00295, 0.00119, 0.00016, 0.00047, 0.00098, 0.0004, 0.00016, 8e-05], [0.00412, 0.03147, 0.07731, 0.03147, 0.00412, 0.00869, 0.06315, 0.56592, 0.06315, 0.00869, 0.00357, 0.0261, 0.06446, 0.0261, 0.00357, 0.00145, 0.00291, 0.00721, 0.00291, 0.00145, 0.00019, 0.0004, 0.00098, 0.0004, 0.00019], [0.00047, 0.00355, 0.0316, 0.07699, 0.03655, 0.00098, 0.00713, 0.06386, 0.55966, 0.07699, 0.0004, 0.00295, 0.02635, 0.06386, 0.0316, 0.00016, 0.00119, 0.00295, 0.00713, 0.00355, 8e-05, 0.00016, 0.0004, 0.00098, 0.00047], [5e-05, 0.0004, 0.00357, 0.03147, 0.0894, 0.00011, 0.0008, 0.00721, 0.06315, 0.68234, 5e-05, 0.00033, 0.00297, 0.0261, 0.07731, 2e-05, 0.00013, 0.0012, 0.00291, 0.00869, 0, 7e-05, 0.00016, 0.0004, 0.00114], [0.01009, 0.00355, 0.00146, 0.00016, 2e-05, 0.07699, 0.02582, 0.00295, 0.00033, 5e-05, 0.68513, 0.06386, 0.00727, 0.00081, 0.00011, 0.07699, 0.02582, 0.00295, 0.00033, 5e-05, 0.01009, 0.00355, 0.00146, 0.00016, 2e-05], [0.00412, 0.00869, 0.00357, 0.00145, 0.00019, 0.03147, 0.06315, 0.0261, 0.00291, 0.0004, 0.07731, 0.56592, 0.06446, 0.00721, 0.00098, 0.03147, 0.06315, 0.0261, 0.00291, 0.0004, 0.00412, 0.00869, 0.00357, 0.00145, 0.00019], [0.00169, 0.00355, 0.00872, 0.00355, 0.00169, 0.00355, 0.02582, 0.06386, 0.02582, 0.00355, 0.00872, 0.06386, 0.57127, 0.06386, 0.00872, 0.00355, 0.02582, 0.06386, 0.02582, 0.00355, 0.00169, 0.00355, 0.00872, 0.00355, 0.00169], [0.00019, 0.00145, 0.00357, 0.00869, 0.00412, 0.0004, 0.00291, 0.0261, 0.06315, 0.03147, 0.00098, 0.00721, 0.06446, 0.56592, 0.07731, 0.0004, 0.00291, 0.0261, 0.06315, 0.03147, 0.00019, 0.00145, 0.00357, 0.00869, 0.00412], [2e-05, 0.00016, 0.00146, 0.00355, 0.01009, 5e-05, 0.00033, 0.00295, 0.02582, 0.07699, 0.00011, 0.00081, 0.00727, 0.06386, 0.68513, 5e-05, 0.00033, 0.00295, 0.02582, 0.07699, 2e-05, 0.00016, 0.00146, 0.00355, 0.01009], [0.00114, 0.0004, 0.00016, 7e-05, 0, 0.00869, 0.00291, 0.0012, 0.00013, 2e-05, 0.07731, 0.0261, 0.00297, 0.00033, 5e-05, 0.68234, 0.06315, 0.00721, 0.0008, 0.00011, 0.0894, 0.03147, 0.00357, 0.0004, 5e-05], [0.00047, 0.00098, 0.0004, 0.00016, 8e-05, 0.00355, 0.00713, 0.00295, 0.00119, 0.00016, 0.0316, 0.06386, 0.02635, 0.00295, 0.0004, 0.07699, 0.55966, 0.06386, 0.00713, 0.00098, 0.03655, 0.07699, 0.0316, 0.00355, 0.00047], [0.00019, 0.0004, 0.00098, 0.0004, 0.00019, 0.00145, 0.00291, 0.00721, 0.00291, 0.00145, 0.00357, 0.0261, 0.06446, 0.0261, 0.00357, 0.00869, 0.06315, 0.56592, 0.06315, 0.00869, 0.00412, 0.03147, 0.07731, 0.03147, 0.00412], [8e-05, 0.00016, 0.0004, 0.00098, 0.00047, 0.00016, 0.00119, 0.00295, 0.00713, 0.00355, 0.0004, 0.00295, 0.02635, 0.06386, 0.0316, 0.00098, 0.00713, 0.06386, 0.55966, 0.07699, 0.00047, 0.00355, 0.0316, 0.07699, 0.03655], [0, 7e-05, 0.00016, 0.0004, 0.00114, 2e-05, 0.00013, 0.0012, 0.00291, 0.00869, 5e-05, 0.00033, 0.00297, 0.0261, 0.07731, 0.00011, 0.0008, 0.00721, 0.06315, 0.68234, 5e-05, 0.0004, 0.00357, 0.03147, 0.0894], [0.00013, 5e-05, 2e-05, 0, 0, 0.00098, 0.00033, 0.00014, 5e-05, 0, 0.00872, 0.00295, 0.00122, 0.00014, 2e-05, 0.07699, 0.02582, 0.00295, 0.00033, 5e-05, 0.7923, 0.07699, 0.00872, 0.00098, 0.00013], [5e-05, 0.00011, 5e-05, 2e-05, 0, 0.0004, 0.0008, 0.00033, 0.00013, 7e-05, 0.00357, 0.00721, 0.00297, 0.0012, 0.00016, 0.03147, 0.06315, 0.0261, 0.00291, 0.0004, 0.0894, 0.68234, 0.07731, 0.00869, 0.00114], [2e-05, 5e-05, 0.00011, 5e-05, 2e-05, 0.00016, 0.00033, 0.00081, 0.00033, 0.00016, 0.00146, 0.00295, 0.00727, 0.00295, 0.00146, 0.00355, 0.02582, 0.06386, 0.02582, 0.00355, 0.01009, 0.07699, 0.68513, 0.07699, 0.01009], [0, 2e-05, 5e-05, 0.00011, 5e-05, 7e-05, 0.00013, 0.00033, 0.0008, 0.0004, 0.00016, 0.0012, 0.00297, 0.00721, 0.00357, 0.0004, 0.00291, 0.0261, 0.06315, 0.03147, 0.00114, 0.00869, 0.07731, 0.68234, 0.0894], [0, 0, 2e-05, 5e-05, 0.00013, 0, 5e-05, 0.00014, 0.00033, 0.00098, 2e-05, 0.00014, 0.00122, 0.00295, 0.00872, 5e-05, 0.00033, 0.00295, 0.02582, 0.07699, 0.00013, 0.00098, 0.00872, 0.07699, 0.7923]]