[[0.64681, 0.10873, 0.02562, 0.00585, 0.00187, 0.10873, 0.0362, 0.009, 0.00195, 0.00074, 0.02562, 0.009, 0.00515, 0.00115, 0.00042, 0.00585, 0.00195, 0.00115, 0.00059, 0.00022, 0.00187, 0.00074, 0.00042, 0.00022, 0.00017], [0.14998, 0.46891, 0.11049, 0.02521, 0.00806, 0.05972, 0.06592, 0.0388, 0.00839, 0.00321, 0.01407, 0.01638, 0.00937, 0.00494, 0.00179, 0.00321, 0.00354, 0.00209, 0.00107, 0.00097, 0.00103, 0.00136, 0.00076, 0.00041, 0.00031], [0.03478, 0.10873, 0.47651, 0.10873, 0.03478, 0.01385, 0.0362, 0.07064, 0.0362, 0.01385, 0.00773, 0.009, 0.01706, 0.009, 0.00773, 0.00176, 0.00195, 0.0038, 0.00195, 0.00176, 0.00056, 0.00074, 0.00138, 0.00074, 0.00056], [0.00806, 0.02521, 0.11049, 0.46891, 0.14998, 0.00321, 0.00839, 0.0388, 0.06592, 0.05972, 0.00179, 0.00494, 0.00937, 0.01638, 0.01407, 0.00097, 0.00107, 0.00209, 0.00354, 0.00321, 0.00031, 0.00041, 0.00076, 0.00136, 0.00103], [0.00187, 0.00585, 0.02562, 0.10873, 0.64681, 0.00074, 0.00195, 0.009, 0.0362, 0.10873, 0.00042, 0.00115, 0.00515, 0.009, 0.02562, 0.00022, 0.00059, 0.00115, 0.00195, 0.00585, 0.00017, 0.00022, 0.00042, 0.00074, 0.00187], [0.14998, 0.05972, 0.01407, 0.00321, 0.00103, 0.46891, 0.06592, 0.01638, 0.00354, 0.00136, 0.11049, 0.0388, 0.00937, 0.00209, 0.00076, 0.02521, 0.00839, 0.00494, 0.00107, 0.00041, 0.00806, 0.00321, 0.00179, 0.00097, 0.00031], [0.08237, 0.10873, 0.06069, 0.01385, 0.00443, 0.10873, 0.28427, 0.07064, 0.01528, 0.00585, 0.06069, 0.07064, 0.04042, 0.009, 0.00326, 0.01385, 0.01528, 0.009, 0.00461, 0.00176, 0.00443, 0.00585, 0.00326, 0.00176, 0.00134], [0.0191, 0.05972, 0.11049, 0.05972, 0.0191, 0.02521, 0.06592, 0.30466, 0.06592, 0.02521, 0.01407, 0.0388, 0.07359, 0.0388, 0.01407, 0.00761, 0.00839, 0.01638, 0.00839, 0.00761, 0.00243, 0.00321, 0.00594, 0.00321, 0.00243], [0.00443, 0.01385, 0.06069, 0.10873, 0.08237, 0.00585, 0.01528, 0.07064, 0.28427, 0.10873, 0.00326, 0.009, 0.04042, 0.07064, 0.06069, 0.00176, 0.00461, 0.009, 0.01528, 0.01385, 0.00134, 0.00176, 0.00326, 0.00585, 0.00443], [0.00103, 0.00321, 0.01407, 0.05972, 0.14998, 0.00136, 0.00354, 0.01638, 0.06592, 0.46891, 0.00076, 0.00209, 0.00937, 0.0388, 0.11049, 0.00041, 0.00107, 0.00494, 0.00839, 0.02521, 0.00031, 0.00097, 0.00179, 0.00321, 0.00806], [0.03478, 0.01385, 0.00773, 0.00176, 0.00056, 0.10873, 0.0362, 0.009, 0.00195, 0.00074, 0.47651, 0.07064, 0.01706, 0.0038, 0.00138, 0.10873, 0.0362, 0.009, 0.00195, 0.00074, 0.03478, 0.01385, 0.00773, 0.00176, 0.00056], [0.0191, 0.02521, 0.01407, 0.00761, 0.00243, 0.05972, 0.06592, 0.0388, 0.00839, 0.00321, 0.11049, 0.30466, 0.07359, 0.01638, 0.00594, 0.05972, 0.06592, 0.0388, 0.00839, 0.00321, 0.0191, 0.02521, 0.01407, 0.00761, 0.00243], [0.01049, 0.01385, 0.02562, 0.01385, 0.01049, 0.01385, 0.0362, 0.07064, 0.0362, 0.01385, 0.02562, 0.07064, 0.31738, 0.07064, 0.02562, 0.01385, 0.0362, 0.07064, 0.0362, 0.01385, 0.01049, 0.01385, 0.02562, 0.01385, 0.01049], [0.00243, 0.00761, 0.01407, 0.02521, 0.0191, 0.00321, 0.00839, 0.0388, 0.06592, 0.05972, 0.00594, 0.01638, 0.07359, 0.30466, 0.11049, 0.00321, 0.00839, 0.0388, 0.06592, 0.05972, 0.00243, 0.00761, 0.01407, 0.02521, 0.0191], [0.00056, 0.00176, 0.00773, 0.01385, 0.03478, 0.00074, 0.00195, 0.009, 0.0362, 0.10873, 0.00138, 0.0038, 0.01706, 0.07064, 0.47651, 0.00074, 0.00195, 0.009, 0.0362, 0.10873, 0.00056, 0.00176, 0.00773, 0.01385, 0.03478], [0.00806, 0.00321, 0.00179, 0.00097, 0.00031, 0.02521, 0.00839, 0.00494, 0.00107, 0.00041, 0.11049, 0.0388, 0.00937, 0.00209, 0.00076, 0.46891, 0.06592, 0.01638, 0.00354, 0.00136, 0.14998, 0.05972, 0.01407, 0.00321, 0.00103], [0.00443, 0.00585, 0.00326, 0.00176, 0.00134, 0.01385, 0.01528, 0.009, 0.00461, 0.00176, 0.06069, 0.07064, 0.04042, 0.009, 0.00326, 0.10873, 0.28427, 0.07064, 0.01528, 0.00585, 0.08237, 0.10873, 0.06069, 0.01385, 0.00443], [0.00243, 0.00321, 0.00594, 0.00321, 0.00243, 0.00761, 0.00839, 0.01638, 0.00839, 0.00761, 0.01407, 0.0388, 0.07359, 0.0388, 0.01407, 0.02521, 0.06592, 0.30466, 0.06592, 0.02521, 0.0191, 0.05972, 0.11049, 0.05972, 0.0191], [0.00134, 0.00176, 0.00326, 0.00585, 0.00443, 0.00176, 0.00461, 0.009, 0.01528, 0.01385, 0.00326, 0.009, 0.04042, 0.07064, 0.06069, 0.00585, 0.01528, 0.07064, 0.28427, 0.10873, 0.00443, 0.01385, 0.06069, 0.10873, 0.08237], [0.00031, 0.00097, 0.00179, 0.00321, 0.00806, 0.00041, 0.00107, 0.00494, 0.00839, 0.02521, 0.00076, 0.00209, 0.00937, 0.0388, 0.11049, 0.00136, 0.00354, 0.01638, 0.06592, 0.46891, 0.00103, 0.00321, 0.01407, 0.05972, 0.14998], [0.00187, 0.00074, 0.00042, 0.00022, 0.00017, 0.00585, 0.00195, 0.00115, 0.00059, 0.00022, 0.02562, 0.009, 0.00515, 0.00115, 0.00042, 0.10873, 0.0362, 0.009, 0.00195, 0.00074, 0.64681, 0.10873, 0.02562, 0.00585, 0.00187], [0.00103, 0.00136, 0.00076, 0.00041, 0.00031, 0.00321, 0.00354, 0.00209, 0.00107, 0.00097, 0.01407, 0.01638, 0.00937, 0.00494, 0.00179, 0.05972, 0.06592, 0.0388, 0.00839, 0.00321, 0.14998, 0.46891, 0.11049, 0.02521, 0.00806], [0.00056, 0.00074, 0.00138, 0.00074, 0.00056, 0.00176, 0.00195, 0.0038, 0.00195, 0.00176, 0.00773, 0.009, 0.01706, 0.009, 0.00773, 0.01385, 0.0362, 0.07064, 0.0362, 0.01385, 0.03478, 0.10873, 0.47651, 0.10873, 0.03478], [0.00031, 0.00041, 0.00076, 0.00136, 0.00103, 0.00097, 0.00107, 0.00209, 0.00354, 0.00321, 0.00179, 0.00494, 0.00937, 0.01638, 0.01407, 0.00321, 0.00839, 0.0388, 0.06592, 0.05972, 0.00806, 0.02521, 0.11049, 0.46891, 0.14998], [0.00017, 0.00022, 0.00042, 0.00074, 0.00187, 0.00022, 0.00059, 0.00115, 0.00195, 0.00585, 0.00042, 0.00115, 0.00515, 0.009, 0.02562, 0.00074, 0.00195, 0.009, 0.0362, 0.10873, 0.00187, 0.00585, 0.02562, 0.10873, 0.64681]]