[[0.92, 0.034, 0.00132, 5e-05, 0, 0.034, 0.00847, 0.00033, 1e-05, 0, 0.00132, 0.00033, 9e-05, 0, 0, 5e-05, 1e-05, 0, 0, 0, 0, 0, 0, 0, 0], [0.03567, 0.87696, 0.03402, 0.00132, 5e-05, 0.00897, 0.0321, 0.00848, 0.00033, 1e-05, 0.00035, 0.00125, 0.00033, 9e-05, 0, 1e-05, 5e-05, 1e-05, 0, 0, 0, 0, 0, 0, 0], [0.00138, 0.034, 0.8773, 0.034, 0.00138, 0.00035, 0.00847, 0.03212, 0.00847, 0.00035, 9e-05, 0.00033, 0.00125, 0.00033, 9e-05, 0, 1e-05, 5e-05, 1e-05, 0, 0, 0, 0, 0, 0], [5e-05, 0.00132, 0.03402, 0.87696, 0.03567, 1e-05, 0.00033, 0.00848, 0.0321, 0.00897, 0, 9e-05, 0.00033, 0.00125, 0.00035, 0, 0, 1e-05, 5e-05, 1e-05, 0, 0, 0, 0, 0], [0, 5e-05, 0.00132, 0.034, 0.92, 0, 1e-05, 0.00033, 0.00847, 0.034, 0, 0, 9e-05, 0.00033, 0.00132, 0, 0, 0, 1e-05, 5e-05, 0, 0, 0, 0, 0], [0.03567, 0.00897, 0.00035, 1e-05, 0, 0.87696, 0.0321, 0.00125, 5e-05, 0, 0.03402, 0.00848, 0.00033, 1e-05, 0, 0.00132, 0.00033, 9e-05, 0, 0, 5e-05, 1e-05, 0, 0, 0], [0.00941, 0.034, 0.00897, 0.00035, 1e-05, 0.034, 0.82781, 0.03212, 0.00124, 5e-05, 0.00897, 0.03212, 0.00848, 0.00033, 1e-05, 0.00035, 0.00124, 0.00033, 9e-05, 0, 1e-05, 5e-05, 1e-05, 0, 0], [0.00036, 0.00897, 0.03402, 0.00897, 0.00036, 0.00132, 0.0321, 0.82851, 0.0321, 0.00132, 0.00035, 0.00848, 0.03215, 0.00848, 0.00035, 9e-05, 0.00033, 0.00125, 0.00033, 9e-05, 0, 1e-05, 5e-05, 1e-05, 0], [1e-05, 0.00035, 0.00897, 0.034, 0.00941, 5e-05, 0.00124, 0.03212, 0.82781, 0.034, 1e-05, 0.00033, 0.00848, 0.03212, 0.00897, 0, 9e-05, 0.00033, 0.00124, 0.00035, 0, 0, 1e-05, 5e-05, 1e-05], [0, 1e-05, 0.00035, 0.00897, 0.03567, 0, 5e-05, 0.00125, 0.0321, 0.87696, 0, 1e-05, 0.00033, 0.00848, 0.03402, 0, 0, 9e-05, 0.00033, 0.00132, 0, 0, 0, 1e-05, 5e-05], [0.00138, 0.00035, 9e-05, 0, 0, 0.034, 0.00847, 0.00033, 1e-05, 0, 0.8773, 0.03212, 0.00125, 5e-05, 0, 0.034, 0.00847, 0.00033, 1e-05, 0, 0.00138, 0.00035, 9e-05, 0, 0], [0.00036, 0.00132, 0.00035, 9e-05, 0, 0.00897, 0.0321, 0.00848, 0.00033, 1e-05, 0.03402, 0.82851, 0.03215, 0.00125, 5e-05, 0.00897, 0.0321, 0.00848, 0.00033, 1e-05, 0.00036, 0.00132, 0.00035, 9e-05, 0], [0.0001, 0.00035, 0.00132, 0.00035, 0.0001, 0.00035, 0.00847, 0.03212, 0.00847, 0.00035, 0.00132, 0.03212, 0.82919, 0.03212, 0.00132, 0.00035, 0.00847, 0.03212, 0.00847, 0.00035, 0.0001, 0.00035, 0.00132, 0.00035, 0.0001], [0, 9e-05, 0.00035, 0.00132, 0.00036, 1e-05, 0.00033, 0.00848, 0.0321, 0.00897, 5e-05, 0.00125, 0.03215, 0.82851, 0.03402, 1e-05, 0.00033, 0.00848, 0.0321, 0.00897, 0, 9e-05, 0.00035, 0.00132, 0.00036], [0, 0, 9e-05, 0.00035, 0.00138, 0, 1e-05, 0.00033, 0.00847, 0.034, 0, 5e-05, 0.00125, 0.03212, 0.8773, 0, 1e-05, 0.00033, 0.00847, 0.034, 0, 0, 9e-05, 0.00035, 0.00138], [5e-05, 1e-05, 0, 0, 0, 0.00132, 0.00033, 9e-05, 0, 0, 0.03402, 0.00848, 0.00033, 1e-05, 0, 0.87696, 0.0321, 0.00125, 5e-05, 0, 0.03567, 0.00897, 0.00035, 1e-05, 0], [1e-05, 5e-05, 1e-05, 0, 0, 0.00035, 0.00124, 0.00033, 9e-05, 0, 0.00897, 0.03212, 0.00848, 0.00033, 1e-05, 0.034, 0.82781, 0.03212, 0.00124, 5e-05, 0.00941, 0.034, 0.00897, 0.00035, 1e-05], [0, 1e-05, 5e-05, 1e-05, 0, 9e-05, 0.00033, 0.00125, 0.00033, 9e-05, 0.00035, 0.00848, 0.03215, 0.00848, 0.00035, 0.00132, 0.0321, 0.82851, 0.0321, 0.00132, 0.00036, 0.00897, 0.03402, 0.00897, 0.00036], [0, 0, 1e-05, 5e-05, 1e-05, 0, 9e-05, 0.00033, 0.00124, 0.00035, 1e-05, 0.00033, 0.00848, 0.03212, 0.00897, 5e-05, 0.00124, 0.03212, 0.82781, 0.034, 1e-05, 0.00035, 0.00897, 0.034, 0.00941], [0, 0, 0, 1e-05, 5e-05, 0, 0, 9e-05, 0.00033, 0.00132, 0, 1e-05, 0.00033, 0.00848, 0.03402, 0, 5e-05, 0.00125, 0.0321, 0.87696, 0, 1e-05, 0.00035, 0.00897, 0.03567], [0, 0, 0, 0, 0, 5e-05, 1e-05, 0, 0, 0, 0.00132, 0.00033, 9e-05, 0, 0, 0.034, 0.00847, 0.00033, 1e-05, 0, 0.92, 0.034, 0.00132, 5e-05, 0], [0, 0, 0, 0, 0, 1e-05, 5e-05, 1e-05, 0, 0, 0.00035, 0.00125, 0.00033, 9e-05, 0, 0.00897, 0.0321, 0.00848, 0.00033, 1e-05, 0.03567, 0.87696, 0.03402, 0.00132, 5e-05], [0, 0, 0, 0, 0, 0, 1e-05, 5e-05, 1e-05, 0, 9e-05, 0.00033, 0.00125, 0.00033, 9e-05, 0.00035, 0.00847, 0.03212, 0.00847, 0.00035, 0.00138, 0.034, 0.8773, 0.034, 0.00138], [0, 0, 0, 0, 0, 0, 0, 1e-05, 5e-05, 1e-05, 0, 9e-05, 0.00033, 0.00125, 0.00035, 1e-05, 0.00033, 0.00848, 0.0321, 0.00897, 5e-05, 0.00132, 0.03402, 0.87696, 0.03567], [0, 0, 0, 0, 0, 0, 0, 0, 1e-05, 5e-05, 0, 0, 9e-05, 0.00033, 0.00132, 0, 1e-05, 0.00033, 0.00847, 0.034, 0, 5e-05, 0.00132, 0.034, 0.92]]