[[0.80726, 0.07262, 0.00751, 0.00077, 9e-05, 0.07262, 0.02394, 0.00249, 0.00025, 3e-05, 0.00751, 0.00249, 0.00099, 0.0001, 1e-05, 0.00077, 0.00025, 0.0001, 4e-05, 0, 9e-05, 3e-05, 1e-05, 0, 0], [0.08317, 0.70487, 0.07287, 0.00748, 0.00088, 0.0286, 0.0608, 0.02416, 0.00247, 0.0003, 0.00296, 0.00632, 0.00251, 0.00098, 0.00012, 0.0003, 0.00065, 0.00026, 0.0001, 5e-05, 4e-05, 8e-05, 3e-05, 1e-05, 0], [0.00857, 0.07262, 0.70725, 0.07262, 0.00857, 0.00295, 0.02394, 0.06134, 0.02394, 0.00295, 0.00116, 0.00249, 0.00637, 0.00249, 0.00116, 0.00012, 0.00025, 0.00065, 0.00025, 0.00012, 1e-05, 3e-05, 8e-05, 3e-05, 1e-05], [0.00088, 0.00748, 0.07287, 0.70487, 0.08317, 0.0003, 0.00247, 0.02416, 0.0608, 0.0286, 0.00012, 0.00098, 0.00251, 0.00632, 0.00296, 5e-05, 0.0001, 0.00026, 0.00065, 0.0003, 0, 1e-05, 3e-05, 8e-05, 4e-05], [9e-05, 0.00077, 0.00751, 0.07262, 0.80726, 3e-05, 0.00025, 0.00249, 0.02394, 0.07262, 1e-05, 0.0001, 0.00099, 0.00249, 0.00751, 0, 4e-05, 0.0001, 0.00025, 0.00077, 0, 0, 1e-05, 3e-05, 9e-05], [0.08317, 0.0286, 0.00296, 0.0003, 4e-05, 0.70487, 0.0608, 0.00632, 0.00065, 8e-05, 0.07287, 0.02416, 0.00251, 0.00026, 3e-05, 0.00748, 0.00247, 0.00098, 0.0001, 1e-05, 0.00088, 0.0003, 0.00012, 5e-05, 0], [0.03276, 0.07262, 0.0287, 0.00295, 0.00035, 0.07262, 0.59007, 0.06134, 0.00626, 0.00077, 0.0287, 0.06134, 0.02434, 0.00249, 0.0003, 0.00295, 0.00626, 0.00249, 0.00097, 0.00012, 0.00035, 0.00077, 0.0003, 0.00012, 5e-05], [0.00337, 0.0286, 0.07287, 0.0286, 0.00337, 0.00748, 0.0608, 0.59535, 0.0608, 0.00748, 0.00296, 0.02416, 0.06181, 0.02416, 0.00296, 0.00116, 0.00247, 0.00632, 0.00247, 0.00116, 0.00014, 0.0003, 0.00077, 0.0003, 0.00014], [0.00035, 0.00295, 0.0287, 0.07262, 0.03276, 0.00077, 0.00626, 0.06134, 0.59007, 0.07262, 0.0003, 0.00249, 0.02434, 0.06134, 0.0287, 0.00012, 0.00097, 0.00249, 0.00626, 0.00295, 5e-05, 0.00012, 0.0003, 0.00077, 0.00035], [4e-05, 0.0003, 0.00296, 0.0286, 0.08317, 8e-05, 0.00065, 0.00632, 0.0608, 0.70487, 3e-05, 0.00026, 0.00251, 0.02416, 0.07287, 1e-05, 0.0001, 0.00098, 0.00247, 0.00748, 0, 5e-05, 0.00012, 0.0003, 0.00088], [0.00857, 0.00295, 0.00116, 0.00012, 1e-05, 0.07262, 0.02394, 0.00249, 0.00025, 3e-05, 0.70725, 0.06134, 0.00637, 0.00065, 8e-05, 0.07262, 0.02394, 0.00249, 0.00025, 3e-05, 0.00857, 0.00295, 0.00116, 0.00012, 1e-05], [0.00337, 0.00748, 0.00296, 0.00116, 0.00014, 0.0286, 0.0608, 0.02416, 0.00247, 0.0003, 0.07287, 0.59535, 0.06181, 0.00632, 0.00077, 0.0286, 0.0608, 0.02416, 0.00247, 0.0003, 0.00337, 0.00748, 0.00296, 0.00116, 0.00014], [0.00133, 0.00295, 0.00751, 0.00295, 0.00133, 0.00295, 0.02394, 0.06134, 0.02394, 0.00295, 0.00751, 0.06134, 0.59995, 0.06134, 0.00751, 0.00295, 0.02394, 0.06134, 0.02394, 0.00295, 0.00133, 0.00295, 0.00751, 0.00295, 0.00133], [0.00014, 0.00116, 0.00296, 0.00748, 0.00337, 0.0003, 0.00247, 0.02416, 0.0608, 0.0286, 0.00077, 0.00632, 0.06181, 0.59535, 0.07287, 0.0003, 0.00247, 0.02416, 0.0608, 0.0286, 0.00014, 0.00116, 0.00296, 0.00748, 0.00337], [1e-05, 0.00012, 0.00116, 0.00295, 0.00857, 3e-05, 0.00025, 0.00249, 0.02394, 0.07262, 8e-05, 0.00065, 0.00637, 0.06134, 0.70725, 3e-05, 0.00025, 0.00249, 0.02394, 0.07262, 1e-05, 0.00012, 0.00116, 0.00295, 0.00857], [0.00088, 0.0003, 0.00012, 5e-05, 0, 0.00748, 0.00247, 0.00098, 0.0001, 1e-05, 0.07287, 0.02416, 0.00251, 0.00026, 3e-05, 0.70487, 0.0608, 0.00632, 0.00065, 8e-05, 0.08317, 0.0286, 0.00296, 0.0003, 4e-05], [0.00035, 0.00077, 0.0003, 0.00012, 5e-05, 0.00295, 0.00626, 0.00249, 0.00097, 0.00012, 0.0287, 0.06134, 0.02434, 0.00249, 0.0003, 0.07262, 0.59007, 0.06134, 0.00626, 0.00077, 0.03276, 0.07262, 0.0287, 0.00295, 0.00035], [0.00014, 0.0003, 0.00077, 0.0003, 0.00014, 0.00116, 0.00247, 0.00632, 0.00247, 0.00116, 0.00296, 0.02416, 0.06181, 0.02416, 0.00296, 0.00748, 0.0608, 0.59535, 0.0608, 0.00748, 0.00337, 0.0286, 0.07287, 0.0286, 0.00337], [5e-05, 0.00012, 0.0003, 0.00077, 0.00035, 0.00012, 0.00097, 0.00249, 0.00626, 0.00295, 0.0003, 0.00249, 0.02434, 0.06134, 0.0287, 0.00077, 0.00626, 0.06134, 0.59007, 0.07262, 0.00035, 0.00295, 0.0287, 0.07262, 0.03276], [0, 5e-05, 0.00012, 0.0003, 0.00088, 1e-05, 0.0001, 0.00098, 0.00247, 0.00748, 3e-05, 0.00026, 0.00251, 0.02416, 0.07287, 8e-05, 0.00065, 0.00632, 0.0608, 0.70487, 4e-05, 0.0003, 0.00296, 0.0286, 0.08317], [9e-05, 3e-05, 1e-05, 0, 0, 0.00077, 0.00025, 0.0001, 4e-05, 0, 0.00751, 0.00249, 0.00099, 0.0001, 1e-05, 0.07262, 0.02394, 0.00249, 0.00025, 3e-05, 0.80726, 0.07262, 0.00751, 0.00077, 9e-05], [4e-05, 8e-05, 3e-05, 1e-05, 0, 0.0003, 0.00065, 0.00026, 0.0001, 5e-05, 0.00296, 0.00632, 0.00251, 0.00098, 0.00012, 0.0286, 0.0608, 0.02416, 0.00247, 0.0003, 0.08317, 0.70487, 0.07287, 0.00748, 0.00088], [1e-05, 3e-05, 8e-05, 3e-05, 1e-05, 0.00012, 0.00025, 0.00065, 0.00025, 0.00012, 0.00116, 0.00249, 0.00637, 0.00249, 0.00116, 0.00295, 0.02394, 0.06134, 0.02394, 0.00295, 0.00857, 0.07262, 0.70725, 0.07262, 0.00857], [0, 1e-05, 3e-05, 8e-05, 4e-05, 5e-05, 0.0001, 0.00026, 0.00065, 0.0003, 0.00012, 0.00098, 0.00251, 0.00632, 0.00296, 0.0003, 0.00247, 0.02416, 0.0608, 0.0286, 0.00088, 0.00748, 0.07287, 0.70487, 0.08317], [0, 0, 1e-05, 3e-05, 9e-05, 0, 4e-05, 0.0001, 0.00025, 0.00077, 1e-05, 0.0001, 0.00099, 0.00249, 0.00751, 3e-05, 0.00025, 0.00249, 0.02394, 0.07262, 9e-05, 0.00077, 0.00751, 0.07262, 0.80726]]