[[0.82098, 0.07628, 0.00791, 0.00082, 9e-05, 0.07628, 0.00709, 0.00073, 8e-05, 0, 0.00791, 0.00073, 8e-05, 0, 0, 0.00082, 8e-05, 0, 0, 0, 9e-05, 0, 0, 0, 0], [0.0851, 0.73588, 0.07628, 0.00791, 0.00091, 0.00791, 0.06837, 0.00709, 0.00073, 8e-05, 0.00082, 0.00709, 0.00073, 8e-05, 0, 8e-05, 0.00073, 8e-05, 0, 0, 0, 8e-05, 0, 0, 0], [0.00882, 0.07628, 0.73588, 0.07628, 0.00882, 0.00082, 0.00709, 0.06837, 0.00709, 0.00082, 8e-05, 0.00073, 0.00709, 0.00073, 8e-05, 0, 8e-05, 0.00073, 8e-05, 0, 0, 0, 8e-05, 0, 0], [0.00091, 0.00791, 0.07628, 0.73588, 0.0851, 8e-05, 0.00073, 0.00709, 0.06837, 0.00791, 0, 8e-05, 0.00073, 0.00709, 0.00082, 0, 0, 8e-05, 0.00073, 8e-05, 0, 0, 0, 8e-05, 0], [9e-05, 0.00082, 0.00791, 0.07628, 0.82098, 0, 8e-05, 0.00073, 0.00709, 0.07628, 0, 0, 8e-05, 0.00073, 0.00791, 0, 0, 0, 8e-05, 0.00082, 0, 0, 0, 0, 9e-05], [0.0851, 0.00791, 0.00082, 8e-05, 0, 0.73588, 0.06837, 0.00709, 0.00073, 8e-05, 0.07628, 0.00709, 0.00073, 8e-05, 0, 0.00791, 0.00073, 8e-05, 0, 0, 0.00091, 8e-05, 0, 0, 0], [0.00882, 0.07628, 0.00791, 0.00082, 9e-05, 0.07628, 0.6596, 0.06837, 0.00709, 0.00082, 0.00791, 0.06837, 0.00709, 0.00073, 8e-05, 0.00082, 0.00709, 0.00073, 8e-05, 0, 9e-05, 0.00082, 8e-05, 0, 0], [0.00091, 0.00791, 0.07628, 0.00791, 0.00091, 0.00791, 0.06837, 0.6596, 0.06837, 0.00791, 0.00082, 0.00709, 0.06837, 0.00709, 0.00082, 8e-05, 0.00073, 0.00709, 0.00073, 8e-05, 0, 8e-05, 0.00082, 8e-05, 0], [9e-05, 0.00082, 0.00791, 0.07628, 0.00882, 0.00082, 0.00709, 0.06837, 0.6596, 0.07628, 8e-05, 0.00073, 0.00709, 0.06837, 0.00791, 0, 8e-05, 0.00073, 0.00709, 0.00082, 0, 0, 8e-05, 0.00082, 9e-05], [0, 8e-05, 0.00082, 0.00791, 0.0851, 8e-05, 0.00073, 0.00709, 0.06837, 0.73588, 0, 8e-05, 0.00073, 0.00709, 0.07628, 0, 0, 8e-05, 0.00073, 0.00791, 0, 0, 0, 8e-05, 0.00091], [0.00882, 0.00082, 8e-05, 0, 0, 0.07628, 0.00709, 0.00073, 8e-05, 0, 0.73588, 0.06837, 0.00709, 0.00073, 8e-05, 0.07628, 0.00709, 0.00073, 8e-05, 0, 0.00882, 0.00082, 8e-05, 0, 0], [0.00091, 0.00791, 0.00082, 8e-05, 0, 0.00791, 0.06837, 0.00709, 0.00073, 8e-05, 0.07628, 0.6596, 0.06837, 0.00709, 0.00082, 0.00791, 0.06837, 0.00709, 0.00073, 8e-05, 0.00091, 0.00791, 0.00082, 8e-05, 0], [9e-05, 0.00082, 0.00791, 0.00082, 9e-05, 0.00082, 0.00709, 0.06837, 0.00709, 0.00082, 0.00791, 0.06837, 0.6596, 0.06837, 0.00791, 0.00082, 0.00709, 0.06837, 0.00709, 0.00082, 9e-05, 0.00082, 0.00791, 0.00082, 9e-05], [0, 8e-05, 0.00082, 0.00791, 0.00091, 8e-05, 0.00073, 0.00709, 0.06837, 0.00791, 0.00082, 0.00709, 0.06837, 0.6596, 0.07628, 8e-05, 0.00073, 0.00709, 0.06837, 0.00791, 0, 8e-05, 0.00082, 0.00791, 0.00091], [0, 0, 8e-05, 0.00082, 0.00882, 0, 8e-05, 0.00073, 0.00709, 0.07628, 8e-05, 0.00073, 0.00709, 0.06837, 0.73588, 0, 8e-05, 0.00073, 0.00709, 0.07628, 0, 0, 8e-05, 0.00082, 0.00882], [0.00091, 8e-05, 0, 0, 0, 0.00791, 0.00073, 8e-05, 0, 0, 0.07628, 0.00709, 0.00073, 8e-05, 0, 0.73588, 0.06837, 0.00709, 0.00073, 8e-05, 0.0851, 0.00791, 0.00082, 8e-05, 0], [9e-05, 0.00082, 8e-05, 0, 0, 0.00082, 0.00709, 0.00073, 8e-05, 0, 0.00791, 0.06837, 0.00709, 0.00073, 8e-05, 0.07628, 0.6596, 0.06837, 0.00709, 0.00082, 0.00882, 0.07628, 0.00791, 0.00082, 9e-05], [0, 8e-05, 0.00082, 8e-05, 0, 8e-05, 0.00073, 0.00709, 0.00073, 8e-05, 0.00082, 0.00709, 0.06837, 0.00709, 0.00082, 0.00791, 0.06837, 0.6596, 0.06837, 0.00791, 0.00091, 0.00791, 0.07628, 0.00791, 0.00091], [0, 0, 8e-05, 0.00082, 9e-05, 0, 8e-05, 0.00073, 0.00709, 0.00082, 8e-05, 0.00073, 0.00709, 0.06837, 0.00791, 0.00082, 0.00709, 0.06837, 0.6596, 0.07628, 9e-05, 0.00082, 0.00791, 0.07628, 0.00882], [0, 0, 0, 8e-05, 0.00091, 0, 0, 8e-05, 0.00073, 0.00791, 0, 8e-05, 0.00073, 0.00709, 0.07628, 8e-05, 0.00073, 0.00709, 0.06837, 0.73588, 0, 8e-05, 0.00082, 0.00791, 0.0851], [9e-05, 0, 0, 0, 0, 0.00082, 8e-05, 0, 0, 0, 0.00791, 0.00073, 8e-05, 0, 0, 0.07628, 0.00709, 0.00073, 8e-05, 0, 0.82098, 0.07628, 0.00791, 0.00082, 9e-05], [0, 8e-05, 0, 0, 0, 8e-05, 0.00073, 8e-05, 0, 0, 0.00082, 0.00709, 0.00073, 8e-05, 0, 0.00791, 0.06837, 0.00709, 0.00073, 8e-05, 0.0851, 0.73588, 0.07628, 0.00791, 0.00091], [0, 0, 8e-05, 0, 0, 0, 8e-05, 0.00073, 8e-05, 0, 8e-05, 0.00073, 0.00709, 0.00073, 8e-05, 0.00082, 0.00709, 0.06837, 0.00709, 0.00082, 0.00882, 0.07628, 0.73588, 0.07628, 0.00882], [0, 0, 0, 8e-05, 0, 0, 0, 8e-05, 0.00073, 8e-05, 0, 8e-05, 0.00073, 0.00709, 0.00082, 8e-05, 0.00073, 0.00709, 0.06837, 0.00791, 0.00091, 0.00791, 0.07628, 0.73588, 0.0851], [0, 0, 0, 0, 9e-05, 0, 0, 0, 8e-05, 0.00082, 0, 0, 8e-05, 0.00073, 0.00791, 0, 8e-05, 0.00073, 0.00709, 0.07628, 9e-05, 0.00082, 0.00791, 0.07628, 0.82098]]