[[0.86851, 0.05287, 0.00351, 0.00023, 2e-05, 0.05287, 0.01562, 0.00104, 7e-05, 0, 0.00351, 0.00104, 0.00034, 2e-05, 0, 0.00023, 7e-05, 2e-05, 0, 0, 2e-05, 0, 0, 0, 0], [0.05754, 0.79794, 0.05293, 0.0035, 0.00025, 0.01737, 0.04754, 0.01567, 0.00104, 8e-05, 0.00115, 0.00316, 0.00104, 0.00034, 3e-05, 8e-05, 0.00021, 7e-05, 2e-05, 0, 0, 2e-05, 0, 0, 0], [0.00381, 0.05287, 0.79898, 0.05287, 0.00381, 0.00115, 0.01562, 0.04769, 0.01562, 0.00115, 0.00038, 0.00104, 0.00317, 0.00104, 0.00038, 3e-05, 7e-05, 0.00021, 7e-05, 3e-05, 0, 0, 2e-05, 0, 0], [0.00025, 0.0035, 0.05293, 0.79794, 0.05754, 8e-05, 0.00104, 0.01567, 0.04754, 0.01737, 3e-05, 0.00034, 0.00104, 0.00316, 0.00115, 0, 2e-05, 7e-05, 0.00021, 8e-05, 0, 0, 0, 2e-05, 0], [2e-05, 0.00023, 0.00351, 0.05287, 0.86851, 0, 7e-05, 0.00104, 0.01562, 0.05287, 0, 2e-05, 0.00034, 0.00104, 0.00351, 0, 0, 2e-05, 7e-05, 0.00023, 0, 0, 0, 0, 2e-05], [0.05754, 0.01737, 0.00115, 8e-05, 0, 0.79794, 0.04754, 0.00316, 0.00021, 2e-05, 0.05293, 0.01567, 0.00104, 7e-05, 0, 0.0035, 0.00104, 0.00034, 2e-05, 0, 0.00025, 8e-05, 3e-05, 0, 0], [0.01891, 0.05287, 0.0174, 0.00115, 8e-05, 0.05287, 0.71761, 0.04769, 0.00315, 0.00023, 0.0174, 0.04769, 0.01572, 0.00104, 8e-05, 0.00115, 0.00315, 0.00104, 0.00034, 3e-05, 8e-05, 0.00023, 8e-05, 3e-05, 0], [0.00125, 0.01737, 0.05293, 0.01737, 0.00125, 0.0035, 0.04754, 0.71982, 0.04754, 0.0035, 0.00115, 0.01567, 0.04783, 0.01567, 0.00115, 0.00038, 0.00104, 0.00316, 0.00104, 0.00038, 3e-05, 8e-05, 0.00023, 8e-05, 3e-05], [8e-05, 0.00115, 0.0174, 0.05287, 0.01891, 0.00023, 0.00315, 0.04769, 0.71761, 0.05287, 8e-05, 0.00104, 0.01572, 0.04769, 0.0174, 3e-05, 0.00034, 0.00104, 0.00315, 0.00115, 0, 3e-05, 8e-05, 0.00023, 8e-05], [0, 8e-05, 0.00115, 0.01737, 0.05754, 2e-05, 0.00021, 0.00316, 0.04754, 0.79794, 0, 7e-05, 0.00104, 0.01567, 0.05293, 0, 2e-05, 0.00034, 0.00104, 0.0035, 0, 0, 3e-05, 8e-05, 0.00025], [0.00381, 0.00115, 0.00038, 3e-05, 0, 0.05287, 0.01562, 0.00104, 7e-05, 0, 0.79898, 0.04769, 0.00317, 0.00021, 2e-05, 0.05287, 0.01562, 0.00104, 7e-05, 0, 0.00381, 0.00115, 0.00038, 3e-05, 0], [0.00125, 0.0035, 0.00115, 0.00038, 3e-05, 0.01737, 0.04754, 0.01567, 0.00104, 8e-05, 0.05293, 0.71982, 0.04783, 0.00316, 0.00023, 0.01737, 0.04754, 0.01567, 0.00104, 8e-05, 0.00125, 0.0035, 0.00115, 0.00038, 3e-05], [0.00041, 0.00115, 0.00351, 0.00115, 0.00041, 0.00115, 0.01562, 0.04769, 0.01562, 0.00115, 0.00351, 0.04769, 0.72186, 0.04769, 0.00351, 0.00115, 0.01562, 0.04769, 0.01562, 0.00115, 0.00041, 0.00115, 0.00351, 0.00115, 0.00041], [3e-05, 0.00038, 0.00115, 0.0035, 0.00125, 8e-05, 0.00104, 0.01567, 0.04754, 0.01737, 0.00023, 0.00316, 0.04783, 0.71982, 0.05293, 8e-05, 0.00104, 0.01567, 0.04754, 0.01737, 3e-05, 0.00038, 0.00115, 0.0035, 0.00125], [0, 3e-05, 0.00038, 0.00115, 0.00381, 0, 7e-05, 0.00104, 0.01562, 0.05287, 2e-05, 0.00021, 0.00317, 0.04769, 0.79898, 0, 7e-05, 0.00104, 0.01562, 0.05287, 0, 3e-05, 0.00038, 0.00115, 0.00381], [0.00025, 8e-05, 3e-05, 0, 0, 0.0035, 0.00104, 0.00034, 2e-05, 0, 0.05293, 0.01567, 0.00104, 7e-05, 0, 0.79794, 0.04754, 0.00316, 0.00021, 2e-05, 0.05754, 0.01737, 0.00115, 8e-05, 0], [8e-05, 0.00023, 8e-05, 3e-05, 0, 0.00115, 0.00315, 0.00104, 0.00034, 3e-05, 0.0174, 0.04769, 0.01572, 0.00104, 8e-05, 0.05287, 0.71761, 0.04769, 0.00315, 0.00023, 0.01891, 0.05287, 0.0174, 0.00115, 8e-05], [3e-05, 8e-05, 0.00023, 8e-05, 3e-05, 0.00038, 0.00104, 0.00316, 0.00104, 0.00038, 0.00115, 0.01567, 0.04783, 0.01567, 0.00115, 0.0035, 0.04754, 0.71982, 0.04754, 0.0035, 0.00125, 0.01737, 0.05293, 0.01737, 0.00125], [0, 3e-05, 8e-05, 0.00023, 8e-05, 3e-05, 0.00034, 0.00104, 0.00315, 0.00115, 8e-05, 0.00104, 0.01572, 0.04769, 0.0174, 0.00023, 0.00315, 0.04769, 0.71761, 0.05287, 8e-05, 0.00115, 0.0174, 0.05287, 0.01891], [0, 0, 3e-05, 8e-05, 0.00025, 0, 2e-05, 0.00034, 0.00104, 0.0035, 0, 7e-05, 0.00104, 0.01567, 0.05293, 2e-05, 0.00021, 0.00316, 0.04754, 0.79794, 0, 8e-05, 0.00115, 0.01737, 0.05754], [2e-05, 0, 0, 0, 0, 0.00023, 7e-05, 2e-05, 0, 0, 0.00351, 0.00104, 0.00034, 2e-05, 0, 0.05287, 0.01562, 0.00104, 7e-05, 0, 0.86851, 0.05287, 0.00351, 0.00023, 2e-05], [0, 2e-05, 0, 0, 0, 8e-05, 0.00021, 7e-05, 2e-05, 0, 0.00115, 0.00316, 0.00104, 0.00034, 3e-05, 0.01737, 0.04754, 0.01567, 0.00104, 8e-05, 0.05754, 0.79794, 0.05293, 0.0035, 0.00025], [0, 0, 2e-05, 0, 0, 3e-05, 7e-05, 0.00021, 7e-05, 3e-05, 0.00038, 0.00104, 0.00317, 0.00104, 0.00038, 0.00115, 0.01562, 0.04769, 0.01562, 0.00115, 0.00381, 0.05287, 0.79898, 0.05287, 0.00381], [0, 0, 0, 2e-05, 0, 0, 2e-05, 7e-05, 0.00021, 8e-05, 3e-05, 0.00034, 0.00104, 0.00316, 0.00115, 8e-05, 0.00104, 0.01567, 0.04754, 0.01737, 0.00025, 0.0035, 0.05293, 0.79794, 0.05754], [0, 0, 0, 0, 2e-05, 0, 0, 2e-05, 7e-05, 0.00023, 0, 2e-05, 0.00034, 0.00104, 0.00351, 0, 7e-05, 0.00104, 0.01562, 0.05287, 2e-05, 0.00023, 0.00351, 0.05287, 0.86851]]