[[0.89806, 0.04198, 0.00209, 0.0001, 0, 0.04198, 0.01136, 0.00094, 6e-05, 0, 0.00209, 0.00094, 0.00017, 2e-05, 0, 0.0001, 6e-05, 2e-05, 0, 0, 0, 0, 0, 0, 0], [0.04471, 0.84324, 0.04199, 0.00209, 0.00011, 0.01227, 0.03887, 0.01137, 0.00094, 6e-05, 0.00102, 0.00194, 0.00094, 0.00017, 2e-05, 6e-05, 0.0001, 6e-05, 2e-05, 0, 0, 0, 0, 0, 0], [0.00223, 0.04198, 0.84348, 0.04198, 0.00223, 0.00102, 0.01136, 0.0389, 0.01136, 0.00102, 0.00018, 0.00094, 0.00194, 0.00094, 0.00018, 2e-05, 6e-05, 0.0001, 6e-05, 2e-05, 0, 0, 0, 0, 0], [0.00011, 0.00209, 0.04199, 0.84324, 0.04471, 6e-05, 0.00094, 0.01137, 0.03887, 0.01227, 2e-05, 0.00017, 0.00094, 0.00194, 0.00102, 0, 2e-05, 6e-05, 0.0001, 6e-05, 0, 0, 0, 0, 0], [0, 0.0001, 0.00209, 0.04198, 0.89806, 0, 6e-05, 0.00094, 0.01136, 0.04198, 0, 2e-05, 0.00017, 0.00094, 0.00209, 0, 0, 2e-05, 6e-05, 0.0001, 0, 0, 0, 0, 0], [0.04471, 0.01227, 0.00102, 6e-05, 0, 0.84324, 0.03887, 0.00194, 0.0001, 0, 0.04199, 0.01137, 0.00094, 6e-05, 0, 0.00209, 0.00094, 0.00017, 2e-05, 0, 0.00011, 6e-05, 2e-05, 0, 0], [0.01307, 0.04198, 0.01227, 0.00102, 7e-05, 0.04198, 0.78078, 0.0389, 0.00194, 0.0001, 0.01227, 0.0389, 0.01138, 0.00094, 6e-05, 0.00102, 0.00194, 0.00094, 0.00017, 2e-05, 7e-05, 0.0001, 6e-05, 2e-05, 0], [0.00108, 0.01227, 0.04199, 0.01227, 0.00108, 0.00209, 0.03887, 0.78123, 0.03887, 0.00209, 0.00102, 0.01137, 0.03892, 0.01137, 0.00102, 0.00018, 0.00094, 0.00194, 0.00094, 0.00018, 2e-05, 6e-05, 0.0001, 6e-05, 2e-05], [7e-05, 0.00102, 0.01227, 0.04198, 0.01307, 0.0001, 0.00194, 0.0389, 0.78078, 0.04198, 6e-05, 0.00094, 0.01138, 0.0389, 0.01227, 2e-05, 0.00017, 0.00094, 0.00194, 0.00102, 0, 2e-05, 6e-05, 0.0001, 7e-05], [0, 6e-05, 0.00102, 0.01227, 0.04471, 0, 0.0001, 0.00194, 0.03887, 0.84324, 0, 6e-05, 0.00094, 0.01137, 0.04199, 0, 2e-05, 0.00017, 0.00094, 0.00209, 0, 0, 2e-05, 6e-05, 0.00011], [0.00223, 0.00102, 0.00018, 2e-05, 0, 0.04198, 0.01136, 0.00094, 6e-05, 0, 0.84348, 0.0389, 0.00194, 0.0001, 0, 0.04198, 0.01136, 0.00094, 6e-05, 0, 0.00223, 0.00102, 0.00018, 2e-05, 0], [0.00108, 0.00209, 0.00102, 0.00018, 2e-05, 0.01227, 0.03887, 0.01137, 0.00094, 6e-05, 0.04199, 0.78123, 0.03892, 0.00194, 0.0001, 0.01227, 0.03887, 0.01137, 0.00094, 6e-05, 0.00108, 0.00209, 0.00102, 0.00018, 2e-05], [0.00019, 0.00102, 0.00209, 0.00102, 0.00019, 0.00102, 0.01136, 0.0389, 0.01136, 0.00102, 0.00209, 0.0389, 0.7817, 0.0389, 0.00209, 0.00102, 0.01136, 0.0389, 0.01136, 0.00102, 0.00019, 0.00102, 0.00209, 0.00102, 0.00019], [2e-05, 0.00018, 0.00102, 0.00209, 0.00108, 6e-05, 0.00094, 0.01137, 0.03887, 0.01227, 0.0001, 0.00194, 0.03892, 0.78123, 0.04199, 6e-05, 0.00094, 0.01137, 0.03887, 0.01227, 2e-05, 0.00018, 0.00102, 0.00209, 0.00108], [0, 2e-05, 0.00018, 0.00102, 0.00223, 0, 6e-05, 0.00094, 0.01136, 0.04198, 0, 0.0001, 0.00194, 0.0389, 0.84348, 0, 6e-05, 0.00094, 0.01136, 0.04198, 0, 2e-05, 0.00018, 0.00102, 0.00223], [0.00011, 6e-05, 2e-05, 0, 0, 0.00209, 0.00094, 0.00017, 2e-05, 0, 0.04199, 0.01137, 0.00094, 6e-05, 0, 0.84324, 0.03887, 0.00194, 0.0001, 0, 0.04471, 0.01227, 0.00102, 6e-05, 0], [7e-05, 0.0001, 6e-05, 2e-05, 0, 0.00102, 0.00194, 0.00094, 0.00017, 2e-05, 0.01227, 0.0389, 0.01138, 0.00094, 6e-05, 0.04198, 0.78078, 0.0389, 0.00194, 0.0001, 0.01307, 0.04198, 0.01227, 0.00102, 7e-05], [2e-05, 6e-05, 0.0001, 6e-05, 2e-05, 0.00018, 0.00094, 0.00194, 0.00094, 0.00018, 0.00102, 0.01137, 0.03892, 0.01137, 0.00102, 0.00209, 0.03887, 0.78123, 0.03887, 0.00209, 0.00108, 0.01227, 0.04199, 0.01227, 0.00108], [0, 2e-05, 6e-05, 0.0001, 7e-05, 2e-05, 0.00017, 0.00094, 0.00194, 0.00102, 6e-05, 0.00094, 0.01138, 0.0389, 0.01227, 0.0001, 0.00194, 0.0389, 0.78078, 0.04198, 7e-05, 0.00102, 0.01227, 0.04198, 0.01307], [0, 0, 2e-05, 6e-05, 0.00011, 0, 2e-05, 0.00017, 0.00094, 0.00209, 0, 6e-05, 0.00094, 0.01137, 0.04199, 0, 0.0001, 0.00194, 0.03887, 0.84324, 0, 6e-05, 0.00102, 0.01227, 0.04471], [0, 0, 0, 0, 0, 0.0001, 6e-05, 2e-05, 0, 0, 0.00209, 0.00094, 0.00017, 2e-05, 0, 0.04198, 0.01136, 0.00094, 6e-05, 0, 0.89806, 0.04198, 0.00209, 0.0001, 0], [0, 0, 0, 0, 0, 6e-05, 0.0001, 6e-05, 2e-05, 0, 0.00102, 0.00194, 0.00094, 0.00017, 2e-05, 0.01227, 0.03887, 0.01137, 0.00094, 6e-05, 0.04471, 0.84324, 0.04199, 0.00209, 0.00011], [0, 0, 0, 0, 0, 2e-05, 6e-05, 0.0001, 6e-05, 2e-05, 0.00018, 0.00094, 0.00194, 0.00094, 0.00018, 0.00102, 0.01136, 0.0389, 0.01136, 0.00102, 0.00223, 0.04198, 0.84348, 0.04198, 0.00223], [0, 0, 0, 0, 0, 0, 2e-05, 6e-05, 0.0001, 6e-05, 2e-05, 0.00017, 0.00094, 0.00194, 0.00102, 6e-05, 0.00094, 0.01137, 0.03887, 0.01227, 0.00011, 0.00209, 0.04199, 0.84324, 0.04471], [0, 0, 0, 0, 0, 0, 0, 2e-05, 6e-05, 0.0001, 0, 2e-05, 0.00017, 0.00094, 0.00209, 0, 6e-05, 0.00094, 0.01136, 0.04198, 0, 0.0001, 0.00209, 0.04198, 0.89806]]