[[0.8665, 0.05958, 0.00443, 0.00033, 3e-05, 0.05958, 0.0041, 0.0003, 2e-05, 0, 0.00443, 0.0003, 2e-05, 0, 0, 0.00033, 2e-05, 0, 0, 0, 3e-05, 0, 0, 0, 0], [0.06436, 0.80214, 0.05958, 0.00443, 0.00036, 0.00443, 0.05515, 0.0041, 0.0003, 2e-05, 0.00033, 0.0041, 0.0003, 2e-05, 0, 2e-05, 0.0003, 2e-05, 0, 0, 0, 2e-05, 0, 0, 0], [0.00478, 0.05958, 0.80214, 0.05958, 0.00478, 0.00033, 0.0041, 0.05515, 0.0041, 0.00033, 2e-05, 0.0003, 0.0041, 0.0003, 2e-05, 0, 2e-05, 0.0003, 2e-05, 0, 0, 0, 2e-05, 0, 0], [0.00036, 0.00443, 0.05958, 0.80214, 0.06436, 2e-05, 0.0003, 0.0041, 0.05515, 0.00443, 0, 2e-05, 0.0003, 0.0041, 0.00033, 0, 0, 2e-05, 0.0003, 2e-05, 0, 0, 0, 2e-05, 0], [3e-05, 0.00033, 0.00443, 0.05958, 0.8665, 0, 2e-05, 0.0003, 0.0041, 0.05958, 0, 0, 2e-05, 0.0003, 0.00443, 0, 0, 0, 2e-05, 0.00033, 0, 0, 0, 0, 3e-05], [0.06436, 0.00443, 0.00033, 2e-05, 0, 0.80214, 0.05515, 0.0041, 0.0003, 2e-05, 0.05958, 0.0041, 0.0003, 2e-05, 0, 0.00443, 0.0003, 2e-05, 0, 0, 0.00036, 2e-05, 0, 0, 0], [0.00478, 0.05958, 0.00443, 0.00033, 3e-05, 0.05958, 0.74257, 0.05515, 0.0041, 0.00033, 0.00443, 0.05515, 0.0041, 0.0003, 2e-05, 0.00033, 0.0041, 0.0003, 2e-05, 0, 3e-05, 0.00033, 2e-05, 0, 0], [0.00036, 0.00443, 0.05958, 0.00443, 0.00036, 0.00443, 0.05515, 0.74257, 0.05515, 0.00443, 0.00033, 0.0041, 0.05515, 0.0041, 0.00033, 2e-05, 0.0003, 0.0041, 0.0003, 2e-05, 0, 2e-05, 0.00033, 2e-05, 0], [3e-05, 0.00033, 0.00443, 0.05958, 0.00478, 0.00033, 0.0041, 0.05515, 0.74257, 0.05958, 2e-05, 0.0003, 0.0041, 0.05515, 0.00443, 0, 2e-05, 0.0003, 0.0041, 0.00033, 0, 0, 2e-05, 0.00033, 3e-05], [0, 2e-05, 0.00033, 0.00443, 0.06436, 2e-05, 0.0003, 0.0041, 0.05515, 0.80214, 0, 2e-05, 0.0003, 0.0041, 0.05958, 0, 0, 2e-05, 0.0003, 0.00443, 0, 0, 0, 2e-05, 0.00036], [0.00478, 0.00033, 2e-05, 0, 0, 0.05958, 0.0041, 0.0003, 2e-05, 0, 0.80214, 0.05515, 0.0041, 0.0003, 2e-05, 0.05958, 0.0041, 0.0003, 2e-05, 0, 0.00478, 0.00033, 2e-05, 0, 0], [0.00036, 0.00443, 0.00033, 2e-05, 0, 0.00443, 0.05515, 0.0041, 0.0003, 2e-05, 0.05958, 0.74257, 0.05515, 0.0041, 0.00033, 0.00443, 0.05515, 0.0041, 0.0003, 2e-05, 0.00036, 0.00443, 0.00033, 2e-05, 0], [3e-05, 0.00033, 0.00443, 0.00033, 3e-05, 0.00033, 0.0041, 0.05515, 0.0041, 0.00033, 0.00443, 0.05515, 0.74257, 0.05515, 0.00443, 0.00033, 0.0041, 0.05515, 0.0041, 0.00033, 3e-05, 0.00033, 0.00443, 0.00033, 3e-05], [0, 2e-05, 0.00033, 0.00443, 0.00036, 2e-05, 0.0003, 0.0041, 0.05515, 0.00443, 0.00033, 0.0041, 0.05515, 0.74257, 0.05958, 2e-05, 0.0003, 0.0041, 0.05515, 0.00443, 0, 2e-05, 0.00033, 0.00443, 0.00036], [0, 0, 2e-05, 0.00033, 0.00478, 0, 2e-05, 0.0003, 0.0041, 0.05958, 2e-05, 0.0003, 0.0041, 0.05515, 0.80214, 0, 2e-05, 0.0003, 0.0041, 0.05958, 0, 0, 2e-05, 0.00033, 0.00478], [0.00036, 2e-05, 0, 0, 0, 0.00443, 0.0003, 2e-05, 0, 0, 0.05958, 0.0041, 0.0003, 2e-05, 0, 0.80214, 0.05515, 0.0041, 0.0003, 2e-05, 0.06436, 0.00443, 0.00033, 2e-05, 0], [3e-05, 0.00033, 2e-05, 0, 0, 0.00033, 0.0041, 0.0003, 2e-05, 0, 0.00443, 0.05515, 0.0041, 0.0003, 2e-05, 0.05958, 0.74257, 0.05515, 0.0041, 0.00033, 0.00478, 0.05958, 0.00443, 0.00033, 3e-05], [0, 2e-05, 0.00033, 2e-05, 0, 2e-05, 0.0003, 0.0041, 0.0003, 2e-05, 0.00033, 0.0041, 0.05515, 0.0041, 0.00033, 0.00443, 0.05515, 0.74257, 0.05515, 0.00443, 0.00036, 0.00443, 0.05958, 0.00443, 0.00036], [0, 0, 2e-05, 0.00033, 3e-05, 0, 2e-05, 0.0003, 0.0041, 0.00033, 2e-05, 0.0003, 0.0041, 0.05515, 0.00443, 0.00033, 0.0041, 0.05515, 0.74257, 0.05958, 3e-05, 0.00033, 0.00443, 0.05958, 0.00478], [0, 0, 0, 2e-05, 0.00036, 0, 0, 2e-05, 0.0003, 0.00443, 0, 2e-05, 0.0003, 0.0041, 0.05958, 2e-05, 0.0003, 0.0041, 0.05515, 0.80214, 0, 2e-05, 0.00033, 0.00443, 0.06436], [3e-05, 0, 0, 0, 0, 0.00033, 2e-05, 0, 0, 0, 0.00443, 0.0003, 2e-05, 0, 0, 0.05958, 0.0041, 0.0003, 2e-05, 0, 0.8665, 0.05958, 0.00443, 0.00033, 3e-05], [0, 2e-05, 0, 0, 0, 2e-05, 0.0003, 2e-05, 0, 0, 0.00033, 0.0041, 0.0003, 2e-05, 0, 0.00443, 0.05515, 0.0041, 0.0003, 2e-05, 0.06436, 0.80214, 0.05958, 0.00443, 0.00036], [0, 0, 2e-05, 0, 0, 0, 2e-05, 0.0003, 2e-05, 0, 2e-05, 0.0003, 0.0041, 0.0003, 2e-05, 0.00033, 0.0041, 0.05515, 0.0041, 0.00033, 0.00478, 0.05958, 0.80214, 0.05958, 0.00478], [0, 0, 0, 2e-05, 0, 0, 0, 2e-05, 0.0003, 2e-05, 0, 2e-05, 0.0003, 0.0041, 0.00033, 2e-05, 0.0003, 0.0041, 0.05515, 0.00443, 0.00036, 0.00443, 0.05958, 0.80214, 0.06436], [0, 0, 0, 0, 3e-05, 0, 0, 0, 2e-05, 0.00033, 0, 0, 2e-05, 0.0003, 0.00443, 0, 2e-05, 0.0003, 0.0041, 0.05958, 3e-05, 0.00033, 0.00443, 0.05958, 0.8665]]