[[0, 0.333, 0.0163, 0.015, 0, 0.333, 0.10346, 0.04288, 0.01679, 0.00877, 0.0163, 0.04288, 0.00652, 0.00565, 0.00126, 0.015, 0.01679, 0.00565, 0.00677, 0.00198, 0, 0.00877, 0.00126, 0.00198, 0], [0, 0.22939, 0.04046, 0.03723, 0, 0.13416, 0.25679, 0.10642, 0.04168, 0.02178, 0.01123, 0.02954, 0.00947, 0.01402, 0.00312, 0.01033, 0.02072, 0.0082, 0.00983, 0.0049, 0, 0.00604, 0.00182, 0.00287, 0], [0, 0.09242, 0.10044, 0.09242, 0, 0.05405, 0.10346, 0.26415, 0.10346, 0.05405, 0.00774, 0.02035, 0.01375, 0.02035, 0.00774, 0.00712, 0.01427, 0.0119, 0.01427, 0.00712, 0, 0.00416, 0.00265, 0.00416, 0], [0, 0.03723, 0.04046, 0.22939, 0, 0.02178, 0.04168, 0.10642, 0.25679, 0.13416, 0.00312, 0.01402, 0.00947, 0.02954, 0.01123, 0.0049, 0.00983, 0.0082, 0.02072, 0.01033, 0, 0.00287, 0.00182, 0.00604, 0], [0, 0.015, 0.0163, 0.333, 0, 0.00877, 0.01679, 0.04288, 0.10346, 0.333, 0.00126, 0.00565, 0.00652, 0.04288, 0.0163, 0.00198, 0.00677, 0.00565, 0.01679, 0.015, 0, 0.00198, 0.00126, 0.00877, 0], [0, 0.13416, 0.01123, 0.01033, 0, 0.22939, 0.25679, 0.02954, 0.02072, 0.00604, 0.04046, 0.10642, 0.00947, 0.0082, 0.00182, 0.03723, 0.04168, 0.01402, 0.00983, 0.00287, 0, 0.02178, 0.00312, 0.0049, 0], [0, 0.09242, 0.02787, 0.02565, 0, 0.09242, 0.31678, 0.07331, 0.05142, 0.015, 0.02787, 0.07331, 0.02351, 0.02035, 0.00452, 0.02565, 0.05142, 0.02035, 0.0244, 0.00712, 0, 0.015, 0.00452, 0.00712, 0], [0, 0.06366, 0.04046, 0.06366, 0, 0.03723, 0.12763, 0.18196, 0.12763, 0.03723, 0.01123, 0.0505, 0.03412, 0.0505, 0.01123, 0.01767, 0.03542, 0.02954, 0.03542, 0.01767, 0, 0.01033, 0.00657, 0.01033, 0], [0, 0.02565, 0.02787, 0.09242, 0, 0.015, 0.05142, 0.07331, 0.31678, 0.09242, 0.00452, 0.02035, 0.02351, 0.07331, 0.02787, 0.00712, 0.0244, 0.02035, 0.05142, 0.02565, 0, 0.00712, 0.00452, 0.015, 0], [0, 0.01033, 0.01123, 0.13416, 0, 0.00604, 0.02072, 0.02954, 0.25679, 0.22939, 0.00182, 0.0082, 0.00947, 0.10642, 0.04046, 0.00287, 0.00983, 0.01402, 0.04168, 0.03723, 0, 0.0049, 0.00312, 0.02178, 0], [0, 0.05405, 0.00774, 0.00712, 0, 0.09242, 0.10346, 0.02035, 0.01427, 0.00416, 0.10044, 0.26415, 0.01375, 0.0119, 0.00265, 0.09242, 0.10346, 0.02035, 0.01427, 0.00416, 0, 0.05405, 0.00774, 0.00712, 0], [0, 0.03723, 0.01123, 0.01767, 0, 0.06366, 0.12763, 0.0505, 0.03542, 0.01033, 0.04046, 0.18196, 0.03412, 0.02954, 0.00657, 0.06366, 0.12763, 0.0505, 0.03542, 0.01033, 0, 0.03723, 0.01123, 0.01767, 0], [0, 0.02565, 0.0163, 0.02565, 0, 0.02565, 0.08792, 0.07331, 0.08792, 0.02565, 0.0163, 0.07331, 0.0847, 0.07331, 0.0163, 0.02565, 0.08792, 0.07331, 0.08792, 0.02565, 0, 0.02565, 0.0163, 0.02565, 0], [0, 0.01767, 0.01123, 0.03723, 0, 0.01033, 0.03542, 0.0505, 0.12763, 0.06366, 0.00657, 0.02954, 0.03412, 0.18196, 0.04046, 0.01033, 0.03542, 0.0505, 0.12763, 0.06366, 0, 0.01767, 0.01123, 0.03723, 0], [0, 0.00712, 0.00774, 0.05405, 0, 0.00416, 0.01427, 0.02035, 0.10346, 0.09242, 0.00265, 0.0119, 0.01375, 0.26415, 0.10044, 0.00416, 0.01427, 0.02035, 0.10346, 0.09242, 0, 0.00712, 0.00774, 0.05405, 0], [0, 0.02178, 0.00312, 0.0049, 0, 0.03723, 0.04168, 0.01402, 0.00983, 0.00287, 0.04046, 0.10642, 0.00947, 0.0082, 0.00182, 0.22939, 0.25679, 0.02954, 0.02072, 0.00604, 0, 0.13416, 0.01123, 0.01033, 0], [0, 0.015, 0.00452, 0.00712, 0, 0.02565, 0.05142, 0.02035, 0.0244, 0.00712, 0.02787, 0.07331, 0.02351, 0.02035, 0.00452, 0.09242, 0.31678, 0.07331, 0.05142, 0.015, 0, 0.09242, 0.02787, 0.02565, 0], [0, 0.01033, 0.00657, 0.01033, 0, 0.01767, 0.03542, 0.02954, 0.03542, 0.01767, 0.01123, 0.0505, 0.03412, 0.0505, 0.01123, 0.03723, 0.12763, 0.18196, 0.12763, 0.03723, 0, 0.06366, 0.04046, 0.06366, 0], [0, 0.00712, 0.00452, 0.015, 0, 0.00712, 0.0244, 0.02035, 0.05142, 0.02565, 0.00452, 0.02035, 0.02351, 0.07331, 0.02787, 0.015, 0.05142, 0.07331, 0.31678, 0.09242, 0, 0.02565, 0.02787, 0.09242, 0], [0, 0.0049, 0.00312, 0.02178, 0, 0.00287, 0.00983, 0.01402, 0.04168, 0.03723, 0.00182, 0.0082, 0.00947, 0.10642, 0.04046, 0.00604, 0.02072, 0.02954, 0.25679, 0.22939, 0, 0.01033, 0.01123, 0.13416, 0], [0, 0.00877, 0.00126, 0.00198, 0, 0.015, 0.01679, 0.00565, 0.00677, 0.00198, 0.0163, 0.04288, 0.00652, 0.00565, 0.00126, 0.333, 0.10346, 0.04288, 0.01679, 0.00877, 0, 0.333, 0.0163, 0.015, 0], [0, 0.00604, 0.00182, 0.00287, 0, 0.01033, 0.02072, 0.0082, 0.00983, 0.0049, 0.01123, 0.02954, 0.00947, 0.01402, 0.00312, 0.13416, 0.25679, 0.10642, 0.04168, 0.02178, 0, 0.22939, 0.04046, 0.03723, 0], [0, 0.00416, 0.00265, 0.00416, 0, 0.00712, 0.01427, 0.0119, 0.01427, 0.00712, 0.00774, 0.02035, 0.01375, 0.02035, 0.00774, 0.05405, 0.10346, 0.26415, 0.10346, 0.05405, 0, 0.09242, 0.10044, 0.09242, 0], [0, 0.00287, 0.00182, 0.00604, 0, 0.0049, 0.00983, 0.0082, 0.02072, 0.01033, 0.00312, 0.01402, 0.00947, 0.02954, 0.01123, 0.02178, 0.04168, 0.10642, 0.25679, 0.13416, 0, 0.03723, 0.04046, 0.22939, 0], [0, 0.00198, 0.00126, 0.00877, 0, 0.00198, 0.00677, 0.00565, 0.01679, 0.015, 0.00126, 0.00565, 0.00652, 0.04288, 0.0163, 0.00877, 0.01679, 0.04288, 0.10346, 0.333, 0, 0.015, 0.0163, 0.333, 0]]