[[0.95072, 0.02174, 0.00051, 1e-05, 0, 0.02174, 0.00452, 0.00011, 0, 0, 0.00051, 0.00011, 2e-05, 0, 0, 1e-05, 0, 0, 0, 0, 0, 0, 0, 0, 0], [0.02236, 0.92429, 0.02174, 0.00051, 1e-05, 0.00467, 0.02103, 0.00452, 0.00011, 0, 0.00011, 0.00049, 0.00011, 2e-05, 0, 0, 1e-05, 0, 0, 0, 0, 0, 0, 0, 0], [0.00053, 0.02174, 0.9244, 0.02174, 0.00053, 0.00011, 0.00452, 0.02104, 0.00452, 0.00011, 2e-05, 0.00011, 0.00049, 0.00011, 2e-05, 0, 0, 1e-05, 0, 0, 0, 0, 0, 0, 0], [1e-05, 0.00051, 0.02174, 0.92429, 0.02236, 0, 0.00011, 0.00452, 0.02103, 0.00467, 0, 2e-05, 0.00011, 0.00049, 0.00011, 0, 0, 0, 1e-05, 0, 0, 0, 0, 0, 0], [0, 1e-05, 0.00051, 0.02174, 0.95072, 0, 0, 0.00011, 0.00452, 0.02174, 0, 0, 2e-05, 0.00011, 0.00051, 0, 0, 0, 0, 1e-05, 0, 0, 0, 0, 0], [0.02236, 0.00467, 0.00011, 0, 0, 0.92429, 0.02103, 0.00049, 1e-05, 0, 0.02174, 0.00452, 0.00011, 0, 0, 0.00051, 0.00011, 2e-05, 0, 0, 1e-05, 0, 0, 0, 0], [0.00481, 0.02174, 0.00467, 0.00011, 0, 0.02174, 0.8943, 0.02104, 0.00049, 1e-05, 0.00467, 0.02104, 0.00452, 0.00011, 0, 0.00011, 0.00049, 0.00011, 2e-05, 0, 0, 1e-05, 0, 0, 0], [0.00011, 0.00467, 0.02174, 0.00467, 0.00011, 0.00051, 0.02103, 0.89453, 0.02103, 0.00051, 0.00011, 0.00452, 0.02104, 0.00452, 0.00011, 2e-05, 0.00011, 0.00049, 0.00011, 2e-05, 0, 0, 1e-05, 0, 0], [0, 0.00011, 0.00467, 0.02174, 0.00481, 1e-05, 0.00049, 0.02104, 0.8943, 0.02174, 0, 0.00011, 0.00452, 0.02104, 0.00467, 0, 2e-05, 0.00011, 0.00049, 0.00011, 0, 0, 0, 1e-05, 0], [0, 0, 0.00011, 0.00467, 0.02236, 0, 1e-05, 0.00049, 0.02103, 0.92429, 0, 0, 0.00011, 0.00452, 0.02174, 0, 0, 2e-05, 0.00011, 0.00051, 0, 0, 0, 0, 1e-05], [0.00053, 0.00011, 2e-05, 0, 0, 0.02174, 0.00452, 0.00011, 0, 0, 0.9244, 0.02104, 0.00049, 1e-05, 0, 0.02174, 0.00452, 0.00011, 0, 0, 0.00053, 0.00011, 2e-05, 0, 0], [0.00011, 0.00051, 0.00011, 2e-05, 0, 0.00467, 0.02103, 0.00452, 0.00011, 0, 0.02174, 0.89453, 0.02104, 0.00049, 1e-05, 0.00467, 0.02103, 0.00452, 0.00011, 0, 0.00011, 0.00051, 0.00011, 2e-05, 0], [2e-05, 0.00011, 0.00051, 0.00011, 2e-05, 0.00011, 0.00452, 0.02104, 0.00452, 0.00011, 0.00051, 0.02104, 0.89475, 0.02104, 0.00051, 0.00011, 0.00452, 0.02104, 0.00452, 0.00011, 2e-05, 0.00011, 0.00051, 0.00011, 2e-05], [0, 2e-05, 0.00011, 0.00051, 0.00011, 0, 0.00011, 0.00452, 0.02103, 0.00467, 1e-05, 0.00049, 0.02104, 0.89453, 0.02174, 0, 0.00011, 0.00452, 0.02103, 0.00467, 0, 2e-05, 0.00011, 0.00051, 0.00011], [0, 0, 2e-05, 0.00011, 0.00053, 0, 0, 0.00011, 0.00452, 0.02174, 0, 1e-05, 0.00049, 0.02104, 0.9244, 0, 0, 0.00011, 0.00452, 0.02174, 0, 0, 2e-05, 0.00011, 0.00053], [1e-05, 0, 0, 0, 0, 0.00051, 0.00011, 2e-05, 0, 0, 0.02174, 0.00452, 0.00011, 0, 0, 0.92429, 0.02103, 0.00049, 1e-05, 0, 0.02236, 0.00467, 0.00011, 0, 0], [0, 1e-05, 0, 0, 0, 0.00011, 0.00049, 0.00011, 2e-05, 0, 0.00467, 0.02104, 0.00452, 0.00011, 0, 0.02174, 0.8943, 0.02104, 0.00049, 1e-05, 0.00481, 0.02174, 0.00467, 0.00011, 0], [0, 0, 1e-05, 0, 0, 2e-05, 0.00011, 0.00049, 0.00011, 2e-05, 0.00011, 0.00452, 0.02104, 0.00452, 0.00011, 0.00051, 0.02103, 0.89453, 0.02103, 0.00051, 0.00011, 0.00467, 0.02174, 0.00467, 0.00011], [0, 0, 0, 1e-05, 0, 0, 2e-05, 0.00011, 0.00049, 0.00011, 0, 0.00011, 0.00452, 0.02104, 0.00467, 1e-05, 0.00049, 0.02104, 0.8943, 0.02174, 0, 0.00011, 0.00467, 0.02174, 0.00481], [0, 0, 0, 0, 1e-05, 0, 0, 2e-05, 0.00011, 0.00051, 0, 0, 0.00011, 0.00452, 0.02174, 0, 1e-05, 0.00049, 0.02103, 0.92429, 0, 0, 0.00011, 0.00467, 0.02236], [0, 0, 0, 0, 0, 1e-05, 0, 0, 0, 0, 0.00051, 0.00011, 2e-05, 0, 0, 0.02174, 0.00452, 0.00011, 0, 0, 0.95072, 0.02174, 0.00051, 1e-05, 0], [0, 0, 0, 0, 0, 0, 1e-05, 0, 0, 0, 0.00011, 0.00049, 0.00011, 2e-05, 0, 0.00467, 0.02103, 0.00452, 0.00011, 0, 0.02236, 0.92429, 0.02174, 0.00051, 1e-05], [0, 0, 0, 0, 0, 0, 0, 1e-05, 0, 0, 2e-05, 0.00011, 0.00049, 0.00011, 2e-05, 0.00011, 0.00452, 0.02104, 0.00452, 0.00011, 0.00053, 0.02174, 0.9244, 0.02174, 0.00053], [0, 0, 0, 0, 0, 0, 0, 0, 1e-05, 0, 0, 2e-05, 0.00011, 0.00049, 0.00011, 0, 0.00011, 0.00452, 0.02103, 0.00467, 1e-05, 0.00051, 0.02174, 0.92429, 0.02236], [0, 0, 0, 0, 0, 0, 0, 0, 0, 1e-05, 0, 0, 2e-05, 0.00011, 0.00051, 0, 0, 0.00011, 0.00452, 0.02174, 0, 1e-05, 0.00051, 0.02174, 0.95072]]