[[0.95735, 0.01892, 0.00038, 0, 0, 0.01892, 0.00372, 0.00015, 0, 0, 0.00038, 0.00015, 2e-05, 0, 0, 0, 0, 0, 0, 0, 0, 0, 0, 0, 0], [0.01938, 0.93453, 0.01892, 0.00038, 0, 0.00382, 0.01839, 0.00372, 0.00015, 0, 0.00015, 0.00037, 0.00015, 2e-05, 0, 0, 0, 0, 0, 0, 0, 0, 0, 0, 0], [0.00039, 0.01892, 0.93454, 0.01892, 0.00039, 0.00015, 0.00372, 0.01839, 0.00372, 0.00015, 2e-05, 0.00015, 0.00037, 0.00015, 2e-05, 0, 0, 0, 0, 0, 0, 0, 0, 0, 0], [0, 0.00038, 0.01892, 0.93453, 0.01938, 0, 0.00015, 0.00372, 0.01839, 0.00382, 0, 2e-05, 0.00015, 0.00037, 0.00015, 0, 0, 0, 0, 0, 0, 0, 0, 0, 0], [0, 0, 0.00038, 0.01892, 0.95735, 0, 0, 0.00015, 0.00372, 0.01892, 0, 0, 2e-05, 0.00015, 0.00038, 0, 0, 0, 0, 0, 0, 0, 0, 0, 0], [0.01938, 0.00382, 0.00015, 0, 0, 0.93453, 0.01839, 0.00037, 0, 0, 0.01892, 0.00372, 0.00015, 0, 0, 0.00038, 0.00015, 2e-05, 0, 0, 0, 0, 0, 0, 0], [0.00392, 0.01892, 0.00382, 0.00015, 0, 0.01892, 0.90871, 0.01839, 0.00037, 0, 0.00382, 0.01839, 0.00372, 0.00015, 0, 0.00015, 0.00037, 0.00015, 2e-05, 0, 0, 0, 0, 0, 0], [0.00015, 0.00382, 0.01892, 0.00382, 0.00015, 0.00038, 0.01839, 0.90873, 0.01839, 0.00038, 0.00015, 0.00372, 0.01839, 0.00372, 0.00015, 2e-05, 0.00015, 0.00037, 0.00015, 2e-05, 0, 0, 0, 0, 0], [0, 0.00015, 0.00382, 0.01892, 0.00392, 0, 0.00037, 0.01839, 0.90871, 0.01892, 0, 0.00015, 0.00372, 0.01839, 0.00382, 0, 2e-05, 0.00015, 0.00037, 0.00015, 0, 0, 0, 0, 0], [0, 0, 0.00015, 0.00382, 0.01938, 0, 0, 0.00037, 0.01839, 0.93453, 0, 0, 0.00015, 0.00372, 0.01892, 0, 0, 2e-05, 0.00015, 0.00038, 0, 0, 0, 0, 0], [0.00039, 0.00015, 2e-05, 0, 0, 0.01892, 0.00372, 0.00015, 0, 0, 0.93454, 0.01839, 0.00037, 0, 0, 0.01892, 0.00372, 0.00015, 0, 0, 0.00039, 0.00015, 2e-05, 0, 0], [0.00015, 0.00038, 0.00015, 2e-05, 0, 0.00382, 0.01839, 0.00372, 0.00015, 0, 0.01892, 0.90873, 0.01839, 0.00037, 0, 0.00382, 0.01839, 0.00372, 0.00015, 0, 0.00015, 0.00038, 0.00015, 2e-05, 0], [2e-05, 0.00015, 0.00038, 0.00015, 2e-05, 0.00015, 0.00372, 0.01839, 0.00372, 0.00015, 0.00038, 0.01839, 0.90875, 0.01839, 0.00038, 0.00015, 0.00372, 0.01839, 0.00372, 0.00015, 2e-05, 0.00015, 0.00038, 0.00015, 2e-05], [0, 2e-05, 0.00015, 0.00038, 0.00015, 0, 0.00015, 0.00372, 0.01839, 0.00382, 0, 0.00037, 0.01839, 0.90873, 0.01892, 0, 0.00015, 0.00372, 0.01839, 0.00382, 0, 2e-05, 0.00015, 0.00038, 0.00015], [0, 0, 2e-05, 0.00015, 0.00039, 0, 0, 0.00015, 0.00372, 0.01892, 0, 0, 0.00037, 0.01839, 0.93454, 0, 0, 0.00015, 0.00372, 0.01892, 0, 0, 2e-05, 0.00015, 0.00039], [0, 0, 0, 0, 0, 0.00038, 0.00015, 2e-05, 0, 0, 0.01892, 0.00372, 0.00015, 0, 0, 0.93453, 0.01839, 0.00037, 0, 0, 0.01938, 0.00382, 0.00015, 0, 0], [0, 0, 0, 0, 0, 0.00015, 0.00037, 0.00015, 2e-05, 0, 0.00382, 0.01839, 0.00372, 0.00015, 0, 0.01892, 0.90871, 0.01839, 0.00037, 0, 0.00392, 0.01892, 0.00382, 0.00015, 0], [0, 0, 0, 0, 0, 2e-05, 0.00015, 0.00037, 0.00015, 2e-05, 0.00015, 0.00372, 0.01839, 0.00372, 0.00015, 0.00038, 0.01839, 0.90873, 0.01839, 0.00038, 0.00015, 0.00382, 0.01892, 0.00382, 0.00015], [0, 0, 0, 0, 0, 0, 2e-05, 0.00015, 0.00037, 0.00015, 0, 0.00015, 0.00372, 0.01839, 0.00382, 0, 0.00037, 0.01839, 0.90871, 0.01892, 0, 0.00015, 0.00382, 0.01892, 0.00392], [0, 0, 0, 0, 0, 0, 0, 2e-05, 0.00015, 0.00038, 0, 0, 0.00015, 0.00372, 0.01892, 0, 0, 0.00037, 0.01839, 0.93453, 0, 0, 0.00015, 0.00382, 0.01938], [0, 0, 0, 0, 0, 0, 0, 0, 0, 0, 0.00038, 0.00015, 2e-05, 0, 0, 0.01892, 0.00372, 0.00015, 0, 0, 0.95735, 0.01892, 0.00038, 0, 0], [0, 0, 0, 0, 0, 0, 0, 0, 0, 0, 0.00015, 0.00037, 0.00015, 2e-05, 0, 0.00382, 0.01839, 0.00372, 0.00015, 0, 0.01938, 0.93453, 0.01892, 0.00038, 0], [0, 0, 0, 0, 0, 0, 0, 0, 0, 0, 2e-05, 0.00015, 0.00037, 0.00015, 2e-05, 0.00015, 0.00372, 0.01839, 0.00372, 0.00015, 0.00039, 0.01892, 0.93454, 0.01892, 0.00039], [0, 0, 0, 0, 0, 0, 0, 0, 0, 0, 0, 2e-05, 0.00015, 0.00037, 0.00015, 0, 0.00015, 0.00372, 0.01839, 0.00382, 0, 0.00038, 0.01892, 0.93453, 0.01938], [0, 0, 0, 0, 0, 0, 0, 0, 0, 0, 0, 0, 2e-05, 0.00015, 0.00038, 0, 0, 0.00015, 0.00372, 0.01892, 0, 0, 0.00038, 0.01892, 0.95735]]