[[0.78787, 0.08712, 0.01103, 0.0014, 0.0002, 0.08712, 0.00963, 0.00122, 0.00015, 2e-05, 0.01103, 0.00122, 0.00015, 2e-05, 0, 0.0014, 0.00015, 2e-05, 0, 0, 0.0002, 2e-05, 0, 0, 0], [0.09975, 0.68812, 0.08712, 0.01103, 0.0016, 0.01103, 0.07609, 0.00963, 0.00122, 0.00018, 0.0014, 0.00963, 0.00122, 0.00015, 2e-05, 0.00018, 0.00122, 0.00015, 2e-05, 0, 3e-05, 0.00018, 2e-05, 0, 0], [0.01263, 0.08712, 0.68812, 0.08712, 0.01263, 0.0014, 0.00963, 0.07609, 0.00963, 0.0014, 0.00018, 0.00122, 0.00963, 0.00122, 0.00018, 2e-05, 0.00015, 0.00122, 0.00015, 2e-05, 0, 2e-05, 0.00018, 2e-05, 0], [0.0016, 0.01103, 0.08712, 0.68812, 0.09975, 0.00018, 0.00122, 0.00963, 0.07609, 0.01103, 2e-05, 0.00015, 0.00122, 0.00963, 0.0014, 0, 2e-05, 0.00015, 0.00122, 0.00018, 0, 0, 2e-05, 0.00018, 3e-05], [0.0002, 0.0014, 0.01103, 0.08712, 0.78787, 2e-05, 0.00015, 0.00122, 0.00963, 0.08712, 0, 2e-05, 0.00015, 0.00122, 0.01103, 0, 0, 2e-05, 0.00015, 0.0014, 0, 0, 0, 2e-05, 0.0002], [0.09975, 0.01103, 0.0014, 0.00018, 3e-05, 0.68812, 0.07609, 0.00963, 0.00122, 0.00018, 0.08712, 0.00963, 0.00122, 0.00015, 2e-05, 0.01103, 0.00122, 0.00015, 2e-05, 0, 0.0016, 0.00018, 2e-05, 0, 0], [0.01263, 0.08712, 0.01103, 0.0014, 0.0002, 0.08712, 0.601, 0.07609, 0.00963, 0.0014, 0.01103, 0.07609, 0.00963, 0.00122, 0.00018, 0.0014, 0.00963, 0.00122, 0.00015, 2e-05, 0.0002, 0.0014, 0.00018, 2e-05, 0], [0.0016, 0.01103, 0.08712, 0.01103, 0.0016, 0.01103, 0.07609, 0.601, 0.07609, 0.01103, 0.0014, 0.00963, 0.07609, 0.00963, 0.0014, 0.00018, 0.00122, 0.00963, 0.00122, 0.00018, 3e-05, 0.00018, 0.0014, 0.00018, 3e-05], [0.0002, 0.0014, 0.01103, 0.08712, 0.01263, 0.0014, 0.00963, 0.07609, 0.601, 0.08712, 0.00018, 0.00122, 0.00963, 0.07609, 0.01103, 2e-05, 0.00015, 0.00122, 0.00963, 0.0014, 0, 2e-05, 0.00018, 0.0014, 0.0002], [3e-05, 0.00018, 0.0014, 0.01103, 0.09975, 0.00018, 0.00122, 0.00963, 0.07609, 0.68812, 2e-05, 0.00015, 0.00122, 0.00963, 0.08712, 0, 2e-05, 0.00015, 0.00122, 0.01103, 0, 0, 2e-05, 0.00018, 0.0016], [0.01263, 0.0014, 0.00018, 2e-05, 0, 0.08712, 0.00963, 0.00122, 0.00015, 2e-05, 0.68812, 0.07609, 0.00963, 0.00122, 0.00018, 0.08712, 0.00963, 0.00122, 0.00015, 2e-05, 0.01263, 0.0014, 0.00018, 2e-05, 0], [0.0016, 0.01103, 0.0014, 0.00018, 3e-05, 0.01103, 0.07609, 0.00963, 0.00122, 0.00018, 0.08712, 0.601, 0.07609, 0.00963, 0.0014, 0.01103, 0.07609, 0.00963, 0.00122, 0.00018, 0.0016, 0.01103, 0.0014, 0.00018, 3e-05], [0.0002, 0.0014, 0.01103, 0.0014, 0.0002, 0.0014, 0.00963, 0.07609, 0.00963, 0.0014, 0.01103, 0.07609, 0.601, 0.07609, 0.01103, 0.0014, 0.00963, 0.07609, 0.00963, 0.0014, 0.0002, 0.0014, 0.01103, 0.0014, 0.0002], [3e-05, 0.00018, 0.0014, 0.01103, 0.0016, 0.00018, 0.00122, 0.00963, 0.07609, 0.01103, 0.0014, 0.00963, 0.07609, 0.601, 0.08712, 0.00018, 0.00122, 0.00963, 0.07609, 0.01103, 3e-05, 0.00018, 0.0014, 0.01103, 0.0016], [0, 2e-05, 0.00018, 0.0014, 0.01263, 2e-05, 0.00015, 0.00122, 0.00963, 0.08712, 0.00018, 0.00122, 0.00963, 0.07609, 0.68812, 2e-05, 0.00015, 0.00122, 0.00963, 0.08712, 0, 2e-05, 0.00018, 0.0014, 0.01263], [0.0016, 0.00018, 2e-05, 0, 0, 0.01103, 0.00122, 0.00015, 2e-05, 0, 0.08712, 0.00963, 0.00122, 0.00015, 2e-05, 0.68812, 0.07609, 0.00963, 0.00122, 0.00018, 0.09975, 0.01103, 0.0014, 0.00018, 3e-05], [0.0002, 0.0014, 0.00018, 2e-05, 0, 0.0014, 0.00963, 0.00122, 0.00015, 2e-05, 0.01103, 0.07609, 0.00963, 0.00122, 0.00018, 0.08712, 0.601, 0.07609, 0.00963, 0.0014, 0.01263, 0.08712, 0.01103, 0.0014, 0.0002], [3e-05, 0.00018, 0.0014, 0.00018, 3e-05, 0.00018, 0.00122, 0.00963, 0.00122, 0.00018, 0.0014, 0.00963, 0.07609, 0.00963, 0.0014, 0.01103, 0.07609, 0.601, 0.07609, 0.01103, 0.0016, 0.01103, 0.08712, 0.01103, 0.0016], [0, 2e-05, 0.00018, 0.0014, 0.0002, 2e-05, 0.00015, 0.00122, 0.00963, 0.0014, 0.00018, 0.00122, 0.00963, 0.07609, 0.01103, 0.0014, 0.00963, 0.07609, 0.601, 0.08712, 0.0002, 0.0014, 0.01103, 0.08712, 0.01263], [0, 0, 2e-05, 0.00018, 0.0016, 0, 2e-05, 0.00015, 0.00122, 0.01103, 2e-05, 0.00015, 0.00122, 0.00963, 0.08712, 0.00018, 0.00122, 0.00963, 0.07609, 0.68812, 3e-05, 0.00018, 0.0014, 0.01103, 0.09975], [0.0002, 2e-05, 0, 0, 0, 0.0014, 0.00015, 2e-05, 0, 0, 0.01103, 0.00122, 0.00015, 2e-05, 0, 0.08712, 0.00963, 0.00122, 0.00015, 2e-05, 0.78787, 0.08712, 0.01103, 0.0014, 0.0002], [3e-05, 0.00018, 2e-05, 0, 0, 0.00018, 0.00122, 0.00015, 2e-05, 0, 0.0014, 0.00963, 0.00122, 0.00015, 2e-05, 0.01103, 0.07609, 0.00963, 0.00122, 0.00018, 0.09975, 0.68812, 0.08712, 0.01103, 0.0016], [0, 2e-05, 0.00018, 2e-05, 0, 2e-05, 0.00015, 0.00122, 0.00015, 2e-05, 0.00018, 0.00122, 0.00963, 0.00122, 0.00018, 0.0014, 0.00963, 0.07609, 0.00963, 0.0014, 0.01263, 0.08712, 0.68812, 0.08712, 0.01263], [0, 0, 2e-05, 0.00018, 3e-05, 0, 2e-05, 0.00015, 0.00122, 0.00018, 2e-05, 0.00015, 0.00122, 0.00963, 0.0014, 0.00018, 0.00122, 0.00963, 0.07609, 0.01103, 0.0016, 0.01103, 0.08712, 0.68812, 0.09975], [0, 0, 0, 2e-05, 0.0002, 0, 0, 2e-05, 0.00015, 0.0014, 0, 2e-05, 0.00015, 0.00122, 0.01103, 2e-05, 0.00015, 0.00122, 0.00963, 0.08712, 0.0002, 0.0014, 0.01103, 0.08712, 0.78787]]