[[0.87672, 0.05, 0.00309, 0.00019, 1e-05, 0.05, 0.01447, 0.00089, 6e-05, 0, 0.00309, 0.00089, 0.00029, 2e-05, 0, 0.00019, 6e-05, 2e-05, 0, 0, 1e-05, 0, 0, 0, 0], [0.05408, 0.8105, 0.05005, 0.00308, 0.00021, 0.01596, 0.04534, 0.01451, 0.00089, 6e-05, 0.00099, 0.0028, 0.0009, 0.00029, 2e-05, 6e-05, 0.00017, 6e-05, 2e-05, 0, 0, 1e-05, 0, 0, 0], [0.00334, 0.05, 0.8114, 0.05, 0.00334, 0.00098, 0.01447, 0.04546, 0.01447, 0.00098, 0.00031, 0.00089, 0.00281, 0.00089, 0.00031, 2e-05, 6e-05, 0.00017, 6e-05, 2e-05, 0, 0, 1e-05, 0, 0], [0.00021, 0.00308, 0.05005, 0.8105, 0.05408, 6e-05, 0.00089, 0.01451, 0.04534, 0.01596, 2e-05, 0.00029, 0.0009, 0.0028, 0.00099, 0, 2e-05, 6e-05, 0.00017, 6e-05, 0, 0, 0, 1e-05, 0], [1e-05, 0.00019, 0.00309, 0.05, 0.87672, 0, 6e-05, 0.00089, 0.01447, 0.05, 0, 2e-05, 0.00029, 0.00089, 0.00309, 0, 0, 2e-05, 6e-05, 0.00019, 0, 0, 0, 0, 1e-05], [0.05408, 0.01596, 0.00099, 6e-05, 0, 0.8105, 0.04534, 0.0028, 0.00017, 1e-05, 0.05005, 0.01451, 0.0009, 6e-05, 0, 0.00308, 0.00089, 0.00029, 2e-05, 0, 0.00021, 6e-05, 2e-05, 0, 0], [0.01726, 0.05, 0.01597, 0.00098, 7e-05, 0.05, 0.73503, 0.04546, 0.0028, 0.00019, 0.01597, 0.04546, 0.01454, 0.00089, 6e-05, 0.00098, 0.0028, 0.00089, 0.00028, 2e-05, 7e-05, 0.00019, 6e-05, 2e-05, 0], [0.00106, 0.01596, 0.05005, 0.01596, 0.00106, 0.00308, 0.04534, 0.73694, 0.04534, 0.00308, 0.00099, 0.01451, 0.04557, 0.01451, 0.00099, 0.00031, 0.00089, 0.0028, 0.00089, 0.00031, 2e-05, 6e-05, 0.00019, 6e-05, 2e-05], [7e-05, 0.00098, 0.01597, 0.05, 0.01726, 0.00019, 0.0028, 0.04546, 0.73503, 0.05, 6e-05, 0.00089, 0.01454, 0.04546, 0.01597, 2e-05, 0.00028, 0.00089, 0.0028, 0.00098, 0, 2e-05, 6e-05, 0.00019, 7e-05], [0, 6e-05, 0.00099, 0.01596, 0.05408, 1e-05, 0.00017, 0.0028, 0.04534, 0.8105, 0, 6e-05, 0.0009, 0.01451, 0.05005, 0, 2e-05, 0.00029, 0.00089, 0.00308, 0, 0, 2e-05, 6e-05, 0.00021], [0.00334, 0.00098, 0.00031, 2e-05, 0, 0.05, 0.01447, 0.00089, 6e-05, 0, 0.8114, 0.04546, 0.00281, 0.00017, 1e-05, 0.05, 0.01447, 0.00089, 6e-05, 0, 0.00334, 0.00098, 0.00031, 2e-05, 0], [0.00106, 0.00308, 0.00099, 0.00031, 2e-05, 0.01596, 0.04534, 0.01451, 0.00089, 6e-05, 0.05005, 0.73694, 0.04557, 0.0028, 0.00019, 0.01596, 0.04534, 0.01451, 0.00089, 6e-05, 0.00106, 0.00308, 0.00099, 0.00031, 2e-05], [0.00034, 0.00098, 0.00309, 0.00098, 0.00034, 0.00098, 0.01447, 0.04546, 0.01447, 0.00098, 0.00309, 0.04546, 0.73871, 0.04546, 0.00309, 0.00098, 0.01447, 0.04546, 0.01447, 0.00098, 0.00034, 0.00098, 0.00309, 0.00098, 0.00034], [2e-05, 0.00031, 0.00099, 0.00308, 0.00106, 6e-05, 0.00089, 0.01451, 0.04534, 0.01596, 0.00019, 0.0028, 0.04557, 0.73694, 0.05005, 6e-05, 0.00089, 0.01451, 0.04534, 0.01596, 2e-05, 0.00031, 0.00099, 0.00308, 0.00106], [0, 2e-05, 0.00031, 0.00098, 0.00334, 0, 6e-05, 0.00089, 0.01447, 0.05, 1e-05, 0.00017, 0.00281, 0.04546, 0.8114, 0, 6e-05, 0.00089, 0.01447, 0.05, 0, 2e-05, 0.00031, 0.00098, 0.00334], [0.00021, 6e-05, 2e-05, 0, 0, 0.00308, 0.00089, 0.00029, 2e-05, 0, 0.05005, 0.01451, 0.0009, 6e-05, 0, 0.8105, 0.04534, 0.0028, 0.00017, 1e-05, 0.05408, 0.01596, 0.00099, 6e-05, 0], [7e-05, 0.00019, 6e-05, 2e-05, 0, 0.00098, 0.0028, 0.00089, 0.00028, 2e-05, 0.01597, 0.04546, 0.01454, 0.00089, 6e-05, 0.05, 0.73503, 0.04546, 0.0028, 0.00019, 0.01726, 0.05, 0.01597, 0.00098, 7e-05], [2e-05, 6e-05, 0.00019, 6e-05, 2e-05, 0.00031, 0.00089, 0.0028, 0.00089, 0.00031, 0.00099, 0.01451, 0.04557, 0.01451, 0.00099, 0.00308, 0.04534, 0.73694, 0.04534, 0.00308, 0.00106, 0.01596, 0.05005, 0.01596, 0.00106], [0, 2e-05, 6e-05, 0.00019, 7e-05, 2e-05, 0.00028, 0.00089, 0.0028, 0.00098, 6e-05, 0.00089, 0.01454, 0.04546, 0.01597, 0.00019, 0.0028, 0.04546, 0.73503, 0.05, 7e-05, 0.00098, 0.01597, 0.05, 0.01726], [0, 0, 2e-05, 6e-05, 0.00021, 0, 2e-05, 0.00029, 0.00089, 0.00308, 0, 6e-05, 0.0009, 0.01451, 0.05005, 1e-05, 0.00017, 0.0028, 0.04534, 0.8105, 0, 6e-05, 0.00099, 0.01596, 0.05408], [1e-05, 0, 0, 0, 0, 0.00019, 6e-05, 2e-05, 0, 0, 0.00309, 0.00089, 0.00029, 2e-05, 0, 0.05, 0.01447, 0.00089, 6e-05, 0, 0.87672, 0.05, 0.00309, 0.00019, 1e-05], [0, 1e-05, 0, 0, 0, 6e-05, 0.00017, 6e-05, 2e-05, 0, 0.00099, 0.0028, 0.0009, 0.00029, 2e-05, 0.01596, 0.04534, 0.01451, 0.00089, 6e-05, 0.05408, 0.8105, 0.05005, 0.00308, 0.00021], [0, 0, 1e-05, 0, 0, 2e-05, 6e-05, 0.00017, 6e-05, 2e-05, 0.00031, 0.00089, 0.00281, 0.00089, 0.00031, 0.00098, 0.01447, 0.04546, 0.01447, 0.00098, 0.00334, 0.05, 0.8114, 0.05, 0.00334], [0, 0, 0, 1e-05, 0, 0, 2e-05, 6e-05, 0.00017, 6e-05, 2e-05, 0.00029, 0.0009, 0.0028, 0.00099, 6e-05, 0.00089, 0.01451, 0.04534, 0.01596, 0.00021, 0.00308, 0.05005, 0.8105, 0.05408], [0, 0, 0, 0, 1e-05, 0, 0, 2e-05, 6e-05, 0.00019, 0, 2e-05, 0.00029, 0.00089, 0.00309, 0, 6e-05, 0.00089, 0.01447, 0.05, 1e-05, 0.00019, 0.00309, 0.05, 0.87672]]