[[0.88031, 0.04873, 0.00291, 0.00017, 1e-05, 0.04873, 0.01397, 0.00084, 5e-05, 0, 0.00291, 0.00084, 0.00026, 2e-05, 0, 0.00017, 5e-05, 2e-05, 0, 0, 1e-05, 0, 0, 0, 0], [0.05257, 0.81599, 0.04878, 0.00291, 0.00019, 0.01534, 0.04435, 0.014, 0.00083, 5e-05, 0.00092, 0.00265, 0.00084, 0.00026, 2e-05, 5e-05, 0.00016, 5e-05, 2e-05, 0, 0, 1e-05, 0, 0, 0], [0.00314, 0.04873, 0.81683, 0.04873, 0.00314, 0.00092, 0.01397, 0.04445, 0.01397, 0.00092, 0.00029, 0.00084, 0.00266, 0.00084, 0.00029, 2e-05, 5e-05, 0.00016, 5e-05, 2e-05, 0, 0, 1e-05, 0, 0], [0.00019, 0.00291, 0.04878, 0.81599, 0.05257, 5e-05, 0.00083, 0.014, 0.04435, 0.01534, 2e-05, 0.00026, 0.00084, 0.00265, 0.00092, 0, 2e-05, 5e-05, 0.00016, 5e-05, 0, 0, 0, 1e-05, 0], [1e-05, 0.00017, 0.00291, 0.04873, 0.88031, 0, 5e-05, 0.00084, 0.01397, 0.04873, 0, 2e-05, 0.00026, 0.00084, 0.00291, 0, 0, 2e-05, 5e-05, 0.00017, 0, 0, 0, 0, 1e-05], [0.05257, 0.01534, 0.00092, 5e-05, 0, 0.81599, 0.04435, 0.00265, 0.00016, 1e-05, 0.04878, 0.014, 0.00084, 5e-05, 0, 0.00291, 0.00083, 0.00026, 2e-05, 0, 0.00019, 5e-05, 2e-05, 0, 0], [0.01655, 0.04873, 0.01536, 0.00092, 6e-05, 0.04873, 0.74266, 0.04445, 0.00265, 0.00017, 0.01536, 0.04445, 0.01403, 0.00084, 5e-05, 0.00092, 0.00265, 0.00084, 0.00026, 2e-05, 6e-05, 0.00017, 5e-05, 2e-05, 0], [0.00099, 0.01534, 0.04878, 0.01534, 0.00099, 0.00291, 0.04435, 0.74444, 0.04435, 0.00291, 0.00092, 0.014, 0.04455, 0.014, 0.00092, 0.00029, 0.00083, 0.00265, 0.00083, 0.00029, 2e-05, 5e-05, 0.00017, 5e-05, 2e-05], [6e-05, 0.00092, 0.01536, 0.04873, 0.01655, 0.00017, 0.00265, 0.04445, 0.74266, 0.04873, 5e-05, 0.00084, 0.01403, 0.04445, 0.01536, 2e-05, 0.00026, 0.00084, 0.00265, 0.00092, 0, 2e-05, 5e-05, 0.00017, 6e-05], [0, 5e-05, 0.00092, 0.01534, 0.05257, 1e-05, 0.00016, 0.00265, 0.04435, 0.81599, 0, 5e-05, 0.00084, 0.014, 0.04878, 0, 2e-05, 0.00026, 0.00083, 0.00291, 0, 0, 2e-05, 5e-05, 0.00019], [0.00314, 0.00092, 0.00029, 2e-05, 0, 0.04873, 0.01397, 0.00084, 5e-05, 0, 0.81683, 0.04445, 0.00266, 0.00016, 1e-05, 0.04873, 0.01397, 0.00084, 5e-05, 0, 0.00314, 0.00092, 0.00029, 2e-05, 0], [0.00099, 0.00291, 0.00092, 0.00029, 2e-05, 0.01534, 0.04435, 0.014, 0.00083, 5e-05, 0.04878, 0.74444, 0.04455, 0.00265, 0.00017, 0.01534, 0.04435, 0.014, 0.00083, 5e-05, 0.00099, 0.00291, 0.00092, 0.00029, 2e-05], [0.00031, 0.00092, 0.00291, 0.00092, 0.00031, 0.00092, 0.01397, 0.04445, 0.01397, 0.00092, 0.00291, 0.04445, 0.7461, 0.04445, 0.00291, 0.00092, 0.01397, 0.04445, 0.01397, 0.00092, 0.00031, 0.00092, 0.00291, 0.00092, 0.00031], [2e-05, 0.00029, 0.00092, 0.00291, 0.00099, 5e-05, 0.00083, 0.014, 0.04435, 0.01534, 0.00017, 0.00265, 0.04455, 0.74444, 0.04878, 5e-05, 0.00083, 0.014, 0.04435, 0.01534, 2e-05, 0.00029, 0.00092, 0.00291, 0.00099], [0, 2e-05, 0.00029, 0.00092, 0.00314, 0, 5e-05, 0.00084, 0.01397, 0.04873, 1e-05, 0.00016, 0.00266, 0.04445, 0.81683, 0, 5e-05, 0.00084, 0.01397, 0.04873, 0, 2e-05, 0.00029, 0.00092, 0.00314], [0.00019, 5e-05, 2e-05, 0, 0, 0.00291, 0.00083, 0.00026, 2e-05, 0, 0.04878, 0.014, 0.00084, 5e-05, 0, 0.81599, 0.04435, 0.00265, 0.00016, 1e-05, 0.05257, 0.01534, 0.00092, 5e-05, 0], [6e-05, 0.00017, 5e-05, 2e-05, 0, 0.00092, 0.00265, 0.00084, 0.00026, 2e-05, 0.01536, 0.04445, 0.01403, 0.00084, 5e-05, 0.04873, 0.74266, 0.04445, 0.00265, 0.00017, 0.01655, 0.04873, 0.01536, 0.00092, 6e-05], [2e-05, 5e-05, 0.00017, 5e-05, 2e-05, 0.00029, 0.00083, 0.00265, 0.00083, 0.00029, 0.00092, 0.014, 0.04455, 0.014, 0.00092, 0.00291, 0.04435, 0.74444, 0.04435, 0.00291, 0.00099, 0.01534, 0.04878, 0.01534, 0.00099], [0, 2e-05, 5e-05, 0.00017, 6e-05, 2e-05, 0.00026, 0.00084, 0.00265, 0.00092, 5e-05, 0.00084, 0.01403, 0.04445, 0.01536, 0.00017, 0.00265, 0.04445, 0.74266, 0.04873, 6e-05, 0.00092, 0.01536, 0.04873, 0.01655], [0, 0, 2e-05, 5e-05, 0.00019, 0, 2e-05, 0.00026, 0.00083, 0.00291, 0, 5e-05, 0.00084, 0.014, 0.04878, 1e-05, 0.00016, 0.00265, 0.04435, 0.81599, 0, 5e-05, 0.00092, 0.01534, 0.05257], [1e-05, 0, 0, 0, 0, 0.00017, 5e-05, 2e-05, 0, 0, 0.00291, 0.00084, 0.00026, 2e-05, 0, 0.04873, 0.01397, 0.00084, 5e-05, 0, 0.88031, 0.04873, 0.00291, 0.00017, 1e-05], [0, 1e-05, 0, 0, 0, 5e-05, 0.00016, 5e-05, 2e-05, 0, 0.00092, 0.00265, 0.00084, 0.00026, 2e-05, 0.01534, 0.04435, 0.014, 0.00083, 5e-05, 0.05257, 0.81599, 0.04878, 0.00291, 0.00019], [0, 0, 1e-05, 0, 0, 2e-05, 5e-05, 0.00016, 5e-05, 2e-05, 0.00029, 0.00084, 0.00266, 0.00084, 0.00029, 0.00092, 0.01397, 0.04445, 0.01397, 0.00092, 0.00314, 0.04873, 0.81683, 0.04873, 0.00314], [0, 0, 0, 1e-05, 0, 0, 2e-05, 5e-05, 0.00016, 5e-05, 2e-05, 0.00026, 0.00084, 0.00265, 0.00092, 5e-05, 0.00083, 0.014, 0.04435, 0.01534, 0.00019, 0.00291, 0.04878, 0.81599, 0.05257], [0, 0, 0, 0, 1e-05, 0, 0, 2e-05, 5e-05, 0.00017, 0, 2e-05, 0.00026, 0.00084, 0.00291, 0, 5e-05, 0.00084, 0.01397, 0.04873, 1e-05, 0.00017, 0.00291, 0.04873, 0.88031]]