[[0.7029, 0.09901, 0.01801, 0.00321, 0.00074, 0.09901, 0.03438, 0.00642, 0.00111, 0.00029, 0.01801, 0.00642, 0.00326, 0.00057, 0.00014, 0.00321, 0.00111, 0.00057, 0.00027, 7e-05, 0.00074, 0.00029, 0.00014, 7e-05, 4e-05], [0.12659, 0.54976, 0.10003, 0.01783, 0.00411, 0.04903, 0.06942, 0.03562, 0.00619, 0.00159, 0.00892, 0.01296, 0.00658, 0.00318, 0.0008, 0.00159, 0.00225, 0.00116, 0.00055, 0.00039, 0.00037, 0.00058, 0.00029, 0.00014, 9e-05], [0.0228, 0.09901, 0.55543, 0.09901, 0.0228, 0.00883, 0.03438, 0.07194, 0.03438, 0.00883, 0.00442, 0.00642, 0.01329, 0.00642, 0.00442, 0.00079, 0.00111, 0.00233, 0.00111, 0.00079, 0.00018, 0.00029, 0.00058, 0.00029, 0.00018], [0.00411, 0.01783, 0.10003, 0.54976, 0.12659, 0.00159, 0.00619, 0.03562, 0.06942, 0.04903, 0.0008, 0.00318, 0.00658, 0.01296, 0.00892, 0.00039, 0.00055, 0.00116, 0.00225, 0.00159, 9e-05, 0.00014, 0.00029, 0.00058, 0.00037], [0.00074, 0.00321, 0.01801, 0.09901, 0.7029, 0.00029, 0.00111, 0.00642, 0.03438, 0.09901, 0.00014, 0.00057, 0.00326, 0.00642, 0.01801, 7e-05, 0.00027, 0.00057, 0.00111, 0.00321, 4e-05, 7e-05, 0.00014, 0.00029, 0.00074], [0.12659, 0.04903, 0.00892, 0.00159, 0.00037, 0.54976, 0.06942, 0.01296, 0.00225, 0.00058, 0.10003, 0.03562, 0.00658, 0.00116, 0.00029, 0.01783, 0.00619, 0.00318, 0.00055, 0.00014, 0.00411, 0.00159, 0.0008, 0.00039, 9e-05], [0.06268, 0.09901, 0.04953, 0.00883, 0.00203, 0.09901, 0.3855, 0.07194, 0.0125, 0.00321, 0.04953, 0.07194, 0.03653, 0.00642, 0.00161, 0.00883, 0.0125, 0.00642, 0.00307, 0.00079, 0.00203, 0.00321, 0.00161, 0.00079, 0.0005], [0.01129, 0.04903, 0.10003, 0.04903, 0.01129, 0.01783, 0.06942, 0.39945, 0.06942, 0.01783, 0.00892, 0.03562, 0.07378, 0.03562, 0.00892, 0.00437, 0.00619, 0.01296, 0.00619, 0.00437, 0.00101, 0.00159, 0.00324, 0.00159, 0.00101], [0.00203, 0.00883, 0.04953, 0.09901, 0.06268, 0.00321, 0.0125, 0.07194, 0.3855, 0.09901, 0.00161, 0.00642, 0.03653, 0.07194, 0.04953, 0.00079, 0.00307, 0.00642, 0.0125, 0.00883, 0.0005, 0.00079, 0.00161, 0.00321, 0.00203], [0.00037, 0.00159, 0.00892, 0.04903, 0.12659, 0.00058, 0.00225, 0.01296, 0.06942, 0.54976, 0.00029, 0.00116, 0.00658, 0.03562, 0.10003, 0.00014, 0.00055, 0.00318, 0.00619, 0.01783, 9e-05, 0.00039, 0.0008, 0.00159, 0.00411], [0.0228, 0.00883, 0.00442, 0.00079, 0.00018, 0.09901, 0.03438, 0.00642, 0.00111, 0.00029, 0.55543, 0.07194, 0.01329, 0.00233, 0.00058, 0.09901, 0.03438, 0.00642, 0.00111, 0.00029, 0.0228, 0.00883, 0.00442, 0.00079, 0.00018], [0.01129, 0.01783, 0.00892, 0.00437, 0.00101, 0.04903, 0.06942, 0.03562, 0.00619, 0.00159, 0.10003, 0.39945, 0.07378, 0.01296, 0.00324, 0.04903, 0.06942, 0.03562, 0.00619, 0.00159, 0.01129, 0.01783, 0.00892, 0.00437, 0.00101], [0.00559, 0.00883, 0.01801, 0.00883, 0.00559, 0.00883, 0.03438, 0.07194, 0.03438, 0.00883, 0.01801, 0.07194, 0.40969, 0.07194, 0.01801, 0.00883, 0.03438, 0.07194, 0.03438, 0.00883, 0.00559, 0.00883, 0.01801, 0.00883, 0.00559], [0.00101, 0.00437, 0.00892, 0.01783, 0.01129, 0.00159, 0.00619, 0.03562, 0.06942, 0.04903, 0.00324, 0.01296, 0.07378, 0.39945, 0.10003, 0.00159, 0.00619, 0.03562, 0.06942, 0.04903, 0.00101, 0.00437, 0.00892, 0.01783, 0.01129], [0.00018, 0.00079, 0.00442, 0.00883, 0.0228, 0.00029, 0.00111, 0.00642, 0.03438, 0.09901, 0.00058, 0.00233, 0.01329, 0.07194, 0.55543, 0.00029, 0.00111, 0.00642, 0.03438, 0.09901, 0.00018, 0.00079, 0.00442, 0.00883, 0.0228], [0.00411, 0.00159, 0.0008, 0.00039, 9e-05, 0.01783, 0.00619, 0.00318, 0.00055, 0.00014, 0.10003, 0.03562, 0.00658, 0.00116, 0.00029, 0.54976, 0.06942, 0.01296, 0.00225, 0.00058, 0.12659, 0.04903, 0.00892, 0.00159, 0.00037], [0.00203, 0.00321, 0.00161, 0.00079, 0.0005, 0.00883, 0.0125, 0.00642, 0.00307, 0.00079, 0.04953, 0.07194, 0.03653, 0.00642, 0.00161, 0.09901, 0.3855, 0.07194, 0.0125, 0.00321, 0.06268, 0.09901, 0.04953, 0.00883, 0.00203], [0.00101, 0.00159, 0.00324, 0.00159, 0.00101, 0.00437, 0.00619, 0.01296, 0.00619, 0.00437, 0.00892, 0.03562, 0.07378, 0.03562, 0.00892, 0.01783, 0.06942, 0.39945, 0.06942, 0.01783, 0.01129, 0.04903, 0.10003, 0.04903, 0.01129], [0.0005, 0.00079, 0.00161, 0.00321, 0.00203, 0.00079, 0.00307, 0.00642, 0.0125, 0.00883, 0.00161, 0.00642, 0.03653, 0.07194, 0.04953, 0.00321, 0.0125, 0.07194, 0.3855, 0.09901, 0.00203, 0.00883, 0.04953, 0.09901, 0.06268], [9e-05, 0.00039, 0.0008, 0.00159, 0.00411, 0.00014, 0.00055, 0.00318, 0.00619, 0.01783, 0.00029, 0.00116, 0.00658, 0.03562, 0.10003, 0.00058, 0.00225, 0.01296, 0.06942, 0.54976, 0.00037, 0.00159, 0.00892, 0.04903, 0.12659], [0.00074, 0.00029, 0.00014, 7e-05, 4e-05, 0.00321, 0.00111, 0.00057, 0.00027, 7e-05, 0.01801, 0.00642, 0.00326, 0.00057, 0.00014, 0.09901, 0.03438, 0.00642, 0.00111, 0.00029, 0.7029, 0.09901, 0.01801, 0.00321, 0.00074], [0.00037, 0.00058, 0.00029, 0.00014, 9e-05, 0.00159, 0.00225, 0.00116, 0.00055, 0.00039, 0.00892, 0.01296, 0.00658, 0.00318, 0.0008, 0.04903, 0.06942, 0.03562, 0.00619, 0.00159, 0.12659, 0.54976, 0.10003, 0.01783, 0.00411], [0.00018, 0.00029, 0.00058, 0.00029, 0.00018, 0.00079, 0.00111, 0.00233, 0.00111, 0.00079, 0.00442, 0.00642, 0.01329, 0.00642, 0.00442, 0.00883, 0.03438, 0.07194, 0.03438, 0.00883, 0.0228, 0.09901, 0.55543, 0.09901, 0.0228], [9e-05, 0.00014, 0.00029, 0.00058, 0.00037, 0.00039, 0.00055, 0.00116, 0.00225, 0.00159, 0.0008, 0.00318, 0.00658, 0.01296, 0.00892, 0.00159, 0.00619, 0.03562, 0.06942, 0.04903, 0.00411, 0.01783, 0.10003, 0.54976, 0.12659], [4e-05, 7e-05, 0.00014, 0.00029, 0.00074, 7e-05, 0.00027, 0.00057, 0.00111, 0.00321, 0.00014, 0.00057, 0.00326, 0.00642, 0.01801, 0.00029, 0.00111, 0.00642, 0.03438, 0.09901, 0.00074, 0.00321, 0.01801, 0.09901, 0.7029]]