[[0.49569, 0.12078, 0.05077, 0.02134, 0.01548, 0.12078, 0.02943, 0.01237, 0.0052, 0.00377, 0.05077, 0.01237, 0.0052, 0.00219, 0.00159, 0.02134, 0.0052, 0.00219, 0.00092, 0.00067, 0.01548, 0.00377, 0.00159, 0.00067, 0.00048], [0.20836, 0.28733, 0.12078, 0.05077, 0.03682, 0.05077, 0.07001, 0.02943, 0.01237, 0.00897, 0.02134, 0.02943, 0.01237, 0.0052, 0.00377, 0.00897, 0.01237, 0.0052, 0.00219, 0.00159, 0.00651, 0.00897, 0.00377, 0.00159, 0.00115], [0.08759, 0.12078, 0.28733, 0.12078, 0.08759, 0.02134, 0.02943, 0.07001, 0.02943, 0.02134, 0.00897, 0.01237, 0.02943, 0.01237, 0.00897, 0.00377, 0.0052, 0.01237, 0.0052, 0.00377, 0.00273, 0.00377, 0.00897, 0.00377, 0.00273], [0.03682, 0.05077, 0.12078, 0.28733, 0.20836, 0.00897, 0.01237, 0.02943, 0.07001, 0.05077, 0.00377, 0.0052, 0.01237, 0.02943, 0.02134, 0.00159, 0.00219, 0.0052, 0.01237, 0.00897, 0.00115, 0.00159, 0.00377, 0.00897, 0.00651], [0.01548, 0.02134, 0.05077, 0.12078, 0.49569, 0.00377, 0.0052, 0.01237, 0.02943, 0.12078, 0.00159, 0.00219, 0.0052, 0.01237, 0.05077, 0.00067, 0.00092, 0.00219, 0.0052, 0.02134, 0.00048, 0.00067, 0.00159, 0.00377, 0.01548], [0.20836, 0.05077, 0.02134, 0.00897, 0.00651, 0.28733, 0.07001, 0.02943, 0.01237, 0.00897, 0.12078, 0.02943, 0.01237, 0.0052, 0.00377, 0.05077, 0.01237, 0.0052, 0.00219, 0.00159, 0.03682, 0.00897, 0.00377, 0.00159, 0.00115], [0.08759, 0.12078, 0.05077, 0.02134, 0.01548, 0.12078, 0.16655, 0.07001, 0.02943, 0.02134, 0.05077, 0.07001, 0.02943, 0.01237, 0.00897, 0.02134, 0.02943, 0.01237, 0.0052, 0.00377, 0.01548, 0.02134, 0.00897, 0.00377, 0.00273], [0.03682, 0.05077, 0.12078, 0.05077, 0.03682, 0.05077, 0.07001, 0.16655, 0.07001, 0.05077, 0.02134, 0.02943, 0.07001, 0.02943, 0.02134, 0.00897, 0.01237, 0.02943, 0.01237, 0.00897, 0.00651, 0.00897, 0.02134, 0.00897, 0.00651], [0.01548, 0.02134, 0.05077, 0.12078, 0.08759, 0.02134, 0.02943, 0.07001, 0.16655, 0.12078, 0.00897, 0.01237, 0.02943, 0.07001, 0.05077, 0.00377, 0.0052, 0.01237, 0.02943, 0.02134, 0.00273, 0.00377, 0.00897, 0.02134, 0.01548], [0.00651, 0.00897, 0.02134, 0.05077, 0.20836, 0.00897, 0.01237, 0.02943, 0.07001, 0.28733, 0.00377, 0.0052, 0.01237, 0.02943, 0.12078, 0.00159, 0.00219, 0.0052, 0.01237, 0.05077, 0.00115, 0.00159, 0.00377, 0.00897, 0.03682], [0.08759, 0.02134, 0.00897, 0.00377, 0.00273, 0.12078, 0.02943, 0.01237, 0.0052, 0.00377, 0.28733, 0.07001, 0.02943, 0.01237, 0.00897, 0.12078, 0.02943, 0.01237, 0.0052, 0.00377, 0.08759, 0.02134, 0.00897, 0.00377, 0.00273], [0.03682, 0.05077, 0.02134, 0.00897, 0.00651, 0.05077, 0.07001, 0.02943, 0.01237, 0.00897, 0.12078, 0.16655, 0.07001, 0.02943, 0.02134, 0.05077, 0.07001, 0.02943, 0.01237, 0.00897, 0.03682, 0.05077, 0.02134, 0.00897, 0.00651], [0.01548, 0.02134, 0.05077, 0.02134, 0.01548, 0.02134, 0.02943, 0.07001, 0.02943, 0.02134, 0.05077, 0.07001, 0.16655, 0.07001, 0.05077, 0.02134, 0.02943, 0.07001, 0.02943, 0.02134, 0.01548, 0.02134, 0.05077, 0.02134, 0.01548], [0.00651, 0.00897, 0.02134, 0.05077, 0.03682, 0.00897, 0.01237, 0.02943, 0.07001, 0.05077, 0.02134, 0.02943, 0.07001, 0.16655, 0.12078, 0.00897, 0.01237, 0.02943, 0.07001, 0.05077, 0.00651, 0.00897, 0.02134, 0.05077, 0.03682], [0.00273, 0.00377, 0.00897, 0.02134, 0.08759, 0.00377, 0.0052, 0.01237, 0.02943, 0.12078, 0.00897, 0.01237, 0.02943, 0.07001, 0.28733, 0.00377, 0.0052, 0.01237, 0.02943, 0.12078, 0.00273, 0.00377, 0.00897, 0.02134, 0.08759], [0.03682, 0.00897, 0.00377, 0.00159, 0.00115, 0.05077, 0.01237, 0.0052, 0.00219, 0.00159, 0.12078, 0.02943, 0.01237, 0.0052, 0.00377, 0.28733, 0.07001, 0.02943, 0.01237, 0.00897, 0.20836, 0.05077, 0.02134, 0.00897, 0.00651], [0.01548, 0.02134, 0.00897, 0.00377, 0.00273, 0.02134, 0.02943, 0.01237, 0.0052, 0.00377, 0.05077, 0.07001, 0.02943, 0.01237, 0.00897, 0.12078, 0.16655, 0.07001, 0.02943, 0.02134, 0.08759, 0.12078, 0.05077, 0.02134, 0.01548], [0.00651, 0.00897, 0.02134, 0.00897, 0.00651, 0.00897, 0.01237, 0.02943, 0.01237, 0.00897, 0.02134, 0.02943, 0.07001, 0.02943, 0.02134, 0.05077, 0.07001, 0.16655, 0.07001, 0.05077, 0.03682, 0.05077, 0.12078, 0.05077, 0.03682], [0.00273, 0.00377, 0.00897, 0.02134, 0.01548, 0.00377, 0.0052, 0.01237, 0.02943, 0.02134, 0.00897, 0.01237, 0.02943, 0.07001, 0.05077, 0.02134, 0.02943, 0.07001, 0.16655, 0.12078, 0.01548, 0.02134, 0.05077, 0.12078, 0.08759], [0.00115, 0.00159, 0.00377, 0.00897, 0.03682, 0.00159, 0.00219, 0.0052, 0.01237, 0.05077, 0.00377, 0.0052, 0.01237, 0.02943, 0.12078, 0.00897, 0.01237, 0.02943, 0.07001, 0.28733, 0.00651, 0.00897, 0.02134, 0.05077, 0.20836], [0.01548, 0.00377, 0.00159, 0.00067, 0.00048, 0.02134, 0.0052, 0.00219, 0.00092, 0.00067, 0.05077, 0.01237, 0.0052, 0.00219, 0.00159, 0.12078, 0.02943, 0.01237, 0.0052, 0.00377, 0.49569, 0.12078, 0.05077, 0.02134, 0.01548], [0.00651, 0.00897, 0.00377, 0.00159, 0.00115, 0.00897, 0.01237, 0.0052, 0.00219, 0.00159, 0.02134, 0.02943, 0.01237, 0.0052, 0.00377, 0.05077, 0.07001, 0.02943, 0.01237, 0.00897, 0.20836, 0.28733, 0.12078, 0.05077, 0.03682], [0.00273, 0.00377, 0.00897, 0.00377, 0.00273, 0.00377, 0.0052, 0.01237, 0.0052, 0.00377, 0.00897, 0.01237, 0.02943, 0.01237, 0.00897, 0.02134, 0.02943, 0.07001, 0.02943, 0.02134, 0.08759, 0.12078, 0.28733, 0.12078, 0.08759], [0.00115, 0.00159, 0.00377, 0.00897, 0.00651, 0.00159, 0.00219, 0.0052, 0.01237, 0.00897, 0.00377, 0.0052, 0.01237, 0.02943, 0.02134, 0.00897, 0.01237, 0.02943, 0.07001, 0.05077, 0.03682, 0.05077, 0.12078, 0.28733, 0.20836], [0.00048, 0.00067, 0.00159, 0.00377, 0.01548, 0.00067, 0.00092, 0.00219, 0.0052, 0.02134, 0.00159, 0.00219, 0.0052, 0.01237, 0.05077, 0.00377, 0.0052, 0.01237, 0.02943, 0.12078, 0.01548, 0.02134, 0.05077, 0.12078, 0.49569]]