[[0.5818, 0.1185, 0.02742, 0.01075, 0.00479, 0.1185, 0.03363, 0.01428, 0.00412, 0.0028, 0.02742, 0.01428, 0.00711, 0.00276, 0.00142, 0.01075, 0.00412, 0.00276, 0.00114, 0.00098, 0.00479, 0.0028, 0.00142, 0.00098, 0.00067], [0.17524, 0.39345, 0.09105, 0.03569, 0.0159, 0.07245, 0.05501, 0.03867, 0.01242, 0.00887, 0.02056, 0.01905, 0.01427, 0.00712, 0.00397, 0.00887, 0.00499, 0.00474, 0.0024, 0.00246, 0.00415, 0.00324, 0.00215, 0.00184, 0.00144], [0.05278, 0.1185, 0.30231, 0.1185, 0.05278, 0.02676, 0.03363, 0.12838, 0.03363, 0.02676, 0.01025, 0.01428, 0.01903, 0.01428, 0.01025, 0.00517, 0.00412, 0.00574, 0.00412, 0.00517, 0.00272, 0.0028, 0.00249, 0.0028, 0.00272], [0.0159, 0.03569, 0.09105, 0.39345, 0.17524, 0.00887, 0.01242, 0.03867, 0.05501, 0.07245, 0.00397, 0.00712, 0.01427, 0.01905, 0.02056, 0.00246, 0.0024, 0.00474, 0.00499, 0.00887, 0.00144, 0.00184, 0.00215, 0.00324, 0.00415], [0.00479, 0.01075, 0.02742, 0.1185, 0.5818, 0.0028, 0.00412, 0.01428, 0.03363, 0.1185, 0.00142, 0.00276, 0.00711, 0.01428, 0.02742, 0.00098, 0.00114, 0.00276, 0.00412, 0.01075, 0.00067, 0.00098, 0.00142, 0.0028, 0.00479], [0.17524, 0.07245, 0.02056, 0.00887, 0.00415, 0.39345, 0.05501, 0.01905, 0.00499, 0.00324, 0.09105, 0.03867, 0.01427, 0.00474, 0.00215, 0.03569, 0.01242, 0.00712, 0.0024, 0.00184, 0.0159, 0.00887, 0.00397, 0.00246, 0.00144], [0.10714, 0.1185, 0.05567, 0.02676, 0.01312, 0.1185, 0.18263, 0.06324, 0.01657, 0.01075, 0.05567, 0.06324, 0.03863, 0.01428, 0.00682, 0.02676, 0.01657, 0.01428, 0.00619, 0.00517, 0.01312, 0.01075, 0.00682, 0.00517, 0.00363], [0.03957, 0.07245, 0.09105, 0.07245, 0.03957, 0.03569, 0.05501, 0.20997, 0.05501, 0.03569, 0.02056, 0.03867, 0.06319, 0.03867, 0.02056, 0.01334, 0.01242, 0.01905, 0.01242, 0.01334, 0.00765, 0.00887, 0.00826, 0.00887, 0.00765], [0.01312, 0.02676, 0.05567, 0.1185, 0.10714, 0.01075, 0.01657, 0.06324, 0.18263, 0.1185, 0.00682, 0.01428, 0.03863, 0.06324, 0.05567, 0.00517, 0.00619, 0.01428, 0.01657, 0.02676, 0.00363, 0.00517, 0.00682, 0.01075, 0.01312], [0.00415, 0.00887, 0.02056, 0.07245, 0.17524, 0.00324, 0.00499, 0.01905, 0.05501, 0.39345, 0.00215, 0.00474, 0.01427, 0.03867, 0.09105, 0.00184, 0.0024, 0.00712, 0.01242, 0.03569, 0.00144, 0.00246, 0.00397, 0.00887, 0.0159], [0.05278, 0.02676, 0.01025, 0.00517, 0.00272, 0.1185, 0.03363, 0.01428, 0.00412, 0.0028, 0.30231, 0.12838, 0.01903, 0.00574, 0.00249, 0.1185, 0.03363, 0.01428, 0.00412, 0.0028, 0.05278, 0.02676, 0.01025, 0.00517, 0.00272], [0.03957, 0.03569, 0.02056, 0.01334, 0.00765, 0.07245, 0.05501, 0.03867, 0.01242, 0.00887, 0.09105, 0.20997, 0.06319, 0.01905, 0.00826, 0.07245, 0.05501, 0.03867, 0.01242, 0.00887, 0.03957, 0.03569, 0.02056, 0.01334, 0.00765], [0.01973, 0.02676, 0.02742, 0.02676, 0.01973, 0.02676, 0.03363, 0.06324, 0.03363, 0.02676, 0.02742, 0.06324, 0.2098, 0.06324, 0.02742, 0.02676, 0.03363, 0.06324, 0.03363, 0.02676, 0.01973, 0.02676, 0.02742, 0.02676, 0.01973], [0.00765, 0.01334, 0.02056, 0.03569, 0.03957, 0.00887, 0.01242, 0.03867, 0.05501, 0.07245, 0.00826, 0.01905, 0.06319, 0.20997, 0.09105, 0.00887, 0.01242, 0.03867, 0.05501, 0.07245, 0.00765, 0.01334, 0.02056, 0.03569, 0.03957], [0.00272, 0.00517, 0.01025, 0.02676, 0.05278, 0.0028, 0.00412, 0.01428, 0.03363, 0.1185, 0.00249, 0.00574, 0.01903, 0.12838, 0.30231, 0.0028, 0.00412, 0.01428, 0.03363, 0.1185, 0.00272, 0.00517, 0.01025, 0.02676, 0.05278], [0.0159, 0.00887, 0.00397, 0.00246, 0.00144, 0.03569, 0.01242, 0.00712, 0.0024, 0.00184, 0.09105, 0.03867, 0.01427, 0.00474, 0.00215, 0.39345, 0.05501, 0.01905, 0.00499, 0.00324, 0.17524, 0.07245, 0.02056, 0.00887, 0.00415], [0.01312, 0.01075, 0.00682, 0.00517, 0.00363, 0.02676, 0.01657, 0.01428, 0.00619, 0.00517, 0.05567, 0.06324, 0.03863, 0.01428, 0.00682, 0.1185, 0.18263, 0.06324, 0.01657, 0.01075, 0.10714, 0.1185, 0.05567, 0.02676, 0.01312], [0.00765, 0.00887, 0.00826, 0.00887, 0.00765, 0.01334, 0.01242, 0.01905, 0.01242, 0.01334, 0.02056, 0.03867, 0.06319, 0.03867, 0.02056, 0.03569, 0.05501, 0.20997, 0.05501, 0.03569, 0.03957, 0.07245, 0.09105, 0.07245, 0.03957], [0.00363, 0.00517, 0.00682, 0.01075, 0.01312, 0.00517, 0.00619, 0.01428, 0.01657, 0.02676, 0.00682, 0.01428, 0.03863, 0.06324, 0.05567, 0.01075, 0.01657, 0.06324, 0.18263, 0.1185, 0.01312, 0.02676, 0.05567, 0.1185, 0.10714], [0.00144, 0.00246, 0.00397, 0.00887, 0.0159, 0.00184, 0.0024, 0.00712, 0.01242, 0.03569, 0.00215, 0.00474, 0.01427, 0.03867, 0.09105, 0.00324, 0.00499, 0.01905, 0.05501, 0.39345, 0.00415, 0.00887, 0.02056, 0.07245, 0.17524], [0.00479, 0.0028, 0.00142, 0.00098, 0.00067, 0.01075, 0.00412, 0.00276, 0.00114, 0.00098, 0.02742, 0.01428, 0.00711, 0.00276, 0.00142, 0.1185, 0.03363, 0.01428, 0.00412, 0.0028, 0.5818, 0.1185, 0.02742, 0.01075, 0.00479], [0.00415, 0.00324, 0.00215, 0.00184, 0.00144, 0.00887, 0.00499, 0.00474, 0.0024, 0.00246, 0.02056, 0.01905, 0.01427, 0.00712, 0.00397, 0.07245, 0.05501, 0.03867, 0.01242, 0.00887, 0.17524, 0.39345, 0.09105, 0.03569, 0.0159], [0.00272, 0.0028, 0.00249, 0.0028, 0.00272, 0.00517, 0.00412, 0.00574, 0.00412, 0.00517, 0.01025, 0.01428, 0.01903, 0.01428, 0.01025, 0.02676, 0.03363, 0.12838, 0.03363, 0.02676, 0.05278, 0.1185, 0.30231, 0.1185, 0.05278], [0.00144, 0.00184, 0.00215, 0.00324, 0.00415, 0.00246, 0.0024, 0.00474, 0.00499, 0.00887, 0.00397, 0.00712, 0.01427, 0.01905, 0.02056, 0.00887, 0.01242, 0.03867, 0.05501, 0.07245, 0.0159, 0.03569, 0.09105, 0.39345, 0.17524], [0.00067, 0.00098, 0.00142, 0.0028, 0.00479, 0.00098, 0.00114, 0.00276, 0.00412, 0.01075, 0.00142, 0.00276, 0.00711, 0.01428, 0.02742, 0.0028, 0.00412, 0.01428, 0.03363, 0.1185, 0.00479, 0.01075, 0.02742, 0.1185, 0.5818]]