[[0.93036, 0.0298, 0.00099, 3e-05, 0, 0.0298, 0.00704, 0.00042, 2e-05, 0, 0.00099, 0.00042, 6e-05, 0, 0, 3e-05, 2e-05, 0, 0, 0, 0, 0, 0, 0, 0], [0.03105, 0.89293, 0.0298, 0.00099, 3e-05, 0.00739, 0.02838, 0.00704, 0.00042, 2e-05, 0.00044, 0.00095, 0.00042, 6e-05, 0, 2e-05, 3e-05, 2e-05, 0, 0, 0, 0, 0, 0, 0], [0.00104, 0.0298, 0.893, 0.0298, 0.00104, 0.00044, 0.00704, 0.02838, 0.00704, 0.00044, 6e-05, 0.00042, 0.00095, 0.00042, 6e-05, 0, 2e-05, 3e-05, 2e-05, 0, 0, 0, 0, 0, 0], [3e-05, 0.00099, 0.0298, 0.89293, 0.03105, 2e-05, 0.00042, 0.00704, 0.02838, 0.00739, 0, 6e-05, 0.00042, 0.00095, 0.00044, 0, 0, 2e-05, 3e-05, 2e-05, 0, 0, 0, 0, 0], [0, 3e-05, 0.00099, 0.0298, 0.93036, 0, 2e-05, 0.00042, 0.00704, 0.0298, 0, 0, 6e-05, 0.00042, 0.00099, 0, 0, 0, 2e-05, 3e-05, 0, 0, 0, 0, 0], [0.03105, 0.00739, 0.00044, 2e-05, 0, 0.89293, 0.02838, 0.00095, 3e-05, 0, 0.0298, 0.00704, 0.00042, 2e-05, 0, 0.00099, 0.00042, 6e-05, 0, 0, 3e-05, 2e-05, 0, 0, 0], [0.0077, 0.0298, 0.00739, 0.00044, 2e-05, 0.0298, 0.85028, 0.02838, 0.00095, 3e-05, 0.00739, 0.02838, 0.00704, 0.00042, 2e-05, 0.00044, 0.00095, 0.00042, 6e-05, 0, 2e-05, 3e-05, 2e-05, 0, 0], [0.00046, 0.00739, 0.0298, 0.00739, 0.00046, 0.00099, 0.02838, 0.85042, 0.02838, 0.00099, 0.00044, 0.00704, 0.02839, 0.00704, 0.00044, 6e-05, 0.00042, 0.00095, 0.00042, 6e-05, 0, 2e-05, 3e-05, 2e-05, 0], [2e-05, 0.00044, 0.00739, 0.0298, 0.0077, 3e-05, 0.00095, 0.02838, 0.85028, 0.0298, 2e-05, 0.00042, 0.00704, 0.02838, 0.00739, 0, 6e-05, 0.00042, 0.00095, 0.00044, 0, 0, 2e-05, 3e-05, 2e-05], [0, 2e-05, 0.00044, 0.00739, 0.03105, 0, 3e-05, 0.00095, 0.02838, 0.89293, 0, 2e-05, 0.00042, 0.00704, 0.0298, 0, 0, 6e-05, 0.00042, 0.00099, 0, 0, 0, 2e-05, 3e-05], [0.00104, 0.00044, 6e-05, 0, 0, 0.0298, 0.00704, 0.00042, 2e-05, 0, 0.893, 0.02838, 0.00095, 3e-05, 0, 0.0298, 0.00704, 0.00042, 2e-05, 0, 0.00104, 0.00044, 6e-05, 0, 0], [0.00046, 0.00099, 0.00044, 6e-05, 0, 0.00739, 0.02838, 0.00704, 0.00042, 2e-05, 0.0298, 0.85042, 0.02839, 0.00095, 3e-05, 0.00739, 0.02838, 0.00704, 0.00042, 2e-05, 0.00046, 0.00099, 0.00044, 6e-05, 0], [6e-05, 0.00044, 0.00099, 0.00044, 6e-05, 0.00044, 0.00704, 0.02838, 0.00704, 0.00044, 0.00099, 0.02838, 0.85056, 0.02838, 0.00099, 0.00044, 0.00704, 0.02838, 0.00704, 0.00044, 6e-05, 0.00044, 0.00099, 0.00044, 6e-05], [0, 6e-05, 0.00044, 0.00099, 0.00046, 2e-05, 0.00042, 0.00704, 0.02838, 0.00739, 3e-05, 0.00095, 0.02839, 0.85042, 0.0298, 2e-05, 0.00042, 0.00704, 0.02838, 0.00739, 0, 6e-05, 0.00044, 0.00099, 0.00046], [0, 0, 6e-05, 0.00044, 0.00104, 0, 2e-05, 0.00042, 0.00704, 0.0298, 0, 3e-05, 0.00095, 0.02838, 0.893, 0, 2e-05, 0.00042, 0.00704, 0.0298, 0, 0, 6e-05, 0.00044, 0.00104], [3e-05, 2e-05, 0, 0, 0, 0.00099, 0.00042, 6e-05, 0, 0, 0.0298, 0.00704, 0.00042, 2e-05, 0, 0.89293, 0.02838, 0.00095, 3e-05, 0, 0.03105, 0.00739, 0.00044, 2e-05, 0], [2e-05, 3e-05, 2e-05, 0, 0, 0.00044, 0.00095, 0.00042, 6e-05, 0, 0.00739, 0.02838, 0.00704, 0.00042, 2e-05, 0.0298, 0.85028, 0.02838, 0.00095, 3e-05, 0.0077, 0.0298, 0.00739, 0.00044, 2e-05], [0, 2e-05, 3e-05, 2e-05, 0, 6e-05, 0.00042, 0.00095, 0.00042, 6e-05, 0.00044, 0.00704, 0.02839, 0.00704, 0.00044, 0.00099, 0.02838, 0.85042, 0.02838, 0.00099, 0.00046, 0.00739, 0.0298, 0.00739, 0.00046], [0, 0, 2e-05, 3e-05, 2e-05, 0, 6e-05, 0.00042, 0.00095, 0.00044, 2e-05, 0.00042, 0.00704, 0.02838, 0.00739, 3e-05, 0.00095, 0.02838, 0.85028, 0.0298, 2e-05, 0.00044, 0.00739, 0.0298, 0.0077], [0, 0, 0, 2e-05, 3e-05, 0, 0, 6e-05, 0.00042, 0.00099, 0, 2e-05, 0.00042, 0.00704, 0.0298, 0, 3e-05, 0.00095, 0.02838, 0.89293, 0, 2e-05, 0.00044, 0.00739, 0.03105], [0, 0, 0, 0, 0, 3e-05, 2e-05, 0, 0, 0, 0.00099, 0.00042, 6e-05, 0, 0, 0.0298, 0.00704, 0.00042, 2e-05, 0, 0.93036, 0.0298, 0.00099, 3e-05, 0], [0, 0, 0, 0, 0, 2e-05, 3e-05, 2e-05, 0, 0, 0.00044, 0.00095, 0.00042, 6e-05, 0, 0.00739, 0.02838, 0.00704, 0.00042, 2e-05, 0.03105, 0.89293, 0.0298, 0.00099, 3e-05], [0, 0, 0, 0, 0, 0, 2e-05, 3e-05, 2e-05, 0, 6e-05, 0.00042, 0.00095, 0.00042, 6e-05, 0.00044, 0.00704, 0.02838, 0.00704, 0.00044, 0.00104, 0.0298, 0.893, 0.0298, 0.00104], [0, 0, 0, 0, 0, 0, 0, 2e-05, 3e-05, 2e-05, 0, 6e-05, 0.00042, 0.00095, 0.00044, 2e-05, 0.00042, 0.00704, 0.02838, 0.00739, 3e-05, 0.00099, 0.0298, 0.89293, 0.03105], [0, 0, 0, 0, 0, 0, 0, 0, 2e-05, 3e-05, 0, 0, 6e-05, 0.00042, 0.00099, 0, 2e-05, 0.00042, 0.00704, 0.0298, 0, 3e-05, 0.00099, 0.0298, 0.93036]]