[[0.84728, 0.06005, 0.00472, 0.00037, 3e-05, 0.06005, 0.01859, 0.00146, 0.00011, 1e-05, 0.00472, 0.00146, 0.00052, 4e-05, 0, 0.00037, 0.00011, 4e-05, 1e-05, 0, 3e-05, 1e-05, 0, 0, 0], [0.06646, 0.76554, 0.06016, 0.00471, 0.00041, 0.02115, 0.05278, 0.01867, 0.00146, 0.00013, 0.00166, 0.00416, 0.00147, 0.00052, 5e-05, 0.00013, 0.00032, 0.00011, 4e-05, 2e-05, 1e-05, 3e-05, 1e-05, 0, 0], [0.00521, 0.06005, 0.76698, 0.06005, 0.00521, 0.00166, 0.01859, 0.05302, 0.01859, 0.00166, 0.00059, 0.00146, 0.00418, 0.00146, 0.00059, 5e-05, 0.00011, 0.00033, 0.00011, 5e-05, 0, 1e-05, 3e-05, 1e-05, 0], [0.00041, 0.00471, 0.06016, 0.76554, 0.06646, 0.00013, 0.00146, 0.01867, 0.05278, 0.02115, 5e-05, 0.00052, 0.00147, 0.00416, 0.00166, 2e-05, 4e-05, 0.00011, 0.00032, 0.00013, 0, 0, 1e-05, 3e-05, 1e-05], [3e-05, 0.00037, 0.00472, 0.06005, 0.84728, 1e-05, 0.00011, 0.00146, 0.01859, 0.06005, 0, 4e-05, 0.00052, 0.00146, 0.00472, 0, 1e-05, 4e-05, 0.00011, 0.00037, 0, 0, 0, 1e-05, 3e-05], [0.06646, 0.02115, 0.00166, 0.00013, 1e-05, 0.76554, 0.05278, 0.00416, 0.00032, 3e-05, 0.06016, 0.01867, 0.00147, 0.00011, 1e-05, 0.00471, 0.00146, 0.00052, 4e-05, 0, 0.00041, 0.00013, 5e-05, 2e-05, 0], [0.0234, 0.06005, 0.02119, 0.00166, 0.00014, 0.06005, 0.67289, 0.05302, 0.00414, 0.00037, 0.02119, 0.05302, 0.01875, 0.00146, 0.00013, 0.00166, 0.00414, 0.00146, 0.00051, 5e-05, 0.00014, 0.00037, 0.00013, 5e-05, 2e-05], [0.00184, 0.02115, 0.06016, 0.02115, 0.00184, 0.00471, 0.05278, 0.676, 0.05278, 0.00471, 0.00166, 0.01867, 0.05325, 0.01867, 0.00166, 0.00058, 0.00146, 0.00416, 0.00146, 0.00058, 5e-05, 0.00013, 0.00037, 0.00013, 5e-05], [0.00014, 0.00166, 0.02119, 0.06005, 0.0234, 0.00037, 0.00414, 0.05302, 0.67289, 0.06005, 0.00013, 0.00146, 0.01875, 0.05302, 0.02119, 5e-05, 0.00051, 0.00146, 0.00414, 0.00166, 2e-05, 5e-05, 0.00013, 0.00037, 0.00014], [1e-05, 0.00013, 0.00166, 0.02115, 0.06646, 3e-05, 0.00032, 0.00416, 0.05278, 0.76554, 1e-05, 0.00011, 0.00147, 0.01867, 0.06016, 0, 4e-05, 0.00052, 0.00146, 0.00471, 0, 2e-05, 5e-05, 0.00013, 0.00041], [0.00521, 0.00166, 0.00059, 5e-05, 0, 0.06005, 0.01859, 0.00146, 0.00011, 1e-05, 0.76698, 0.05302, 0.00418, 0.00033, 3e-05, 0.06005, 0.01859, 0.00146, 0.00011, 1e-05, 0.00521, 0.00166, 0.00059, 5e-05, 0], [0.00184, 0.00471, 0.00166, 0.00058, 5e-05, 0.02115, 0.05278, 0.01867, 0.00146, 0.00013, 0.06016, 0.676, 0.05325, 0.00416, 0.00037, 0.02115, 0.05278, 0.01867, 0.00146, 0.00013, 0.00184, 0.00471, 0.00166, 0.00058, 5e-05], [0.00065, 0.00166, 0.00472, 0.00166, 0.00065, 0.00166, 0.01859, 0.05302, 0.01859, 0.00166, 0.00472, 0.05302, 0.67882, 0.05302, 0.00472, 0.00166, 0.01859, 0.05302, 0.01859, 0.00166, 0.00065, 0.00166, 0.00472, 0.00166, 0.00065], [5e-05, 0.00058, 0.00166, 0.00471, 0.00184, 0.00013, 0.00146, 0.01867, 0.05278, 0.02115, 0.00037, 0.00416, 0.05325, 0.676, 0.06016, 0.00013, 0.00146, 0.01867, 0.05278, 0.02115, 5e-05, 0.00058, 0.00166, 0.00471, 0.00184], [0, 5e-05, 0.00059, 0.00166, 0.00521, 1e-05, 0.00011, 0.00146, 0.01859, 0.06005, 3e-05, 0.00033, 0.00418, 0.05302, 0.76698, 1e-05, 0.00011, 0.00146, 0.01859, 0.06005, 0, 5e-05, 0.00059, 0.00166, 0.00521], [0.00041, 0.00013, 5e-05, 2e-05, 0, 0.00471, 0.00146, 0.00052, 4e-05, 0, 0.06016, 0.01867, 0.00147, 0.00011, 1e-05, 0.76554, 0.05278, 0.00416, 0.00032, 3e-05, 0.06646, 0.02115, 0.00166, 0.00013, 1e-05], [0.00014, 0.00037, 0.00013, 5e-05, 2e-05, 0.00166, 0.00414, 0.00146, 0.00051, 5e-05, 0.02119, 0.05302, 0.01875, 0.00146, 0.00013, 0.06005, 0.67289, 0.05302, 0.00414, 0.00037, 0.0234, 0.06005, 0.02119, 0.00166, 0.00014], [5e-05, 0.00013, 0.00037, 0.00013, 5e-05, 0.00058, 0.00146, 0.00416, 0.00146, 0.00058, 0.00166, 0.01867, 0.05325, 0.01867, 0.00166, 0.00471, 0.05278, 0.676, 0.05278, 0.00471, 0.00184, 0.02115, 0.06016, 0.02115, 0.00184], [2e-05, 5e-05, 0.00013, 0.00037, 0.00014, 5e-05, 0.00051, 0.00146, 0.00414, 0.00166, 0.00013, 0.00146, 0.01875, 0.05302, 0.02119, 0.00037, 0.00414, 0.05302, 0.67289, 0.06005, 0.00014, 0.00166, 0.02119, 0.06005, 0.0234], [0, 2e-05, 5e-05, 0.00013, 0.00041, 0, 4e-05, 0.00052, 0.00146, 0.00471, 1e-05, 0.00011, 0.00147, 0.01867, 0.06016, 3e-05, 0.00032, 0.00416, 0.05278, 0.76554, 1e-05, 0.00013, 0.00166, 0.02115, 0.06646], [3e-05, 1e-05, 0, 0, 0, 0.00037, 0.00011, 4e-05, 1e-05, 0, 0.00472, 0.00146, 0.00052, 4e-05, 0, 0.06005, 0.01859, 0.00146, 0.00011, 1e-05, 0.84728, 0.06005, 0.00472, 0.00037, 3e-05], [1e-05, 3e-05, 1e-05, 0, 0, 0.00013, 0.00032, 0.00011, 4e-05, 2e-05, 0.00166, 0.00416, 0.00147, 0.00052, 5e-05, 0.02115, 0.05278, 0.01867, 0.00146, 0.00013, 0.06646, 0.76554, 0.06016, 0.00471, 0.00041], [0, 1e-05, 3e-05, 1e-05, 0, 5e-05, 0.00011, 0.00033, 0.00011, 5e-05, 0.00059, 0.00146, 0.00418, 0.00146, 0.00059, 0.00166, 0.01859, 0.05302, 0.01859, 0.00166, 0.00521, 0.06005, 0.76698, 0.06005, 0.00521], [0, 0, 1e-05, 3e-05, 1e-05, 2e-05, 4e-05, 0.00011, 0.00032, 0.00013, 5e-05, 0.00052, 0.00147, 0.00416, 0.00166, 0.00013, 0.00146, 0.01867, 0.05278, 0.02115, 0.00041, 0.00471, 0.06016, 0.76554, 0.06646], [0, 0, 0, 1e-05, 3e-05, 0, 1e-05, 4e-05, 0.00011, 0.00037, 0, 4e-05, 0.00052, 0.00146, 0.00472, 1e-05, 0.00011, 0.00146, 0.01859, 0.06005, 3e-05, 0.00037, 0.00472, 0.06005, 0.84728]]