[[0.79773, 0.07543, 0.00827, 0.0009, 0.00011, 0.07543, 0.02515, 0.00278, 0.0003, 4e-05, 0.00827, 0.00278, 0.00113, 0.00012, 2e-05, 0.0009, 0.0003, 0.00012, 5e-05, 0, 0.00011, 4e-05, 2e-05, 0, 0], [0.08714, 0.69051, 0.07571, 0.00824, 0.00104, 0.03043, 0.06234, 0.02541, 0.00275, 0.00036, 0.00334, 0.00688, 0.0028, 0.00112, 0.00015, 0.00036, 0.00074, 0.0003, 0.00012, 6e-05, 5e-05, 0.0001, 4e-05, 2e-05, 0], [0.00952, 0.07543, 0.69315, 0.07543, 0.00952, 0.00332, 0.02515, 0.06298, 0.02515, 0.00332, 0.00135, 0.00278, 0.00694, 0.00278, 0.00135, 0.00015, 0.0003, 0.00075, 0.0003, 0.00015, 2e-05, 4e-05, 0.0001, 4e-05, 2e-05], [0.00104, 0.00824, 0.07571, 0.69051, 0.08714, 0.00036, 0.00275, 0.02541, 0.06234, 0.03043, 0.00015, 0.00112, 0.0028, 0.00688, 0.00334, 6e-05, 0.00012, 0.0003, 0.00074, 0.00036, 0, 2e-05, 4e-05, 0.0001, 5e-05], [0.00011, 0.0009, 0.00827, 0.07543, 0.79773, 4e-05, 0.0003, 0.00278, 0.02515, 0.07543, 2e-05, 0.00012, 0.00113, 0.00278, 0.00827, 0, 5e-05, 0.00012, 0.0003, 0.0009, 0, 0, 2e-05, 4e-05, 0.00011], [0.08714, 0.03043, 0.00334, 0.00036, 5e-05, 0.69051, 0.06234, 0.00688, 0.00074, 0.0001, 0.07571, 0.02541, 0.0028, 0.0003, 4e-05, 0.00824, 0.00275, 0.00112, 0.00012, 2e-05, 0.00104, 0.00036, 0.00015, 6e-05, 0], [0.03515, 0.07543, 0.03054, 0.00332, 0.00042, 0.07543, 0.57067, 0.06298, 0.00681, 0.0009, 0.03054, 0.06298, 0.02563, 0.00278, 0.00036, 0.00332, 0.00681, 0.00278, 0.00111, 0.00015, 0.00042, 0.0009, 0.00036, 0.00015, 7e-05], [0.00384, 0.03043, 0.07571, 0.03043, 0.00384, 0.00824, 0.06234, 0.57657, 0.06234, 0.00824, 0.00334, 0.02541, 0.06353, 0.02541, 0.00334, 0.00134, 0.00275, 0.00688, 0.00275, 0.00134, 0.00017, 0.00036, 0.0009, 0.00036, 0.00017], [0.00042, 0.00332, 0.03054, 0.07543, 0.03515, 0.0009, 0.00681, 0.06298, 0.57067, 0.07543, 0.00036, 0.00278, 0.02563, 0.06298, 0.03054, 0.00015, 0.00111, 0.00278, 0.00681, 0.00332, 7e-05, 0.00015, 0.00036, 0.0009, 0.00042], [5e-05, 0.00036, 0.00334, 0.03043, 0.08714, 0.0001, 0.00074, 0.00688, 0.06234, 0.69051, 4e-05, 0.0003, 0.0028, 0.02541, 0.07571, 2e-05, 0.00012, 0.00112, 0.00275, 0.00824, 0, 6e-05, 0.00015, 0.00036, 0.00104], [0.00952, 0.00332, 0.00135, 0.00015, 2e-05, 0.07543, 0.02515, 0.00278, 0.0003, 4e-05, 0.69315, 0.06298, 0.00694, 0.00075, 0.0001, 0.07543, 0.02515, 0.00278, 0.0003, 4e-05, 0.00952, 0.00332, 0.00135, 0.00015, 2e-05], [0.00384, 0.00824, 0.00334, 0.00134, 0.00017, 0.03043, 0.06234, 0.02541, 0.00275, 0.00036, 0.07571, 0.57657, 0.06353, 0.00688, 0.0009, 0.03043, 0.06234, 0.02541, 0.00275, 0.00036, 0.00384, 0.00824, 0.00334, 0.00134, 0.00017], [0.00155, 0.00332, 0.00827, 0.00332, 0.00155, 0.00332, 0.02515, 0.06298, 0.02515, 0.00332, 0.00827, 0.06298, 0.58164, 0.06298, 0.00827, 0.00332, 0.02515, 0.06298, 0.02515, 0.00332, 0.00155, 0.00332, 0.00827, 0.00332, 0.00155], [0.00017, 0.00134, 0.00334, 0.00824, 0.00384, 0.00036, 0.00275, 0.02541, 0.06234, 0.03043, 0.0009, 0.00688, 0.06353, 0.57657, 0.07571, 0.00036, 0.00275, 0.02541, 0.06234, 0.03043, 0.00017, 0.00134, 0.00334, 0.00824, 0.00384], [2e-05, 0.00015, 0.00135, 0.00332, 0.00952, 4e-05, 0.0003, 0.00278, 0.02515, 0.07543, 0.0001, 0.00075, 0.00694, 0.06298, 0.69315, 4e-05, 0.0003, 0.00278, 0.02515, 0.07543, 2e-05, 0.00015, 0.00135, 0.00332, 0.00952], [0.00104, 0.00036, 0.00015, 6e-05, 0, 0.00824, 0.00275, 0.00112, 0.00012, 2e-05, 0.07571, 0.02541, 0.0028, 0.0003, 4e-05, 0.69051, 0.06234, 0.00688, 0.00074, 0.0001, 0.08714, 0.03043, 0.00334, 0.00036, 5e-05], [0.00042, 0.0009, 0.00036, 0.00015, 7e-05, 0.00332, 0.00681, 0.00278, 0.00111, 0.00015, 0.03054, 0.06298, 0.02563, 0.00278, 0.00036, 0.07543, 0.57067, 0.06298, 0.00681, 0.0009, 0.03515, 0.07543, 0.03054, 0.00332, 0.00042], [0.00017, 0.00036, 0.0009, 0.00036, 0.00017, 0.00134, 0.00275, 0.00688, 0.00275, 0.00134, 0.00334, 0.02541, 0.06353, 0.02541, 0.00334, 0.00824, 0.06234, 0.57657, 0.06234, 0.00824, 0.00384, 0.03043, 0.07571, 0.03043, 0.00384], [7e-05, 0.00015, 0.00036, 0.0009, 0.00042, 0.00015, 0.00111, 0.00278, 0.00681, 0.00332, 0.00036, 0.00278, 0.02563, 0.06298, 0.03054, 0.0009, 0.00681, 0.06298, 0.57067, 0.07543, 0.00042, 0.00332, 0.03054, 0.07543, 0.03515], [0, 6e-05, 0.00015, 0.00036, 0.00104, 2e-05, 0.00012, 0.00112, 0.00275, 0.00824, 4e-05, 0.0003, 0.0028, 0.02541, 0.07571, 0.0001, 0.00074, 0.00688, 0.06234, 0.69051, 5e-05, 0.00036, 0.00334, 0.03043, 0.08714], [0.00011, 4e-05, 2e-05, 0, 0, 0.0009, 0.0003, 0.00012, 5e-05, 0, 0.00827, 0.00278, 0.00113, 0.00012, 2e-05, 0.07543, 0.02515, 0.00278, 0.0003, 4e-05, 0.79773, 0.07543, 0.00827, 0.0009, 0.00011], [5e-05, 0.0001, 4e-05, 2e-05, 0, 0.00036, 0.00074, 0.0003, 0.00012, 6e-05, 0.00334, 0.00688, 0.0028, 0.00112, 0.00015, 0.03043, 0.06234, 0.02541, 0.00275, 0.00036, 0.08714, 0.69051, 0.07571, 0.00824, 0.00104], [2e-05, 4e-05, 0.0001, 4e-05, 2e-05, 0.00015, 0.0003, 0.00075, 0.0003, 0.00015, 0.00135, 0.00278, 0.00694, 0.00278, 0.00135, 0.00332, 0.02515, 0.06298, 0.02515, 0.00332, 0.00952, 0.07543, 0.69315, 0.07543, 0.00952], [0, 2e-05, 4e-05, 0.0001, 5e-05, 6e-05, 0.00012, 0.0003, 0.00074, 0.00036, 0.00015, 0.00112, 0.0028, 0.00688, 0.00334, 0.00036, 0.00275, 0.02541, 0.06234, 0.03043, 0.00104, 0.00824, 0.07571, 0.69051, 0.08714], [0, 0, 2e-05, 4e-05, 0.00011, 0, 5e-05, 0.00012, 0.0003, 0.0009, 2e-05, 0.00012, 0.00113, 0.00278, 0.00827, 4e-05, 0.0003, 0.00278, 0.02515, 0.07543, 0.00011, 0.0009, 0.00827, 0.07543, 0.79773]]