[[0.85985, 0.05584, 0.00398, 0.00028, 2e-05, 0.05584, 0.01684, 0.0012, 9e-05, 0, 0.00398, 0.0012, 0.00041, 3e-05, 0, 0.00028, 9e-05, 3e-05, 0, 0, 2e-05, 0, 0, 0, 0], [0.06118, 0.7847, 0.05592, 0.00397, 0.00031, 0.01889, 0.04976, 0.0169, 0.0012, 0.0001, 0.00135, 0.00355, 0.00121, 0.00041, 3e-05, 0.0001, 0.00025, 9e-05, 3e-05, 1e-05, 0, 2e-05, 0, 0, 0], [0.00435, 0.05584, 0.7859, 0.05584, 0.00435, 0.00134, 0.01684, 0.04994, 0.01684, 0.00134, 0.00046, 0.0012, 0.00357, 0.0012, 0.00046, 3e-05, 9e-05, 0.00025, 9e-05, 3e-05, 0, 0, 2e-05, 0, 0], [0.00031, 0.00397, 0.05592, 0.7847, 0.06118, 0.0001, 0.0012, 0.0169, 0.04976, 0.01889, 3e-05, 0.00041, 0.00121, 0.00355, 0.00135, 1e-05, 3e-05, 9e-05, 0.00025, 0.0001, 0, 0, 0, 2e-05, 0], [2e-05, 0.00028, 0.00398, 0.05584, 0.85985, 0, 9e-05, 0.0012, 0.01684, 0.05584, 0, 3e-05, 0.00041, 0.0012, 0.00398, 0, 0, 3e-05, 9e-05, 0.00028, 0, 0, 0, 0, 2e-05], [0.06118, 0.01889, 0.00135, 0.0001, 0, 0.7847, 0.04976, 0.00355, 0.00025, 2e-05, 0.05592, 0.0169, 0.00121, 9e-05, 0, 0.00397, 0.0012, 0.00041, 3e-05, 0, 0.00031, 0.0001, 3e-05, 1e-05, 0], [0.0207, 0.05584, 0.01892, 0.00134, 0.0001, 0.05584, 0.69931, 0.04994, 0.00354, 0.00028, 0.01892, 0.04994, 0.01696, 0.0012, 0.0001, 0.00134, 0.00354, 0.0012, 0.00041, 3e-05, 0.0001, 0.00028, 0.0001, 3e-05, 1e-05], [0.00147, 0.01889, 0.05592, 0.01889, 0.00147, 0.00397, 0.04976, 0.70186, 0.04976, 0.00397, 0.00135, 0.0169, 0.05011, 0.0169, 0.00135, 0.00045, 0.0012, 0.00355, 0.0012, 0.00045, 4e-05, 0.0001, 0.00028, 0.0001, 4e-05], [0.0001, 0.00134, 0.01892, 0.05584, 0.0207, 0.00028, 0.00354, 0.04994, 0.69931, 0.05584, 0.0001, 0.0012, 0.01696, 0.04994, 0.01892, 3e-05, 0.00041, 0.0012, 0.00354, 0.00134, 1e-05, 3e-05, 0.0001, 0.00028, 0.0001], [0, 0.0001, 0.00135, 0.01889, 0.06118, 2e-05, 0.00025, 0.00355, 0.04976, 0.7847, 0, 9e-05, 0.00121, 0.0169, 0.05592, 0, 3e-05, 0.00041, 0.0012, 0.00397, 0, 1e-05, 3e-05, 0.0001, 0.00031], [0.00435, 0.00134, 0.00046, 3e-05, 0, 0.05584, 0.01684, 0.0012, 9e-05, 0, 0.7859, 0.04994, 0.00357, 0.00025, 2e-05, 0.05584, 0.01684, 0.0012, 9e-05, 0, 0.00435, 0.00134, 0.00046, 3e-05, 0], [0.00147, 0.00397, 0.00135, 0.00045, 4e-05, 0.01889, 0.04976, 0.0169, 0.0012, 0.0001, 0.05592, 0.70186, 0.05011, 0.00355, 0.00028, 0.01889, 0.04976, 0.0169, 0.0012, 0.0001, 0.00147, 0.00397, 0.00135, 0.00045, 4e-05], [0.0005, 0.00134, 0.00398, 0.00134, 0.0005, 0.00134, 0.01684, 0.04994, 0.01684, 0.00134, 0.00398, 0.04994, 0.70421, 0.04994, 0.00398, 0.00134, 0.01684, 0.04994, 0.01684, 0.00134, 0.0005, 0.00134, 0.00398, 0.00134, 0.0005], [4e-05, 0.00045, 0.00135, 0.00397, 0.00147, 0.0001, 0.0012, 0.0169, 0.04976, 0.01889, 0.00028, 0.00355, 0.05011, 0.70186, 0.05592, 0.0001, 0.0012, 0.0169, 0.04976, 0.01889, 4e-05, 0.00045, 0.00135, 0.00397, 0.00147], [0, 3e-05, 0.00046, 0.00134, 0.00435, 0, 9e-05, 0.0012, 0.01684, 0.05584, 2e-05, 0.00025, 0.00357, 0.04994, 0.7859, 0, 9e-05, 0.0012, 0.01684, 0.05584, 0, 3e-05, 0.00046, 0.00134, 0.00435], [0.00031, 0.0001, 3e-05, 1e-05, 0, 0.00397, 0.0012, 0.00041, 3e-05, 0, 0.05592, 0.0169, 0.00121, 9e-05, 0, 0.7847, 0.04976, 0.00355, 0.00025, 2e-05, 0.06118, 0.01889, 0.00135, 0.0001, 0], [0.0001, 0.00028, 0.0001, 3e-05, 1e-05, 0.00134, 0.00354, 0.0012, 0.00041, 3e-05, 0.01892, 0.04994, 0.01696, 0.0012, 0.0001, 0.05584, 0.69931, 0.04994, 0.00354, 0.00028, 0.0207, 0.05584, 0.01892, 0.00134, 0.0001], [4e-05, 0.0001, 0.00028, 0.0001, 4e-05, 0.00045, 0.0012, 0.00355, 0.0012, 0.00045, 0.00135, 0.0169, 0.05011, 0.0169, 0.00135, 0.00397, 0.04976, 0.70186, 0.04976, 0.00397, 0.00147, 0.01889, 0.05592, 0.01889, 0.00147], [1e-05, 3e-05, 0.0001, 0.00028, 0.0001, 3e-05, 0.00041, 0.0012, 0.00354, 0.00134, 0.0001, 0.0012, 0.01696, 0.04994, 0.01892, 0.00028, 0.00354, 0.04994, 0.69931, 0.05584, 0.0001, 0.00134, 0.01892, 0.05584, 0.0207], [0, 1e-05, 3e-05, 0.0001, 0.00031, 0, 3e-05, 0.00041, 0.0012, 0.00397, 0, 9e-05, 0.00121, 0.0169, 0.05592, 2e-05, 0.00025, 0.00355, 0.04976, 0.7847, 0, 0.0001, 0.00135, 0.01889, 0.06118], [2e-05, 0, 0, 0, 0, 0.00028, 9e-05, 3e-05, 0, 0, 0.00398, 0.0012, 0.00041, 3e-05, 0, 0.05584, 0.01684, 0.0012, 9e-05, 0, 0.85985, 0.05584, 0.00398, 0.00028, 2e-05], [0, 2e-05, 0, 0, 0, 0.0001, 0.00025, 9e-05, 3e-05, 1e-05, 0.00135, 0.00355, 0.00121, 0.00041, 3e-05, 0.01889, 0.04976, 0.0169, 0.0012, 0.0001, 0.06118, 0.7847, 0.05592, 0.00397, 0.00031], [0, 0, 2e-05, 0, 0, 3e-05, 9e-05, 0.00025, 9e-05, 3e-05, 0.00046, 0.0012, 0.00357, 0.0012, 0.00046, 0.00134, 0.01684, 0.04994, 0.01684, 0.00134, 0.00435, 0.05584, 0.7859, 0.05584, 0.00435], [0, 0, 0, 2e-05, 0, 1e-05, 3e-05, 9e-05, 0.00025, 0.0001, 3e-05, 0.00041, 0.00121, 0.00355, 0.00135, 0.0001, 0.0012, 0.0169, 0.04976, 0.01889, 0.00031, 0.00397, 0.05592, 0.7847, 0.06118], [0, 0, 0, 0, 2e-05, 0, 0, 3e-05, 9e-05, 0.00028, 0, 3e-05, 0.00041, 0.0012, 0.00398, 0, 9e-05, 0.0012, 0.01684, 0.05584, 2e-05, 0.00028, 0.00398, 0.05584, 0.85985]]