[[0.65252, 0.10605, 0.02399, 0.00528, 0.00162, 0.10605, 0.03548, 0.01064, 0.00257, 0.00098, 0.02399, 0.01064, 0.00464, 0.00136, 0.00059, 0.00528, 0.00257, 0.00136, 0.00052, 0.00026, 0.00162, 0.00098, 0.00059, 0.00026, 0.00014], [0.1456, 0.4753, 0.10752, 0.02366, 0.00725, 0.05734, 0.06562, 0.03696, 0.01022, 0.00415, 0.01674, 0.01526, 0.01107, 0.00446, 0.00214, 0.00415, 0.00327, 0.00268, 0.00131, 0.00083, 0.00135, 0.00118, 0.001, 0.00058, 0.00036], [0.03249, 0.10605, 0.48186, 0.10605, 0.03249, 0.01651, 0.03548, 0.06837, 0.03548, 0.01651, 0.00701, 0.01064, 0.01586, 0.01064, 0.00701, 0.00211, 0.00257, 0.0034, 0.00257, 0.00211, 0.0008, 0.00098, 0.00119, 0.00098, 0.0008], [0.00725, 0.02366, 0.10752, 0.4753, 0.1456, 0.00415, 0.01022, 0.03696, 0.06562, 0.05734, 0.00214, 0.00446, 0.01107, 0.01526, 0.01674, 0.00083, 0.00131, 0.00268, 0.00327, 0.00415, 0.00036, 0.00058, 0.001, 0.00118, 0.00135], [0.00162, 0.00528, 0.02399, 0.10605, 0.65252, 0.00098, 0.00257, 0.01064, 0.03548, 0.10605, 0.00059, 0.00136, 0.00464, 0.01064, 0.02399, 0.00026, 0.00052, 0.00136, 0.00257, 0.00528, 0.00014, 0.00026, 0.00059, 0.00098, 0.00162], [0.1456, 0.05734, 0.01674, 0.00415, 0.00135, 0.4753, 0.06562, 0.01526, 0.00327, 0.00118, 0.10752, 0.03696, 0.01107, 0.00268, 0.001, 0.02366, 0.01022, 0.00446, 0.00131, 0.00058, 0.00725, 0.00415, 0.00214, 0.00083, 0.00036], [0.07872, 0.10605, 0.05813, 0.01651, 0.0057, 0.10605, 0.29411, 0.06837, 0.01464, 0.00528, 0.05813, 0.06837, 0.03843, 0.01064, 0.00421, 0.01651, 0.01464, 0.01064, 0.00428, 0.00211, 0.0057, 0.00528, 0.00421, 0.00211, 0.00115], [0.02267, 0.05734, 0.10752, 0.05734, 0.02267, 0.02366, 0.06562, 0.30642, 0.06562, 0.02366, 0.01674, 0.03696, 0.07108, 0.03696, 0.01674, 0.00692, 0.01022, 0.01526, 0.01022, 0.00692, 0.0029, 0.00415, 0.00535, 0.00415, 0.0029], [0.0057, 0.01651, 0.05813, 0.10605, 0.07872, 0.00528, 0.01464, 0.06837, 0.29411, 0.10605, 0.00421, 0.01064, 0.03843, 0.06837, 0.05813, 0.00211, 0.00428, 0.01064, 0.01464, 0.01651, 0.00115, 0.00211, 0.00421, 0.00528, 0.0057], [0.00135, 0.00415, 0.01674, 0.05734, 0.1456, 0.00118, 0.00327, 0.01526, 0.06562, 0.4753, 0.001, 0.00268, 0.01107, 0.03696, 0.10752, 0.00058, 0.00131, 0.00446, 0.01022, 0.02366, 0.00036, 0.00083, 0.00214, 0.00415, 0.00725], [0.03249, 0.01651, 0.00701, 0.00211, 0.0008, 0.10605, 0.03548, 0.01064, 0.00257, 0.00098, 0.48186, 0.06837, 0.01586, 0.0034, 0.00119, 0.10605, 0.03548, 0.01064, 0.00257, 0.00098, 0.03249, 0.01651, 0.00701, 0.00211, 0.0008], [0.02267, 0.02366, 0.01674, 0.00692, 0.0029, 0.05734, 0.06562, 0.03696, 0.01022, 0.00415, 0.10752, 0.30642, 0.07108, 0.01526, 0.00535, 0.05734, 0.06562, 0.03696, 0.01022, 0.00415, 0.02267, 0.02366, 0.01674, 0.00692, 0.0029], [0.0095, 0.01651, 0.02399, 0.01651, 0.0095, 0.01651, 0.03548, 0.06837, 0.03548, 0.01651, 0.02399, 0.06837, 0.31857, 0.06837, 0.02399, 0.01651, 0.03548, 0.06837, 0.03548, 0.01651, 0.0095, 0.01651, 0.02399, 0.01651, 0.0095], [0.0029, 0.00692, 0.01674, 0.02366, 0.02267, 0.00415, 0.01022, 0.03696, 0.06562, 0.05734, 0.00535, 0.01526, 0.07108, 0.30642, 0.10752, 0.00415, 0.01022, 0.03696, 0.06562, 0.05734, 0.0029, 0.00692, 0.01674, 0.02366, 0.02267], [0.0008, 0.00211, 0.00701, 0.01651, 0.03249, 0.00098, 0.00257, 0.01064, 0.03548, 0.10605, 0.00119, 0.0034, 0.01586, 0.06837, 0.48186, 0.00098, 0.00257, 0.01064, 0.03548, 0.10605, 0.0008, 0.00211, 0.00701, 0.01651, 0.03249], [0.00725, 0.00415, 0.00214, 0.00083, 0.00036, 0.02366, 0.01022, 0.00446, 0.00131, 0.00058, 0.10752, 0.03696, 0.01107, 0.00268, 0.001, 0.4753, 0.06562, 0.01526, 0.00327, 0.00118, 0.1456, 0.05734, 0.01674, 0.00415, 0.00135], [0.0057, 0.00528, 0.00421, 0.00211, 0.00115, 0.01651, 0.01464, 0.01064, 0.00428, 0.00211, 0.05813, 0.06837, 0.03843, 0.01064, 0.00421, 0.10605, 0.29411, 0.06837, 0.01464, 0.00528, 0.07872, 0.10605, 0.05813, 0.01651, 0.0057], [0.0029, 0.00415, 0.00535, 0.00415, 0.0029, 0.00692, 0.01022, 0.01526, 0.01022, 0.00692, 0.01674, 0.03696, 0.07108, 0.03696, 0.01674, 0.02366, 0.06562, 0.30642, 0.06562, 0.02366, 0.02267, 0.05734, 0.10752, 0.05734, 0.02267], [0.00115, 0.00211, 0.00421, 0.00528, 0.0057, 0.00211, 0.00428, 0.01064, 0.01464, 0.01651, 0.00421, 0.01064, 0.03843, 0.06837, 0.05813, 0.00528, 0.01464, 0.06837, 0.29411, 0.10605, 0.0057, 0.01651, 0.05813, 0.10605, 0.07872], [0.00036, 0.00083, 0.00214, 0.00415, 0.00725, 0.00058, 0.00131, 0.00446, 0.01022, 0.02366, 0.001, 0.00268, 0.01107, 0.03696, 0.10752, 0.00118, 0.00327, 0.01526, 0.06562, 0.4753, 0.00135, 0.00415, 0.01674, 0.05734, 0.1456], [0.00162, 0.00098, 0.00059, 0.00026, 0.00014, 0.00528, 0.00257, 0.00136, 0.00052, 0.00026, 0.02399, 0.01064, 0.00464, 0.00136, 0.00059, 0.10605, 0.03548, 0.01064, 0.00257, 0.00098, 0.65252, 0.10605, 0.02399, 0.00528, 0.00162], [0.00135, 0.00118, 0.001, 0.00058, 0.00036, 0.00415, 0.00327, 0.00268, 0.00131, 0.00083, 0.01674, 0.01526, 0.01107, 0.00446, 0.00214, 0.05734, 0.06562, 0.03696, 0.01022, 0.00415, 0.1456, 0.4753, 0.10752, 0.02366, 0.00725], [0.0008, 0.00098, 0.00119, 0.00098, 0.0008, 0.00211, 0.00257, 0.0034, 0.00257, 0.00211, 0.00701, 0.01064, 0.01586, 0.01064, 0.00701, 0.01651, 0.03548, 0.06837, 0.03548, 0.01651, 0.03249, 0.10605, 0.48186, 0.10605, 0.03249], [0.00036, 0.00058, 0.001, 0.00118, 0.00135, 0.00083, 0.00131, 0.00268, 0.00327, 0.00415, 0.00214, 0.00446, 0.01107, 0.01526, 0.01674, 0.00415, 0.01022, 0.03696, 0.06562, 0.05734, 0.00725, 0.02366, 0.10752, 0.4753, 0.1456], [0.00014, 0.00026, 0.00059, 0.00098, 0.00162, 0.00026, 0.00052, 0.00136, 0.00257, 0.00528, 0.00059, 0.00136, 0.00464, 0.01064, 0.02399, 0.00098, 0.00257, 0.01064, 0.03548, 0.10605, 0.00162, 0.00528, 0.02399, 0.10605, 0.65252]]