[[0.5802, 0.12074, 0.0284, 0.01136, 0.00514, 0.12074, 0.0345, 0.01256, 0.00325, 0.00215, 0.0284, 0.01256, 0.00775, 0.00237, 0.00101, 0.01136, 0.00325, 0.00237, 0.00123, 0.00081, 0.00514, 0.00215, 0.00101, 0.00081, 0.00074], [0.17796, 0.39366, 0.09259, 0.03703, 0.01674, 0.07438, 0.05601, 0.04096, 0.01058, 0.007, 0.01749, 0.02039, 0.01258, 0.00774, 0.00331, 0.007, 0.00527, 0.00385, 0.002, 0.00265, 0.00316, 0.00348, 0.00165, 0.00132, 0.0012], [0.05458, 0.12074, 0.30187, 0.12074, 0.05458, 0.02281, 0.0345, 0.13353, 0.0345, 0.02281, 0.01078, 0.01256, 0.02043, 0.01256, 0.01078, 0.00431, 0.00325, 0.00626, 0.00325, 0.00431, 0.00195, 0.00215, 0.00267, 0.00215, 0.00195], [0.01674, 0.03703, 0.09259, 0.39366, 0.17796, 0.007, 0.01058, 0.04096, 0.05601, 0.07438, 0.00331, 0.00774, 0.01258, 0.02039, 0.01749, 0.00265, 0.002, 0.00385, 0.00527, 0.007, 0.0012, 0.00132, 0.00165, 0.00348, 0.00316], [0.00514, 0.01136, 0.0284, 0.12074, 0.5802, 0.00215, 0.00325, 0.01256, 0.0345, 0.12074, 0.00101, 0.00237, 0.00775, 0.01256, 0.0284, 0.00081, 0.00123, 0.00237, 0.00325, 0.01136, 0.00074, 0.00081, 0.00101, 0.00215, 0.00514], [0.17796, 0.07438, 0.01749, 0.007, 0.00316, 0.39366, 0.05601, 0.02039, 0.00527, 0.00348, 0.09259, 0.04096, 0.01258, 0.00385, 0.00165, 0.03703, 0.01058, 0.00774, 0.002, 0.00132, 0.01674, 0.007, 0.00331, 0.00265, 0.0012], [0.10962, 0.12074, 0.05703, 0.02281, 0.01031, 0.12074, 0.1826, 0.06649, 0.01718, 0.01136, 0.05703, 0.06649, 0.04102, 0.01256, 0.00537, 0.02281, 0.01718, 0.01256, 0.00652, 0.00431, 0.01031, 0.01136, 0.00537, 0.00431, 0.00391], [0.03362, 0.07438, 0.09259, 0.07438, 0.03362, 0.03703, 0.05601, 0.21677, 0.05601, 0.03703, 0.01749, 0.04096, 0.06659, 0.04096, 0.01749, 0.01405, 0.01058, 0.02039, 0.01058, 0.01405, 0.00635, 0.007, 0.00871, 0.007, 0.00635], [0.01031, 0.02281, 0.05703, 0.12074, 0.10962, 0.01136, 0.01718, 0.06649, 0.1826, 0.12074, 0.00537, 0.01256, 0.04102, 0.06649, 0.05703, 0.00431, 0.00652, 0.01256, 0.01718, 0.02281, 0.00391, 0.00431, 0.00537, 0.01136, 0.01031], [0.00316, 0.007, 0.01749, 0.07438, 0.17796, 0.00348, 0.00527, 0.02039, 0.05601, 0.39366, 0.00165, 0.00385, 0.01258, 0.04096, 0.09259, 0.00132, 0.002, 0.00774, 0.01058, 0.03703, 0.0012, 0.00265, 0.00331, 0.007, 0.01674], [0.05458, 0.02281, 0.01078, 0.00431, 0.00195, 0.12074, 0.0345, 0.01256, 0.00325, 0.00215, 0.30187, 0.13353, 0.02043, 0.00626, 0.00267, 0.12074, 0.0345, 0.01256, 0.00325, 0.00215, 0.05458, 0.02281, 0.01078, 0.00431, 0.00195], [0.03362, 0.03703, 0.01749, 0.01405, 0.00635, 0.07438, 0.05601, 0.04096, 0.01058, 0.007, 0.09259, 0.21677, 0.06659, 0.02039, 0.00871, 0.07438, 0.05601, 0.04096, 0.01058, 0.007, 0.03362, 0.03703, 0.01749, 0.01405, 0.00635], [0.02071, 0.02281, 0.0284, 0.02281, 0.02071, 0.02281, 0.0345, 0.06649, 0.0345, 0.02281, 0.0284, 0.06649, 0.21711, 0.06649, 0.0284, 0.02281, 0.0345, 0.06649, 0.0345, 0.02281, 0.02071, 0.02281, 0.0284, 0.02281, 0.02071], [0.00635, 0.01405, 0.01749, 0.03703, 0.03362, 0.007, 0.01058, 0.04096, 0.05601, 0.07438, 0.00871, 0.02039, 0.06659, 0.21677, 0.09259, 0.007, 0.01058, 0.04096, 0.05601, 0.07438, 0.00635, 0.01405, 0.01749, 0.03703, 0.03362], [0.00195, 0.00431, 0.01078, 0.02281, 0.05458, 0.00215, 0.00325, 0.01256, 0.0345, 0.12074, 0.00267, 0.00626, 0.02043, 0.13353, 0.30187, 0.00215, 0.00325, 0.01256, 0.0345, 0.12074, 0.00195, 0.00431, 0.01078, 0.02281, 0.05458], [0.01674, 0.007, 0.00331, 0.00265, 0.0012, 0.03703, 0.01058, 0.00774, 0.002, 0.00132, 0.09259, 0.04096, 0.01258, 0.00385, 0.00165, 0.39366, 0.05601, 0.02039, 0.00527, 0.00348, 0.17796, 0.07438, 0.01749, 0.007, 0.00316], [0.01031, 0.01136, 0.00537, 0.00431, 0.00391, 0.02281, 0.01718, 0.01256, 0.00652, 0.00431, 0.05703, 0.06649, 0.04102, 0.01256, 0.00537, 0.12074, 0.1826, 0.06649, 0.01718, 0.01136, 0.10962, 0.12074, 0.05703, 0.02281, 0.01031], [0.00635, 0.007, 0.00871, 0.007, 0.00635, 0.01405, 0.01058, 0.02039, 0.01058, 0.01405, 0.01749, 0.04096, 0.06659, 0.04096, 0.01749, 0.03703, 0.05601, 0.21677, 0.05601, 0.03703, 0.03362, 0.07438, 0.09259, 0.07438, 0.03362], [0.00391, 0.00431, 0.00537, 0.01136, 0.01031, 0.00431, 0.00652, 0.01256, 0.01718, 0.02281, 0.00537, 0.01256, 0.04102, 0.06649, 0.05703, 0.01136, 0.01718, 0.06649, 0.1826, 0.12074, 0.01031, 0.02281, 0.05703, 0.12074, 0.10962], [0.0012, 0.00265, 0.00331, 0.007, 0.01674, 0.00132, 0.002, 0.00774, 0.01058, 0.03703, 0.00165, 0.00385, 0.01258, 0.04096, 0.09259, 0.00348, 0.00527, 0.02039, 0.05601, 0.39366, 0.00316, 0.007, 0.01749, 0.07438, 0.17796], [0.00514, 0.00215, 0.00101, 0.00081, 0.00074, 0.01136, 0.00325, 0.00237, 0.00123, 0.00081, 0.0284, 0.01256, 0.00775, 0.00237, 0.00101, 0.12074, 0.0345, 0.01256, 0.00325, 0.00215, 0.5802, 0.12074, 0.0284, 0.01136, 0.00514], [0.00316, 0.00348, 0.00165, 0.00132, 0.0012, 0.007, 0.00527, 0.00385, 0.002, 0.00265, 0.01749, 0.02039, 0.01258, 0.00774, 0.00331, 0.07438, 0.05601, 0.04096, 0.01058, 0.007, 0.17796, 0.39366, 0.09259, 0.03703, 0.01674], [0.00195, 0.00215, 0.00267, 0.00215, 0.00195, 0.00431, 0.00325, 0.00626, 0.00325, 0.00431, 0.01078, 0.01256, 0.02043, 0.01256, 0.01078, 0.02281, 0.0345, 0.13353, 0.0345, 0.02281, 0.05458, 0.12074, 0.30187, 0.12074, 0.05458], [0.0012, 0.00132, 0.00165, 0.00348, 0.00316, 0.00265, 0.002, 0.00385, 0.00527, 0.007, 0.00331, 0.00774, 0.01258, 0.02039, 0.01749, 0.007, 0.01058, 0.04096, 0.05601, 0.07438, 0.01674, 0.03703, 0.09259, 0.39366, 0.17796], [0.00074, 0.00081, 0.00101, 0.00215, 0.00514, 0.00081, 0.00123, 0.00237, 0.00325, 0.01136, 0.00101, 0.00237, 0.00775, 0.01256, 0.0284, 0.00215, 0.00325, 0.01256, 0.0345, 0.12074, 0.00514, 0.01136, 0.0284, 0.12074, 0.5802]]