[[0.60528, 0.11351, 0.03206, 0.00867, 0.00354, 0.11351, 0.03498, 0.01084, 0.00267, 0.00142, 0.03206, 0.01084, 0.00675, 0.00177, 0.00085, 0.00867, 0.00267, 0.00177, 0.00093, 0.00049, 0.00354, 0.00142, 0.00085, 0.00049, 0.00043], [0.16733, 0.41059, 0.11596, 0.03138, 0.01279, 0.067, 0.05925, 0.0392, 0.00967, 0.00512, 0.01892, 0.01836, 0.01144, 0.0064, 0.00309, 0.00512, 0.00453, 0.003, 0.00158, 0.00178, 0.00209, 0.0024, 0.00145, 0.00084, 0.00073], [0.04626, 0.11351, 0.41945, 0.11351, 0.04626, 0.01852, 0.03498, 0.06641, 0.03498, 0.01852, 0.01117, 0.01084, 0.01938, 0.01084, 0.01117, 0.00302, 0.00267, 0.00508, 0.00267, 0.00302, 0.00123, 0.00142, 0.00245, 0.00142, 0.00123], [0.01279, 0.03138, 0.11596, 0.41059, 0.16733, 0.00512, 0.00967, 0.0392, 0.05925, 0.067, 0.00309, 0.0064, 0.01144, 0.01836, 0.01892, 0.00178, 0.00158, 0.003, 0.00453, 0.00512, 0.00073, 0.00084, 0.00145, 0.0024, 0.00209], [0.00354, 0.00867, 0.03206, 0.11351, 0.60528, 0.00142, 0.00267, 0.01084, 0.03498, 0.11351, 0.00085, 0.00177, 0.00675, 0.01084, 0.03206, 0.00049, 0.00093, 0.00177, 0.00267, 0.00867, 0.00043, 0.00049, 0.00085, 0.00142, 0.00354], [0.16733, 0.067, 0.01892, 0.00512, 0.00209, 0.41059, 0.05925, 0.01836, 0.00453, 0.0024, 0.11596, 0.0392, 0.01144, 0.003, 0.00145, 0.03138, 0.00967, 0.0064, 0.00158, 0.00084, 0.01279, 0.00512, 0.00309, 0.00178, 0.00073], [0.09877, 0.11351, 0.06845, 0.01852, 0.00755, 0.11351, 0.21434, 0.06641, 0.01638, 0.00867, 0.06845, 0.06641, 0.04138, 0.01084, 0.00523, 0.01852, 0.01638, 0.01084, 0.00571, 0.00302, 0.00755, 0.00867, 0.00523, 0.00302, 0.00263], [0.02731, 0.067, 0.11596, 0.067, 0.02731, 0.03138, 0.05925, 0.24023, 0.05925, 0.03138, 0.01892, 0.0392, 0.0701, 0.0392, 0.01892, 0.01093, 0.00967, 0.01836, 0.00967, 0.01093, 0.00446, 0.00512, 0.00886, 0.00512, 0.00446], [0.00755, 0.01852, 0.06845, 0.11351, 0.09877, 0.00867, 0.01638, 0.06641, 0.21434, 0.11351, 0.00523, 0.01084, 0.04138, 0.06641, 0.06845, 0.00302, 0.00571, 0.01084, 0.01638, 0.01852, 0.00263, 0.00302, 0.00523, 0.00867, 0.00755], [0.00209, 0.00512, 0.01892, 0.067, 0.16733, 0.0024, 0.00453, 0.01836, 0.05925, 0.41059, 0.00145, 0.003, 0.01144, 0.0392, 0.11596, 0.00084, 0.00158, 0.0064, 0.00967, 0.03138, 0.00073, 0.00178, 0.00309, 0.00512, 0.01279], [0.04626, 0.01852, 0.01117, 0.00302, 0.00123, 0.11351, 0.03498, 0.01084, 0.00267, 0.00142, 0.41945, 0.06641, 0.01938, 0.00508, 0.00245, 0.11351, 0.03498, 0.01084, 0.00267, 0.00142, 0.04626, 0.01852, 0.01117, 0.00302, 0.00123], [0.02731, 0.03138, 0.01892, 0.01093, 0.00446, 0.067, 0.05925, 0.0392, 0.00967, 0.00512, 0.11596, 0.24023, 0.0701, 0.01836, 0.00886, 0.067, 0.05925, 0.0392, 0.00967, 0.00512, 0.02731, 0.03138, 0.01892, 0.01093, 0.00446], [0.01612, 0.01852, 0.03206, 0.01852, 0.01612, 0.01852, 0.03498, 0.06641, 0.03498, 0.01852, 0.03206, 0.06641, 0.25356, 0.06641, 0.03206, 0.01852, 0.03498, 0.06641, 0.03498, 0.01852, 0.01612, 0.01852, 0.03206, 0.01852, 0.01612], [0.00446, 0.01093, 0.01892, 0.03138, 0.02731, 0.00512, 0.00967, 0.0392, 0.05925, 0.067, 0.00886, 0.01836, 0.0701, 0.24023, 0.11596, 0.00512, 0.00967, 0.0392, 0.05925, 0.067, 0.00446, 0.01093, 0.01892, 0.03138, 0.02731], [0.00123, 0.00302, 0.01117, 0.01852, 0.04626, 0.00142, 0.00267, 0.01084, 0.03498, 0.11351, 0.00245, 0.00508, 0.01938, 0.06641, 0.41945, 0.00142, 0.00267, 0.01084, 0.03498, 0.11351, 0.00123, 0.00302, 0.01117, 0.01852, 0.04626], [0.01279, 0.00512, 0.00309, 0.00178, 0.00073, 0.03138, 0.00967, 0.0064, 0.00158, 0.00084, 0.11596, 0.0392, 0.01144, 0.003, 0.00145, 0.41059, 0.05925, 0.01836, 0.00453, 0.0024, 0.16733, 0.067, 0.01892, 0.00512, 0.00209], [0.00755, 0.00867, 0.00523, 0.00302, 0.00263, 0.01852, 0.01638, 0.01084, 0.00571, 0.00302, 0.06845, 0.06641, 0.04138, 0.01084, 0.00523, 0.11351, 0.21434, 0.06641, 0.01638, 0.00867, 0.09877, 0.11351, 0.06845, 0.01852, 0.00755], [0.00446, 0.00512, 0.00886, 0.00512, 0.00446, 0.01093, 0.00967, 0.01836, 0.00967, 0.01093, 0.01892, 0.0392, 0.0701, 0.0392, 0.01892, 0.03138, 0.05925, 0.24023, 0.05925, 0.03138, 0.02731, 0.067, 0.11596, 0.067, 0.02731], [0.00263, 0.00302, 0.00523, 0.00867, 0.00755, 0.00302, 0.00571, 0.01084, 0.01638, 0.01852, 0.00523, 0.01084, 0.04138, 0.06641, 0.06845, 0.00867, 0.01638, 0.06641, 0.21434, 0.11351, 0.00755, 0.01852, 0.06845, 0.11351, 0.09877], [0.00073, 0.00178, 0.00309, 0.00512, 0.01279, 0.00084, 0.00158, 0.0064, 0.00967, 0.03138, 0.00145, 0.003, 0.01144, 0.0392, 0.11596, 0.0024, 0.00453, 0.01836, 0.05925, 0.41059, 0.00209, 0.00512, 0.01892, 0.067, 0.16733], [0.00354, 0.00142, 0.00085, 0.00049, 0.00043, 0.00867, 0.00267, 0.00177, 0.00093, 0.00049, 0.03206, 0.01084, 0.00675, 0.00177, 0.00085, 0.11351, 0.03498, 0.01084, 0.00267, 0.00142, 0.60528, 0.11351, 0.03206, 0.00867, 0.00354], [0.00209, 0.0024, 0.00145, 0.00084, 0.00073, 0.00512, 0.00453, 0.003, 0.00158, 0.00178, 0.01892, 0.01836, 0.01144, 0.0064, 0.00309, 0.067, 0.05925, 0.0392, 0.00967, 0.00512, 0.16733, 0.41059, 0.11596, 0.03138, 0.01279], [0.00123, 0.00142, 0.00245, 0.00142, 0.00123, 0.00302, 0.00267, 0.00508, 0.00267, 0.00302, 0.01117, 0.01084, 0.01938, 0.01084, 0.01117, 0.01852, 0.03498, 0.06641, 0.03498, 0.01852, 0.04626, 0.11351, 0.41945, 0.11351, 0.04626], [0.00073, 0.00084, 0.00145, 0.0024, 0.00209, 0.00178, 0.00158, 0.003, 0.00453, 0.00512, 0.00309, 0.0064, 0.01144, 0.01836, 0.01892, 0.00512, 0.00967, 0.0392, 0.05925, 0.067, 0.01279, 0.03138, 0.11596, 0.41059, 0.16733], [0.00043, 0.00049, 0.00085, 0.00142, 0.00354, 0.00049, 0.00093, 0.00177, 0.00267, 0.00867, 0.00085, 0.00177, 0.00675, 0.01084, 0.03206, 0.00142, 0.00267, 0.01084, 0.03498, 0.11351, 0.00354, 0.00867, 0.03206, 0.11351, 0.60528]]