[[0.93981, 0.02619, 0.00076, 2e-05, 0, 0.02619, 0.00587, 0.00017, 0, 0, 0.00076, 0.00017, 4e-05, 0, 0, 2e-05, 0, 0, 0, 0, 0, 0, 0, 0, 0], [0.02712, 0.90747, 0.02619, 0.00076, 2e-05, 0.00612, 0.02512, 0.00587, 0.00017, 0, 0.00018, 0.00073, 0.00017, 4e-05, 0, 0, 2e-05, 0, 0, 0, 0, 0, 0, 0, 0], [0.00078, 0.02619, 0.90765, 0.02619, 0.00078, 0.00018, 0.00587, 0.02513, 0.00587, 0.00018, 4e-05, 0.00017, 0.00073, 0.00017, 4e-05, 0, 0, 2e-05, 0, 0, 0, 0, 0, 0, 0], [2e-05, 0.00076, 0.02619, 0.90747, 0.02712, 0, 0.00017, 0.00587, 0.02512, 0.00612, 0, 4e-05, 0.00017, 0.00073, 0.00018, 0, 0, 0, 2e-05, 0, 0, 0, 0, 0, 0], [0, 2e-05, 0.00076, 0.02619, 0.93981, 0, 0, 0.00017, 0.00587, 0.02619, 0, 0, 4e-05, 0.00017, 0.00076, 0, 0, 0, 0, 2e-05, 0, 0, 0, 0, 0], [0.02712, 0.00612, 0.00018, 0, 0, 0.90747, 0.02512, 0.00073, 2e-05, 0, 0.02619, 0.00587, 0.00017, 0, 0, 0.00076, 0.00017, 4e-05, 0, 0, 2e-05, 0, 0, 0, 0], [0.00634, 0.02619, 0.00612, 0.00018, 0, 0.02619, 0.87066, 0.02513, 0.00072, 2e-05, 0.00612, 0.02513, 0.00588, 0.00017, 0, 0.00018, 0.00072, 0.00017, 4e-05, 0, 0, 2e-05, 0, 0, 0], [0.00018, 0.00612, 0.02619, 0.00612, 0.00018, 0.00076, 0.02512, 0.87102, 0.02512, 0.00076, 0.00018, 0.00587, 0.02514, 0.00587, 0.00018, 4e-05, 0.00017, 0.00073, 0.00017, 4e-05, 0, 0, 2e-05, 0, 0], [0, 0.00018, 0.00612, 0.02619, 0.00634, 2e-05, 0.00072, 0.02513, 0.87066, 0.02619, 0, 0.00017, 0.00588, 0.02513, 0.00612, 0, 4e-05, 0.00017, 0.00072, 0.00018, 0, 0, 0, 2e-05, 0], [0, 0, 0.00018, 0.00612, 0.02712, 0, 2e-05, 0.00073, 0.02512, 0.90747, 0, 0, 0.00017, 0.00587, 0.02619, 0, 0, 4e-05, 0.00017, 0.00076, 0, 0, 0, 0, 2e-05], [0.00078, 0.00018, 4e-05, 0, 0, 0.02619, 0.00587, 0.00017, 0, 0, 0.90765, 0.02513, 0.00073, 2e-05, 0, 0.02619, 0.00587, 0.00017, 0, 0, 0.00078, 0.00018, 4e-05, 0, 0], [0.00018, 0.00076, 0.00018, 4e-05, 0, 0.00612, 0.02512, 0.00587, 0.00017, 0, 0.02619, 0.87102, 0.02514, 0.00073, 2e-05, 0.00612, 0.02512, 0.00587, 0.00017, 0, 0.00018, 0.00076, 0.00018, 4e-05, 0], [4e-05, 0.00018, 0.00076, 0.00018, 4e-05, 0.00018, 0.00587, 0.02513, 0.00587, 0.00018, 0.00076, 0.02513, 0.87137, 0.02513, 0.00076, 0.00018, 0.00587, 0.02513, 0.00587, 0.00018, 4e-05, 0.00018, 0.00076, 0.00018, 4e-05], [0, 4e-05, 0.00018, 0.00076, 0.00018, 0, 0.00017, 0.00587, 0.02512, 0.00612, 2e-05, 0.00073, 0.02514, 0.87102, 0.02619, 0, 0.00017, 0.00587, 0.02512, 0.00612, 0, 4e-05, 0.00018, 0.00076, 0.00018], [0, 0, 4e-05, 0.00018, 0.00078, 0, 0, 0.00017, 0.00587, 0.02619, 0, 2e-05, 0.00073, 0.02513, 0.90765, 0, 0, 0.00017, 0.00587, 0.02619, 0, 0, 4e-05, 0.00018, 0.00078], [2e-05, 0, 0, 0, 0, 0.00076, 0.00017, 4e-05, 0, 0, 0.02619, 0.00587, 0.00017, 0, 0, 0.90747, 0.02512, 0.00073, 2e-05, 0, 0.02712, 0.00612, 0.00018, 0, 0], [0, 2e-05, 0, 0, 0, 0.00018, 0.00072, 0.00017, 4e-05, 0, 0.00612, 0.02513, 0.00588, 0.00017, 0, 0.02619, 0.87066, 0.02513, 0.00072, 2e-05, 0.00634, 0.02619, 0.00612, 0.00018, 0], [0, 0, 2e-05, 0, 0, 4e-05, 0.00017, 0.00073, 0.00017, 4e-05, 0.00018, 0.00587, 0.02514, 0.00587, 0.00018, 0.00076, 0.02512, 0.87102, 0.02512, 0.00076, 0.00018, 0.00612, 0.02619, 0.00612, 0.00018], [0, 0, 0, 2e-05, 0, 0, 4e-05, 0.00017, 0.00072, 0.00018, 0, 0.00017, 0.00588, 0.02513, 0.00612, 2e-05, 0.00072, 0.02513, 0.87066, 0.02619, 0, 0.00018, 0.00612, 0.02619, 0.00634], [0, 0, 0, 0, 2e-05, 0, 0, 4e-05, 0.00017, 0.00076, 0, 0, 0.00017, 0.00587, 0.02619, 0, 2e-05, 0.00073, 0.02512, 0.90747, 0, 0, 0.00018, 0.00612, 0.02712], [0, 0, 0, 0, 0, 2e-05, 0, 0, 0, 0, 0.00076, 0.00017, 4e-05, 0, 0, 0.02619, 0.00587, 0.00017, 0, 0, 0.93981, 0.02619, 0.00076, 2e-05, 0], [0, 0, 0, 0, 0, 0, 2e-05, 0, 0, 0, 0.00018, 0.00073, 0.00017, 4e-05, 0, 0.00612, 0.02512, 0.00587, 0.00017, 0, 0.02712, 0.90747, 0.02619, 0.00076, 2e-05], [0, 0, 0, 0, 0, 0, 0, 2e-05, 0, 0, 4e-05, 0.00017, 0.00073, 0.00017, 4e-05, 0.00018, 0.00587, 0.02513, 0.00587, 0.00018, 0.00078, 0.02619, 0.90765, 0.02619, 0.00078], [0, 0, 0, 0, 0, 0, 0, 0, 2e-05, 0, 0, 4e-05, 0.00017, 0.00073, 0.00018, 0, 0.00017, 0.00587, 0.02512, 0.00612, 2e-05, 0.00076, 0.02619, 0.90747, 0.02712], [0, 0, 0, 0, 0, 0, 0, 0, 0, 2e-05, 0, 0, 4e-05, 0.00017, 0.00076, 0, 0, 0.00017, 0.00587, 0.02619, 0, 2e-05, 0.00076, 0.02619, 0.93981]]