[[0.62236, 0.11181, 0.02933, 0.00741, 0.00273, 0.11181, 0.03579, 0.01011, 0.00237, 0.00109, 0.02933, 0.01011, 0.00608, 0.00149, 0.00064, 0.00741, 0.00237, 0.00149, 0.00078, 0.00036, 0.00273, 0.00109, 0.00064, 0.00036, 0.0003], [0.16019, 0.4344, 0.11397, 0.02878, 0.01061, 0.0641, 0.06243, 0.03926, 0.00921, 0.00425, 0.01682, 0.01763, 0.01061, 0.00579, 0.00248, 0.00425, 0.00414, 0.0026, 0.00136, 0.0014, 0.00157, 0.00191, 0.00111, 0.00063, 0.00051], [0.04123, 0.11181, 0.44277, 0.11181, 0.04123, 0.0165, 0.03579, 0.06849, 0.03579, 0.0165, 0.00964, 0.01011, 0.01851, 0.01011, 0.00964, 0.00243, 0.00237, 0.00454, 0.00237, 0.00243, 0.0009, 0.00109, 0.00194, 0.00109, 0.0009], [0.01061, 0.02878, 0.11397, 0.4344, 0.16019, 0.00425, 0.00921, 0.03926, 0.06243, 0.0641, 0.00248, 0.00579, 0.01061, 0.01763, 0.01682, 0.0014, 0.00136, 0.0026, 0.00414, 0.00425, 0.00051, 0.00063, 0.00111, 0.00191, 0.00157], [0.00273, 0.00741, 0.02933, 0.11181, 0.62236, 0.00109, 0.00237, 0.01011, 0.03579, 0.11181, 0.00064, 0.00149, 0.00608, 0.01011, 0.02933, 0.00036, 0.00078, 0.00149, 0.00237, 0.00741, 0.0003, 0.00036, 0.00064, 0.00109, 0.00273], [0.16019, 0.0641, 0.01682, 0.00425, 0.00157, 0.4344, 0.06243, 0.01763, 0.00414, 0.00191, 0.11397, 0.03926, 0.01061, 0.0026, 0.00111, 0.02878, 0.00921, 0.00579, 0.00136, 0.00063, 0.01061, 0.00425, 0.00248, 0.0014, 0.00051], [0.09183, 0.11181, 0.06533, 0.0165, 0.00608, 0.11181, 0.24254, 0.06849, 0.01607, 0.00741, 0.06533, 0.06849, 0.04122, 0.01011, 0.00433, 0.0165, 0.01607, 0.01011, 0.00528, 0.00243, 0.00608, 0.00741, 0.00433, 0.00243, 0.002], [0.02364, 0.0641, 0.11397, 0.0641, 0.02364, 0.02878, 0.06243, 0.2661, 0.06243, 0.02878, 0.01682, 0.03926, 0.07191, 0.03926, 0.01682, 0.00946, 0.00921, 0.01763, 0.00921, 0.00946, 0.00349, 0.00425, 0.00755, 0.00425, 0.00349], [0.00608, 0.0165, 0.06533, 0.11181, 0.09183, 0.00741, 0.01607, 0.06849, 0.24254, 0.11181, 0.00433, 0.01011, 0.04122, 0.06849, 0.06533, 0.00243, 0.00528, 0.01011, 0.01607, 0.0165, 0.002, 0.00243, 0.00433, 0.00741, 0.00608], [0.00157, 0.00425, 0.01682, 0.0641, 0.16019, 0.00191, 0.00414, 0.01763, 0.06243, 0.4344, 0.00111, 0.0026, 0.01061, 0.03926, 0.11397, 0.00063, 0.00136, 0.00579, 0.00921, 0.02878, 0.00051, 0.0014, 0.00248, 0.00425, 0.01061], [0.04123, 0.0165, 0.00964, 0.00243, 0.0009, 0.11181, 0.03579, 0.01011, 0.00237, 0.00109, 0.44277, 0.06849, 0.01851, 0.00454, 0.00194, 0.11181, 0.03579, 0.01011, 0.00237, 0.00109, 0.04123, 0.0165, 0.00964, 0.00243, 0.0009], [0.02364, 0.02878, 0.01682, 0.00946, 0.00349, 0.0641, 0.06243, 0.03926, 0.00921, 0.00425, 0.11397, 0.2661, 0.07191, 0.01763, 0.00755, 0.0641, 0.06243, 0.03926, 0.00921, 0.00425, 0.02364, 0.02878, 0.01682, 0.00946, 0.00349], [0.01355, 0.0165, 0.02933, 0.0165, 0.01355, 0.0165, 0.03579, 0.06849, 0.03579, 0.0165, 0.02933, 0.06849, 0.27936, 0.06849, 0.02933, 0.0165, 0.03579, 0.06849, 0.03579, 0.0165, 0.01355, 0.0165, 0.02933, 0.0165, 0.01355], [0.00349, 0.00946, 0.01682, 0.02878, 0.02364, 0.00425, 0.00921, 0.03926, 0.06243, 0.0641, 0.00755, 0.01763, 0.07191, 0.2661, 0.11397, 0.00425, 0.00921, 0.03926, 0.06243, 0.0641, 0.00349, 0.00946, 0.01682, 0.02878, 0.02364], [0.0009, 0.00243, 0.00964, 0.0165, 0.04123, 0.00109, 0.00237, 0.01011, 0.03579, 0.11181, 0.00194, 0.00454, 0.01851, 0.06849, 0.44277, 0.00109, 0.00237, 0.01011, 0.03579, 0.11181, 0.0009, 0.00243, 0.00964, 0.0165, 0.04123], [0.01061, 0.00425, 0.00248, 0.0014, 0.00051, 0.02878, 0.00921, 0.00579, 0.00136, 0.00063, 0.11397, 0.03926, 0.01061, 0.0026, 0.00111, 0.4344, 0.06243, 0.01763, 0.00414, 0.00191, 0.16019, 0.0641, 0.01682, 0.00425, 0.00157], [0.00608, 0.00741, 0.00433, 0.00243, 0.002, 0.0165, 0.01607, 0.01011, 0.00528, 0.00243, 0.06533, 0.06849, 0.04122, 0.01011, 0.00433, 0.11181, 0.24254, 0.06849, 0.01607, 0.00741, 0.09183, 0.11181, 0.06533, 0.0165, 0.00608], [0.00349, 0.00425, 0.00755, 0.00425, 0.00349, 0.00946, 0.00921, 0.01763, 0.00921, 0.00946, 0.01682, 0.03926, 0.07191, 0.03926, 0.01682, 0.02878, 0.06243, 0.2661, 0.06243, 0.02878, 0.02364, 0.0641, 0.11397, 0.0641, 0.02364], [0.002, 0.00243, 0.00433, 0.00741, 0.00608, 0.00243, 0.00528, 0.01011, 0.01607, 0.0165, 0.00433, 0.01011, 0.04122, 0.06849, 0.06533, 0.00741, 0.01607, 0.06849, 0.24254, 0.11181, 0.00608, 0.0165, 0.06533, 0.11181, 0.09183], [0.00051, 0.0014, 0.00248, 0.00425, 0.01061, 0.00063, 0.00136, 0.00579, 0.00921, 0.02878, 0.00111, 0.0026, 0.01061, 0.03926, 0.11397, 0.00191, 0.00414, 0.01763, 0.06243, 0.4344, 0.00157, 0.00425, 0.01682, 0.0641, 0.16019], [0.00273, 0.00109, 0.00064, 0.00036, 0.0003, 0.00741, 0.00237, 0.00149, 0.00078, 0.00036, 0.02933, 0.01011, 0.00608, 0.00149, 0.00064, 0.11181, 0.03579, 0.01011, 0.00237, 0.00109, 0.62236, 0.11181, 0.02933, 0.00741, 0.00273], [0.00157, 0.00191, 0.00111, 0.00063, 0.00051, 0.00425, 0.00414, 0.0026, 0.00136, 0.0014, 0.01682, 0.01763, 0.01061, 0.00579, 0.00248, 0.0641, 0.06243, 0.03926, 0.00921, 0.00425, 0.16019, 0.4344, 0.11397, 0.02878, 0.01061], [0.0009, 0.00109, 0.00194, 0.00109, 0.0009, 0.00243, 0.00237, 0.00454, 0.00237, 0.00243, 0.00964, 0.01011, 0.01851, 0.01011, 0.00964, 0.0165, 0.03579, 0.06849, 0.03579, 0.0165, 0.04123, 0.11181, 0.44277, 0.11181, 0.04123], [0.00051, 0.00063, 0.00111, 0.00191, 0.00157, 0.0014, 0.00136, 0.0026, 0.00414, 0.00425, 0.00248, 0.00579, 0.01061, 0.01763, 0.01682, 0.00425, 0.00921, 0.03926, 0.06243, 0.0641, 0.01061, 0.02878, 0.11397, 0.4344, 0.16019], [0.0003, 0.00036, 0.00064, 0.00109, 0.00273, 0.00036, 0.00078, 0.00149, 0.00237, 0.00741, 0.00064, 0.00149, 0.00608, 0.01011, 0.02933, 0.00109, 0.00237, 0.01011, 0.03579, 0.11181, 0.00273, 0.00741, 0.02933, 0.11181, 0.62236]]