[[0.92331, 0.03253, 0.0012, 4e-05, 0, 0.03253, 0.00796, 0.00051, 2e-05, 0, 0.0012, 0.00051, 8e-05, 0, 0, 4e-05, 2e-05, 0, 0, 0, 0, 0, 0, 0, 0], [0.03406, 0.88207, 0.03254, 0.0012, 5e-05, 0.00841, 0.0308, 0.00796, 0.00051, 3e-05, 0.00054, 0.00114, 0.00051, 8e-05, 0, 3e-05, 4e-05, 2e-05, 0, 0, 0, 0, 0, 0, 0], [0.00126, 0.03253, 0.88217, 0.03253, 0.00126, 0.00054, 0.00796, 0.03081, 0.00796, 0.00054, 8e-05, 0.00051, 0.00114, 0.00051, 8e-05, 0, 2e-05, 4e-05, 2e-05, 0, 0, 0, 0, 0, 0], [5e-05, 0.0012, 0.03254, 0.88207, 0.03405, 3e-05, 0.00051, 0.00796, 0.0308, 0.00841, 0, 8e-05, 0.00051, 0.00114, 0.00054, 0, 0, 2e-05, 4e-05, 3e-05, 0, 0, 0, 0, 0], [0, 4e-05, 0.0012, 0.03253, 0.92331, 0, 2e-05, 0.00051, 0.00796, 0.03253, 0, 0, 8e-05, 0.00051, 0.0012, 0, 0, 0, 2e-05, 4e-05, 0, 0, 0, 0, 0], [0.03405, 0.00841, 0.00054, 3e-05, 0, 0.88207, 0.0308, 0.00114, 4e-05, 0, 0.03254, 0.00796, 0.00051, 2e-05, 0, 0.0012, 0.00051, 8e-05, 0, 0, 5e-05, 3e-05, 0, 0, 0], [0.0088, 0.03253, 0.00841, 0.00054, 3e-05, 0.03253, 0.83506, 0.03081, 0.00114, 4e-05, 0.00841, 0.03081, 0.00796, 0.00051, 3e-05, 0.00054, 0.00114, 0.00051, 8e-05, 0, 3e-05, 4e-05, 3e-05, 0, 0], [0.00057, 0.00841, 0.03254, 0.00841, 0.00057, 0.0012, 0.0308, 0.83525, 0.0308, 0.0012, 0.00054, 0.00796, 0.03081, 0.00796, 0.00054, 8e-05, 0.00051, 0.00114, 0.00051, 8e-05, 0, 3e-05, 4e-05, 3e-05, 0], [3e-05, 0.00054, 0.00841, 0.03253, 0.0088, 4e-05, 0.00114, 0.03081, 0.83506, 0.03253, 3e-05, 0.00051, 0.00796, 0.03081, 0.00841, 0, 8e-05, 0.00051, 0.00114, 0.00054, 0, 0, 3e-05, 4e-05, 3e-05], [0, 3e-05, 0.00054, 0.00841, 0.03405, 0, 4e-05, 0.00114, 0.0308, 0.88207, 0, 2e-05, 0.00051, 0.00796, 0.03254, 0, 0, 8e-05, 0.00051, 0.0012, 0, 0, 0, 3e-05, 5e-05], [0.00126, 0.00054, 8e-05, 0, 0, 0.03253, 0.00796, 0.00051, 2e-05, 0, 0.88217, 0.03081, 0.00114, 4e-05, 0, 0.03253, 0.00796, 0.00051, 2e-05, 0, 0.00126, 0.00054, 8e-05, 0, 0], [0.00057, 0.0012, 0.00054, 8e-05, 0, 0.00841, 0.0308, 0.00796, 0.00051, 3e-05, 0.03254, 0.83525, 0.03081, 0.00114, 4e-05, 0.00841, 0.0308, 0.00796, 0.00051, 3e-05, 0.00057, 0.0012, 0.00054, 8e-05, 0], [8e-05, 0.00054, 0.0012, 0.00054, 8e-05, 0.00054, 0.00796, 0.03081, 0.00796, 0.00054, 0.0012, 0.03081, 0.83545, 0.03081, 0.0012, 0.00054, 0.00796, 0.03081, 0.00796, 0.00054, 8e-05, 0.00054, 0.0012, 0.00054, 8e-05], [0, 8e-05, 0.00054, 0.0012, 0.00057, 3e-05, 0.00051, 0.00796, 0.0308, 0.00841, 4e-05, 0.00114, 0.03081, 0.83525, 0.03254, 3e-05, 0.00051, 0.00796, 0.0308, 0.00841, 0, 8e-05, 0.00054, 0.0012, 0.00057], [0, 0, 8e-05, 0.00054, 0.00126, 0, 2e-05, 0.00051, 0.00796, 0.03253, 0, 4e-05, 0.00114, 0.03081, 0.88217, 0, 2e-05, 0.00051, 0.00796, 0.03253, 0, 0, 8e-05, 0.00054, 0.00126], [5e-05, 3e-05, 0, 0, 0, 0.0012, 0.00051, 8e-05, 0, 0, 0.03254, 0.00796, 0.00051, 2e-05, 0, 0.88207, 0.0308, 0.00114, 4e-05, 0, 0.03405, 0.00841, 0.00054, 3e-05, 0], [3e-05, 4e-05, 3e-05, 0, 0, 0.00054, 0.00114, 0.00051, 8e-05, 0, 0.00841, 0.03081, 0.00796, 0.00051, 3e-05, 0.03253, 0.83506, 0.03081, 0.00114, 4e-05, 0.0088, 0.03253, 0.00841, 0.00054, 3e-05], [0, 3e-05, 4e-05, 3e-05, 0, 8e-05, 0.00051, 0.00114, 0.00051, 8e-05, 0.00054, 0.00796, 0.03081, 0.00796, 0.00054, 0.0012, 0.0308, 0.83525, 0.0308, 0.0012, 0.00057, 0.00841, 0.03254, 0.00841, 0.00057], [0, 0, 3e-05, 4e-05, 3e-05, 0, 8e-05, 0.00051, 0.00114, 0.00054, 3e-05, 0.00051, 0.00796, 0.03081, 0.00841, 4e-05, 0.00114, 0.03081, 0.83506, 0.03253, 3e-05, 0.00054, 0.00841, 0.03253, 0.0088], [0, 0, 0, 3e-05, 5e-05, 0, 0, 8e-05, 0.00051, 0.0012, 0, 2e-05, 0.00051, 0.00796, 0.03254, 0, 4e-05, 0.00114, 0.0308, 0.88207, 0, 3e-05, 0.00054, 0.00841, 0.03405], [0, 0, 0, 0, 0, 4e-05, 2e-05, 0, 0, 0, 0.0012, 0.00051, 8e-05, 0, 0, 0.03253, 0.00796, 0.00051, 2e-05, 0, 0.92331, 0.03253, 0.0012, 4e-05, 0], [0, 0, 0, 0, 0, 3e-05, 4e-05, 2e-05, 0, 0, 0.00054, 0.00114, 0.00051, 8e-05, 0, 0.00841, 0.0308, 0.00796, 0.00051, 3e-05, 0.03405, 0.88207, 0.03254, 0.0012, 5e-05], [0, 0, 0, 0, 0, 0, 2e-05, 4e-05, 2e-05, 0, 8e-05, 0.00051, 0.00114, 0.00051, 8e-05, 0.00054, 0.00796, 0.03081, 0.00796, 0.00054, 0.00126, 0.03253, 0.88217, 0.03253, 0.00126], [0, 0, 0, 0, 0, 0, 0, 2e-05, 4e-05, 3e-05, 0, 8e-05, 0.00051, 0.00114, 0.00054, 3e-05, 0.00051, 0.00796, 0.0308, 0.00841, 5e-05, 0.0012, 0.03254, 0.88207, 0.03405], [0, 0, 0, 0, 0, 0, 0, 0, 2e-05, 4e-05, 0, 0, 8e-05, 0.00051, 0.0012, 0, 2e-05, 0.00051, 0.00796, 0.03253, 0, 4e-05, 0.0012, 0.03253, 0.92331]]