[[0.88166, 0.05358, 0.00348, 0.00023, 2e-05, 0.05358, 0.00326, 0.00021, 1e-05, 0, 0.00348, 0.00021, 1e-05, 0, 0, 0.00023, 1e-05, 0, 0, 0, 2e-05, 0, 0, 0, 0], [0.05731, 0.82435, 0.05358, 0.00348, 0.00024, 0.00348, 0.0501, 0.00326, 0.00021, 1e-05, 0.00023, 0.00326, 0.00021, 1e-05, 0, 1e-05, 0.00021, 1e-05, 0, 0, 0, 1e-05, 0, 0, 0], [0.00373, 0.05358, 0.82435, 0.05358, 0.00373, 0.00023, 0.00326, 0.0501, 0.00326, 0.00023, 1e-05, 0.00021, 0.00326, 0.00021, 1e-05, 0, 1e-05, 0.00021, 1e-05, 0, 0, 0, 1e-05, 0, 0], [0.00024, 0.00348, 0.05358, 0.82435, 0.05731, 1e-05, 0.00021, 0.00326, 0.0501, 0.00348, 0, 1e-05, 0.00021, 0.00326, 0.00023, 0, 0, 1e-05, 0.00021, 1e-05, 0, 0, 0, 1e-05, 0], [2e-05, 0.00023, 0.00348, 0.05358, 0.88166, 0, 1e-05, 0.00021, 0.00326, 0.05358, 0, 0, 1e-05, 0.00021, 0.00348, 0, 0, 0, 1e-05, 0.00023, 0, 0, 0, 0, 2e-05], [0.05731, 0.00348, 0.00023, 1e-05, 0, 0.82435, 0.0501, 0.00326, 0.00021, 1e-05, 0.05358, 0.00326, 0.00021, 1e-05, 0, 0.00348, 0.00021, 1e-05, 0, 0, 0.00024, 1e-05, 0, 0, 0], [0.00373, 0.05358, 0.00348, 0.00023, 2e-05, 0.05358, 0.77076, 0.0501, 0.00326, 0.00023, 0.00348, 0.0501, 0.00326, 0.00021, 1e-05, 0.00023, 0.00326, 0.00021, 1e-05, 0, 2e-05, 0.00023, 1e-05, 0, 0], [0.00024, 0.00348, 0.05358, 0.00348, 0.00024, 0.00348, 0.0501, 0.77076, 0.0501, 0.00348, 0.00023, 0.00326, 0.0501, 0.00326, 0.00023, 1e-05, 0.00021, 0.00326, 0.00021, 1e-05, 0, 1e-05, 0.00023, 1e-05, 0], [2e-05, 0.00023, 0.00348, 0.05358, 0.00373, 0.00023, 0.00326, 0.0501, 0.77076, 0.05358, 1e-05, 0.00021, 0.00326, 0.0501, 0.00348, 0, 1e-05, 0.00021, 0.00326, 0.00023, 0, 0, 1e-05, 0.00023, 2e-05], [0, 1e-05, 0.00023, 0.00348, 0.05731, 1e-05, 0.00021, 0.00326, 0.0501, 0.82435, 0, 1e-05, 0.00021, 0.00326, 0.05358, 0, 0, 1e-05, 0.00021, 0.00348, 0, 0, 0, 1e-05, 0.00024], [0.00373, 0.00023, 1e-05, 0, 0, 0.05358, 0.00326, 0.00021, 1e-05, 0, 0.82435, 0.0501, 0.00326, 0.00021, 1e-05, 0.05358, 0.00326, 0.00021, 1e-05, 0, 0.00373, 0.00023, 1e-05, 0, 0], [0.00024, 0.00348, 0.00023, 1e-05, 0, 0.00348, 0.0501, 0.00326, 0.00021, 1e-05, 0.05358, 0.77076, 0.0501, 0.00326, 0.00023, 0.00348, 0.0501, 0.00326, 0.00021, 1e-05, 0.00024, 0.00348, 0.00023, 1e-05, 0], [2e-05, 0.00023, 0.00348, 0.00023, 2e-05, 0.00023, 0.00326, 0.0501, 0.00326, 0.00023, 0.00348, 0.0501, 0.77076, 0.0501, 0.00348, 0.00023, 0.00326, 0.0501, 0.00326, 0.00023, 2e-05, 0.00023, 0.00348, 0.00023, 2e-05], [0, 1e-05, 0.00023, 0.00348, 0.00024, 1e-05, 0.00021, 0.00326, 0.0501, 0.00348, 0.00023, 0.00326, 0.0501, 0.77076, 0.05358, 1e-05, 0.00021, 0.00326, 0.0501, 0.00348, 0, 1e-05, 0.00023, 0.00348, 0.00024], [0, 0, 1e-05, 0.00023, 0.00373, 0, 1e-05, 0.00021, 0.00326, 0.05358, 1e-05, 0.00021, 0.00326, 0.0501, 0.82435, 0, 1e-05, 0.00021, 0.00326, 0.05358, 0, 0, 1e-05, 0.00023, 0.00373], [0.00024, 1e-05, 0, 0, 0, 0.00348, 0.00021, 1e-05, 0, 0, 0.05358, 0.00326, 0.00021, 1e-05, 0, 0.82435, 0.0501, 0.00326, 0.00021, 1e-05, 0.05731, 0.00348, 0.00023, 1e-05, 0], [2e-05, 0.00023, 1e-05, 0, 0, 0.00023, 0.00326, 0.00021, 1e-05, 0, 0.00348, 0.0501, 0.00326, 0.00021, 1e-05, 0.05358, 0.77076, 0.0501, 0.00326, 0.00023, 0.00373, 0.05358, 0.00348, 0.00023, 2e-05], [0, 1e-05, 0.00023, 1e-05, 0, 1e-05, 0.00021, 0.00326, 0.00021, 1e-05, 0.00023, 0.00326, 0.0501, 0.00326, 0.00023, 0.00348, 0.0501, 0.77076, 0.0501, 0.00348, 0.00024, 0.00348, 0.05358, 0.00348, 0.00024], [0, 0, 1e-05, 0.00023, 2e-05, 0, 1e-05, 0.00021, 0.00326, 0.00023, 1e-05, 0.00021, 0.00326, 0.0501, 0.00348, 0.00023, 0.00326, 0.0501, 0.77076, 0.05358, 2e-05, 0.00023, 0.00348, 0.05358, 0.00373], [0, 0, 0, 1e-05, 0.00024, 0, 0, 1e-05, 0.00021, 0.00348, 0, 1e-05, 0.00021, 0.00326, 0.05358, 1e-05, 0.00021, 0.00326, 0.0501, 0.82435, 0, 1e-05, 0.00023, 0.00348, 0.05731], [2e-05, 0, 0, 0, 0, 0.00023, 1e-05, 0, 0, 0, 0.00348, 0.00021, 1e-05, 0, 0, 0.05358, 0.00326, 0.00021, 1e-05, 0, 0.88166, 0.05358, 0.00348, 0.00023, 2e-05], [0, 1e-05, 0, 0, 0, 1e-05, 0.00021, 1e-05, 0, 0, 0.00023, 0.00326, 0.00021, 1e-05, 0, 0.00348, 0.0501, 0.00326, 0.00021, 1e-05, 0.05731, 0.82435, 0.05358, 0.00348, 0.00024], [0, 0, 1e-05, 0, 0, 0, 1e-05, 0.00021, 1e-05, 0, 1e-05, 0.00021, 0.00326, 0.00021, 1e-05, 0.00023, 0.00326, 0.0501, 0.00326, 0.00023, 0.00373, 0.05358, 0.82435, 0.05358, 0.00373], [0, 0, 0, 1e-05, 0, 0, 0, 1e-05, 0.00021, 1e-05, 0, 1e-05, 0.00021, 0.00326, 0.00023, 1e-05, 0.00021, 0.00326, 0.0501, 0.00348, 0.00024, 0.00348, 0.05358, 0.82435, 0.05731], [0, 0, 0, 0, 2e-05, 0, 0, 0, 1e-05, 0.00023, 0, 0, 1e-05, 0.00021, 0.00348, 0, 1e-05, 0.00021, 0.00326, 0.05358, 2e-05, 0.00023, 0.00348, 0.05358, 0.88166]]