[[0.87731, 0.04935, 0.003, 0.00018, 1e-05, 0.04935, 0.01421, 0.00139, 0.00011, 0, 0.003, 0.00139, 0.00028, 3e-05, 0, 0.00018, 0.00011, 3e-05, 0, 0, 1e-05, 0, 0, 0, 0], [0.05335, 0.81144, 0.04937, 0.003, 0.0002, 0.01566, 0.04479, 0.01423, 0.00139, 0.00012, 0.00154, 0.00273, 0.0014, 0.00028, 3e-05, 0.00012, 0.00017, 0.00011, 3e-05, 0, 0, 1e-05, 0, 0, 0], [0.00325, 0.04935, 0.81185, 0.04935, 0.00325, 0.00153, 0.01421, 0.04484, 0.01421, 0.00153, 0.0003, 0.0014, 0.00273, 0.0014, 0.0003, 3e-05, 0.00011, 0.00017, 0.00011, 3e-05, 0, 0, 1e-05, 0, 0], [0.0002, 0.003, 0.04937, 0.81144, 0.05335, 0.00012, 0.00139, 0.01423, 0.04479, 0.01566, 3e-05, 0.00028, 0.0014, 0.00273, 0.00154, 0, 3e-05, 0.00011, 0.00017, 0.00012, 0, 0, 0, 1e-05, 0], [1e-05, 0.00018, 0.003, 0.04935, 0.87731, 0, 0.00011, 0.00139, 0.01421, 0.04935, 0, 3e-05, 0.00028, 0.00139, 0.003, 0, 0, 3e-05, 0.00011, 0.00018, 0, 0, 0, 0, 1e-05], [0.05335, 0.01566, 0.00154, 0.00012, 0, 0.81144, 0.04479, 0.00273, 0.00017, 1e-05, 0.04937, 0.01423, 0.0014, 0.00011, 0, 0.003, 0.00139, 0.00028, 3e-05, 0, 0.0002, 0.00012, 3e-05, 0, 0], [0.01693, 0.04935, 0.01567, 0.00154, 0.00013, 0.04935, 0.73659, 0.04484, 0.00272, 0.00018, 0.01567, 0.04484, 0.01424, 0.0014, 0.00012, 0.00154, 0.00272, 0.0014, 0.00028, 3e-05, 0.00013, 0.00018, 0.00012, 3e-05, 0], [0.00166, 0.01566, 0.04937, 0.01566, 0.00166, 0.003, 0.04479, 0.73736, 0.04479, 0.003, 0.00154, 0.01423, 0.04489, 0.01423, 0.00154, 0.0003, 0.0014, 0.00273, 0.0014, 0.0003, 4e-05, 0.00012, 0.00018, 0.00012, 4e-05], [0.00013, 0.00154, 0.01567, 0.04935, 0.01693, 0.00018, 0.00272, 0.04484, 0.73659, 0.04935, 0.00012, 0.0014, 0.01424, 0.04484, 0.01567, 3e-05, 0.00028, 0.0014, 0.00272, 0.00154, 0, 3e-05, 0.00012, 0.00018, 0.00013], [0, 0.00012, 0.00154, 0.01566, 0.05335, 1e-05, 0.00017, 0.00273, 0.04479, 0.81144, 0, 0.00011, 0.0014, 0.01423, 0.04937, 0, 3e-05, 0.00028, 0.00139, 0.003, 0, 0, 3e-05, 0.00012, 0.0002], [0.00325, 0.00154, 0.0003, 3e-05, 0, 0.04935, 0.01421, 0.0014, 0.00011, 0, 0.81185, 0.04484, 0.00273, 0.00017, 1e-05, 0.04935, 0.01421, 0.0014, 0.00011, 0, 0.00325, 0.00153, 0.0003, 3e-05, 0], [0.00166, 0.003, 0.00154, 0.0003, 4e-05, 0.01566, 0.04479, 0.01423, 0.0014, 0.00012, 0.04937, 0.73736, 0.04489, 0.00273, 0.00018, 0.01566, 0.04479, 0.01423, 0.0014, 0.00012, 0.00166, 0.003, 0.00154, 0.0003, 4e-05], [0.00033, 0.00154, 0.003, 0.00154, 0.00033, 0.00154, 0.01421, 0.04484, 0.01421, 0.00154, 0.003, 0.04484, 0.73817, 0.04484, 0.003, 0.00154, 0.01421, 0.04484, 0.01421, 0.00154, 0.00033, 0.00154, 0.003, 0.00154, 0.00033], [4e-05, 0.0003, 0.00154, 0.003, 0.00166, 0.00012, 0.0014, 0.01423, 0.04479, 0.01566, 0.00018, 0.00273, 0.04489, 0.73736, 0.04937, 0.00012, 0.0014, 0.01423, 0.04479, 0.01566, 4e-05, 0.0003, 0.00154, 0.003, 0.00166], [0, 3e-05, 0.0003, 0.00153, 0.00325, 0, 0.00011, 0.0014, 0.01421, 0.04935, 1e-05, 0.00017, 0.00273, 0.04484, 0.81185, 0, 0.00011, 0.0014, 0.01421, 0.04935, 0, 3e-05, 0.0003, 0.00154, 0.00325], [0.0002, 0.00012, 3e-05, 0, 0, 0.003, 0.00139, 0.00028, 3e-05, 0, 0.04937, 0.01423, 0.0014, 0.00011, 0, 0.81144, 0.04479, 0.00273, 0.00017, 1e-05, 0.05335, 0.01566, 0.00154, 0.00012, 0], [0.00013, 0.00018, 0.00012, 3e-05, 0, 0.00154, 0.00272, 0.0014, 0.00028, 3e-05, 0.01567, 0.04484, 0.01424, 0.0014, 0.00012, 0.04935, 0.73659, 0.04484, 0.00272, 0.00018, 0.01693, 0.04935, 0.01567, 0.00154, 0.00013], [4e-05, 0.00012, 0.00018, 0.00012, 4e-05, 0.0003, 0.0014, 0.00273, 0.0014, 0.0003, 0.00154, 0.01423, 0.04489, 0.01423, 0.00154, 0.003, 0.04479, 0.73736, 0.04479, 0.003, 0.00166, 0.01566, 0.04937, 0.01566, 0.00166], [0, 3e-05, 0.00012, 0.00018, 0.00013, 3e-05, 0.00028, 0.0014, 0.00272, 0.00154, 0.00012, 0.0014, 0.01424, 0.04484, 0.01567, 0.00018, 0.00272, 0.04484, 0.73659, 0.04935, 0.00013, 0.00154, 0.01567, 0.04935, 0.01693], [0, 0, 3e-05, 0.00012, 0.0002, 0, 3e-05, 0.00028, 0.00139, 0.003, 0, 0.00011, 0.0014, 0.01423, 0.04937, 1e-05, 0.00017, 0.00273, 0.04479, 0.81144, 0, 0.00012, 0.00154, 0.01566, 0.05335], [1e-05, 0, 0, 0, 0, 0.00018, 0.00011, 3e-05, 0, 0, 0.003, 0.00139, 0.00028, 3e-05, 0, 0.04934, 0.01421, 0.00139, 0.00011, 0, 0.87731, 0.04934, 0.003, 0.00018, 1e-05], [0, 1e-05, 0, 0, 0, 0.00012, 0.00017, 0.00011, 3e-05, 0, 0.00154, 0.00273, 0.0014, 0.00028, 3e-05, 0.01566, 0.04479, 0.01423, 0.00139, 0.00012, 0.05335, 0.81144, 0.04937, 0.003, 0.0002], [0, 0, 1e-05, 0, 0, 3e-05, 0.00011, 0.00017, 0.00011, 3e-05, 0.0003, 0.0014, 0.00273, 0.0014, 0.0003, 0.00153, 0.01421, 0.04484, 0.01421, 0.00154, 0.00325, 0.04935, 0.81185, 0.04935, 0.00325], [0, 0, 0, 1e-05, 0, 0, 3e-05, 0.00011, 0.00017, 0.00012, 3e-05, 0.00028, 0.0014, 0.00273, 0.00154, 0.00012, 0.00139, 0.01423, 0.04479, 0.01566, 0.0002, 0.003, 0.04937, 0.81144, 0.05335], [0, 0, 0, 0, 1e-05, 0, 0, 3e-05, 0.00011, 0.00018, 0, 3e-05, 0.00028, 0.00139, 0.003, 0, 0.00011, 0.00139, 0.01421, 0.04935, 1e-05, 0.00018, 0.003, 0.04934, 0.87731]]