[[0.88195, 0.04814, 0.00283, 0.00017, 1e-05, 0.04814, 0.01373, 0.00081, 5e-05, 0, 0.00283, 0.00081, 0.00025, 1e-05, 0, 0.00017, 5e-05, 1e-05, 0, 0, 1e-05, 0, 0, 0, 0], [0.05187, 0.8185, 0.04819, 0.00283, 0.00018, 0.01507, 0.04389, 0.01377, 0.00081, 5e-05, 0.00089, 0.00259, 0.00081, 0.00025, 2e-05, 5e-05, 0.00015, 5e-05, 1e-05, 0, 0, 0, 0, 0, 0], [0.00305, 0.04814, 0.81932, 0.04814, 0.00305, 0.00089, 0.01373, 0.04399, 0.01373, 0.00089, 0.00028, 0.00081, 0.00259, 0.00081, 0.00028, 2e-05, 5e-05, 0.00015, 5e-05, 2e-05, 0, 0, 0, 0, 0], [0.00018, 0.00283, 0.04819, 0.8185, 0.05187, 5e-05, 0.00081, 0.01377, 0.04389, 0.01507, 2e-05, 0.00025, 0.00081, 0.00259, 0.00089, 0, 1e-05, 5e-05, 0.00015, 5e-05, 0, 0, 0, 0, 0], [1e-05, 0.00017, 0.00283, 0.04814, 0.88195, 0, 5e-05, 0.00081, 0.01373, 0.04814, 0, 1e-05, 0.00025, 0.00081, 0.00283, 0, 0, 1e-05, 5e-05, 0.00017, 0, 0, 0, 0, 1e-05], [0.05187, 0.01507, 0.00089, 5e-05, 0, 0.8185, 0.04389, 0.00259, 0.00015, 0, 0.04819, 0.01377, 0.00081, 5e-05, 0, 0.00283, 0.00081, 0.00025, 1e-05, 0, 0.00018, 5e-05, 2e-05, 0, 0], [0.01623, 0.04814, 0.01508, 0.00089, 6e-05, 0.04814, 0.74615, 0.04399, 0.00258, 0.00017, 0.01508, 0.04399, 0.0138, 0.00081, 5e-05, 0.00089, 0.00258, 0.00081, 0.00025, 2e-05, 6e-05, 0.00017, 5e-05, 2e-05, 0], [0.00095, 0.01507, 0.04819, 0.01507, 0.00095, 0.00283, 0.04389, 0.74788, 0.04389, 0.00283, 0.00089, 0.01377, 0.04408, 0.01377, 0.00089, 0.00028, 0.00081, 0.00259, 0.00081, 0.00028, 2e-05, 5e-05, 0.00017, 5e-05, 2e-05], [6e-05, 0.00089, 0.01508, 0.04814, 0.01623, 0.00017, 0.00258, 0.04399, 0.74615, 0.04814, 5e-05, 0.00081, 0.0138, 0.04399, 0.01508, 2e-05, 0.00025, 0.00081, 0.00258, 0.00089, 0, 2e-05, 5e-05, 0.00017, 6e-05], [0, 5e-05, 0.00089, 0.01507, 0.05187, 0, 0.00015, 0.00259, 0.04389, 0.8185, 0, 5e-05, 0.00081, 0.01377, 0.04819, 0, 1e-05, 0.00025, 0.00081, 0.00283, 0, 0, 2e-05, 5e-05, 0.00018], [0.00305, 0.00089, 0.00028, 2e-05, 0, 0.04814, 0.01373, 0.00081, 5e-05, 0, 0.81932, 0.04399, 0.00259, 0.00015, 0, 0.04814, 0.01373, 0.00081, 5e-05, 0, 0.00305, 0.00089, 0.00028, 2e-05, 0], [0.00095, 0.00283, 0.00089, 0.00028, 2e-05, 0.01507, 0.04389, 0.01377, 0.00081, 5e-05, 0.04819, 0.74788, 0.04408, 0.00259, 0.00017, 0.01507, 0.04389, 0.01377, 0.00081, 5e-05, 0.00095, 0.00283, 0.00089, 0.00028, 2e-05], [0.0003, 0.00089, 0.00283, 0.00089, 0.0003, 0.00089, 0.01373, 0.04399, 0.01373, 0.00089, 0.00283, 0.04399, 0.74949, 0.04399, 0.00283, 0.00089, 0.01373, 0.04399, 0.01373, 0.00089, 0.0003, 0.00089, 0.00283, 0.00089, 0.0003], [2e-05, 0.00028, 0.00089, 0.00283, 0.00095, 5e-05, 0.00081, 0.01377, 0.04389, 0.01507, 0.00017, 0.00259, 0.04408, 0.74788, 0.04819, 5e-05, 0.00081, 0.01377, 0.04389, 0.01507, 2e-05, 0.00028, 0.00089, 0.00283, 0.00095], [0, 2e-05, 0.00028, 0.00089, 0.00305, 0, 5e-05, 0.00081, 0.01373, 0.04814, 0, 0.00015, 0.00259, 0.04399, 0.81932, 0, 5e-05, 0.00081, 0.01373, 0.04814, 0, 2e-05, 0.00028, 0.00089, 0.00305], [0.00018, 5e-05, 2e-05, 0, 0, 0.00283, 0.00081, 0.00025, 1e-05, 0, 0.04819, 0.01377, 0.00081, 5e-05, 0, 0.8185, 0.04389, 0.00259, 0.00015, 0, 0.05187, 0.01507, 0.00089, 5e-05, 0], [6e-05, 0.00017, 5e-05, 2e-05, 0, 0.00089, 0.00258, 0.00081, 0.00025, 2e-05, 0.01508, 0.04399, 0.0138, 0.00081, 5e-05, 0.04814, 0.74615, 0.04399, 0.00258, 0.00017, 0.01623, 0.04814, 0.01508, 0.00089, 6e-05], [2e-05, 5e-05, 0.00017, 5e-05, 2e-05, 0.00028, 0.00081, 0.00259, 0.00081, 0.00028, 0.00089, 0.01377, 0.04408, 0.01377, 0.00089, 0.00283, 0.04389, 0.74788, 0.04389, 0.00283, 0.00095, 0.01507, 0.04819, 0.01507, 0.00095], [0, 2e-05, 5e-05, 0.00017, 6e-05, 2e-05, 0.00025, 0.00081, 0.00258, 0.00089, 5e-05, 0.00081, 0.0138, 0.04399, 0.01508, 0.00017, 0.00258, 0.04399, 0.74615, 0.04814, 6e-05, 0.00089, 0.01508, 0.04814, 0.01623], [0, 0, 2e-05, 5e-05, 0.00018, 0, 1e-05, 0.00025, 0.00081, 0.00283, 0, 5e-05, 0.00081, 0.01377, 0.04819, 0, 0.00015, 0.00259, 0.04389, 0.8185, 0, 5e-05, 0.00089, 0.01507, 0.05187], [1e-05, 0, 0, 0, 0, 0.00017, 5e-05, 1e-05, 0, 0, 0.00283, 0.00081, 0.00025, 1e-05, 0, 0.04814, 0.01373, 0.00081, 5e-05, 0, 0.88195, 0.04814, 0.00283, 0.00017, 1e-05], [0, 0, 0, 0, 0, 5e-05, 0.00015, 5e-05, 1e-05, 0, 0.00089, 0.00259, 0.00081, 0.00025, 2e-05, 0.01507, 0.04389, 0.01377, 0.00081, 5e-05, 0.05187, 0.8185, 0.04819, 0.00283, 0.00018], [0, 0, 0, 0, 0, 2e-05, 5e-05, 0.00015, 5e-05, 2e-05, 0.00028, 0.00081, 0.00259, 0.00081, 0.00028, 0.00089, 0.01373, 0.04399, 0.01373, 0.00089, 0.00305, 0.04814, 0.81932, 0.04814, 0.00305], [0, 0, 0, 0, 0, 0, 1e-05, 5e-05, 0.00015, 5e-05, 2e-05, 0.00025, 0.00081, 0.00259, 0.00089, 5e-05, 0.00081, 0.01377, 0.04389, 0.01507, 0.00018, 0.00283, 0.04819, 0.8185, 0.05187], [0, 0, 0, 0, 1e-05, 0, 0, 1e-05, 5e-05, 0.00017, 0, 1e-05, 0.00025, 0.00081, 0.00283, 0, 5e-05, 0.00081, 0.01373, 0.04814, 1e-05, 0.00017, 0.00283, 0.04814, 0.88195]]