[[0.76321, 0.09444, 0.01366, 0.00198, 0.00033, 0.09444, 0.01169, 0.00169, 0.00024, 4e-05, 0.01366, 0.00169, 0.00024, 4e-05, 0, 0.00198, 0.00024, 4e-05, 0, 0, 0.00033, 4e-05, 0, 0, 0], [0.11041, 0.6528, 0.09444, 0.01366, 0.00231, 0.01366, 0.08078, 0.01169, 0.00169, 0.00029, 0.00198, 0.01169, 0.00169, 0.00024, 4e-05, 0.00029, 0.00169, 0.00024, 4e-05, 0, 5e-05, 0.00029, 4e-05, 0, 0], [0.01597, 0.09444, 0.6528, 0.09444, 0.01597, 0.00198, 0.01169, 0.08078, 0.01169, 0.00198, 0.00029, 0.00169, 0.01169, 0.00169, 0.00029, 4e-05, 0.00024, 0.00169, 0.00024, 4e-05, 0, 4e-05, 0.00029, 4e-05, 0], [0.00231, 0.01366, 0.09444, 0.6528, 0.11041, 0.00029, 0.00169, 0.01169, 0.08078, 0.01366, 4e-05, 0.00024, 0.00169, 0.01169, 0.00198, 0, 4e-05, 0.00024, 0.00169, 0.00029, 0, 0, 4e-05, 0.00029, 5e-05], [0.00033, 0.00198, 0.01366, 0.09444, 0.76321, 4e-05, 0.00024, 0.00169, 0.01169, 0.09444, 0, 4e-05, 0.00024, 0.00169, 0.01366, 0, 0, 4e-05, 0.00024, 0.00198, 0, 0, 0, 4e-05, 0.00033], [0.11041, 0.01366, 0.00198, 0.00029, 5e-05, 0.6528, 0.08078, 0.01169, 0.00169, 0.00029, 0.09444, 0.01169, 0.00169, 0.00024, 4e-05, 0.01366, 0.00169, 0.00024, 4e-05, 0, 0.00231, 0.00029, 4e-05, 0, 0], [0.01597, 0.09444, 0.01366, 0.00198, 0.00033, 0.09444, 0.55836, 0.08078, 0.01169, 0.00198, 0.01366, 0.08078, 0.01169, 0.00169, 0.00029, 0.00198, 0.01169, 0.00169, 0.00024, 4e-05, 0.00033, 0.00198, 0.00029, 4e-05, 0], [0.00231, 0.01366, 0.09444, 0.01366, 0.00231, 0.01366, 0.08078, 0.55836, 0.08078, 0.01366, 0.00198, 0.01169, 0.08078, 0.01169, 0.00198, 0.00029, 0.00169, 0.01169, 0.00169, 0.00029, 5e-05, 0.00029, 0.00198, 0.00029, 5e-05], [0.00033, 0.00198, 0.01366, 0.09444, 0.01597, 0.00198, 0.01169, 0.08078, 0.55836, 0.09444, 0.00029, 0.00169, 0.01169, 0.08078, 0.01366, 4e-05, 0.00024, 0.00169, 0.01169, 0.00198, 0, 4e-05, 0.00029, 0.00198, 0.00033], [5e-05, 0.00029, 0.00198, 0.01366, 0.11041, 0.00029, 0.00169, 0.01169, 0.08078, 0.6528, 4e-05, 0.00024, 0.00169, 0.01169, 0.09444, 0, 4e-05, 0.00024, 0.00169, 0.01366, 0, 0, 4e-05, 0.00029, 0.00231], [0.01597, 0.00198, 0.00029, 4e-05, 0, 0.09444, 0.01169, 0.00169, 0.00024, 4e-05, 0.6528, 0.08078, 0.01169, 0.00169, 0.00029, 0.09444, 0.01169, 0.00169, 0.00024, 4e-05, 0.01597, 0.00198, 0.00029, 4e-05, 0], [0.00231, 0.01366, 0.00198, 0.00029, 5e-05, 0.01366, 0.08078, 0.01169, 0.00169, 0.00029, 0.09444, 0.55836, 0.08078, 0.01169, 0.00198, 0.01366, 0.08078, 0.01169, 0.00169, 0.00029, 0.00231, 0.01366, 0.00198, 0.00029, 5e-05], [0.00033, 0.00198, 0.01366, 0.00198, 0.00033, 0.00198, 0.01169, 0.08078, 0.01169, 0.00198, 0.01366, 0.08078, 0.55836, 0.08078, 0.01366, 0.00198, 0.01169, 0.08078, 0.01169, 0.00198, 0.00033, 0.00198, 0.01366, 0.00198, 0.00033], [5e-05, 0.00029, 0.00198, 0.01366, 0.00231, 0.00029, 0.00169, 0.01169, 0.08078, 0.01366, 0.00198, 0.01169, 0.08078, 0.55836, 0.09444, 0.00029, 0.00169, 0.01169, 0.08078, 0.01366, 5e-05, 0.00029, 0.00198, 0.01366, 0.00231], [0, 4e-05, 0.00029, 0.00198, 0.01597, 4e-05, 0.00024, 0.00169, 0.01169, 0.09444, 0.00029, 0.00169, 0.01169, 0.08078, 0.6528, 4e-05, 0.00024, 0.00169, 0.01169, 0.09444, 0, 4e-05, 0.00029, 0.00198, 0.01597], [0.00231, 0.00029, 4e-05, 0, 0, 0.01366, 0.00169, 0.00024, 4e-05, 0, 0.09444, 0.01169, 0.00169, 0.00024, 4e-05, 0.6528, 0.08078, 0.01169, 0.00169, 0.00029, 0.11041, 0.01366, 0.00198, 0.00029, 5e-05], [0.00033, 0.00198, 0.00029, 4e-05, 0, 0.00198, 0.01169, 0.00169, 0.00024, 4e-05, 0.01366, 0.08078, 0.01169, 0.00169, 0.00029, 0.09444, 0.55836, 0.08078, 0.01169, 0.00198, 0.01597, 0.09444, 0.01366, 0.00198, 0.00033], [5e-05, 0.00029, 0.00198, 0.00029, 5e-05, 0.00029, 0.00169, 0.01169, 0.00169, 0.00029, 0.00198, 0.01169, 0.08078, 0.01169, 0.00198, 0.01366, 0.08078, 0.55836, 0.08078, 0.01366, 0.00231, 0.01366, 0.09444, 0.01366, 0.00231], [0, 4e-05, 0.00029, 0.00198, 0.00033, 4e-05, 0.00024, 0.00169, 0.01169, 0.00198, 0.00029, 0.00169, 0.01169, 0.08078, 0.01366, 0.00198, 0.01169, 0.08078, 0.55836, 0.09444, 0.00033, 0.00198, 0.01366, 0.09444, 0.01597], [0, 0, 4e-05, 0.00029, 0.00231, 0, 4e-05, 0.00024, 0.00169, 0.01366, 4e-05, 0.00024, 0.00169, 0.01169, 0.09444, 0.00029, 0.00169, 0.01169, 0.08078, 0.6528, 5e-05, 0.00029, 0.00198, 0.01366, 0.11041], [0.00033, 4e-05, 0, 0, 0, 0.00198, 0.00024, 4e-05, 0, 0, 0.01366, 0.00169, 0.00024, 4e-05, 0, 0.09444, 0.01169, 0.00169, 0.00024, 4e-05, 0.76321, 0.09444, 0.01366, 0.00198, 0.00033], [5e-05, 0.00029, 4e-05, 0, 0, 0.00029, 0.00169, 0.00024, 4e-05, 0, 0.00198, 0.01169, 0.00169, 0.00024, 4e-05, 0.01366, 0.08078, 0.01169, 0.00169, 0.00029, 0.11041, 0.6528, 0.09444, 0.01366, 0.00231], [0, 4e-05, 0.00029, 4e-05, 0, 4e-05, 0.00024, 0.00169, 0.00024, 4e-05, 0.00029, 0.00169, 0.01169, 0.00169, 0.00029, 0.00198, 0.01169, 0.08078, 0.01169, 0.00198, 0.01597, 0.09444, 0.6528, 0.09444, 0.01597], [0, 0, 4e-05, 0.00029, 5e-05, 0, 4e-05, 0.00024, 0.00169, 0.00029, 4e-05, 0.00024, 0.00169, 0.01169, 0.00198, 0.00029, 0.00169, 0.01169, 0.08078, 0.01366, 0.00231, 0.01366, 0.09444, 0.6528, 0.11041], [0, 0, 0, 4e-05, 0.00033, 0, 0, 4e-05, 0.00024, 0.00198, 0, 4e-05, 0.00024, 0.00169, 0.01366, 4e-05, 0.00024, 0.00169, 0.01169, 0.09444, 0.00033, 0.00198, 0.01366, 0.09444, 0.76321]]