[[0.68612, 0.10228, 0.02015, 0.00388, 0.00099, 0.10228, 0.03528, 0.00717, 0.00134, 0.00039, 0.02015, 0.00717, 0.00378, 0.00071, 0.0002, 0.00388, 0.00134, 0.00071, 0.00035, 0.0001, 0.00099, 0.00039, 0.0002, 0.0001, 7e-05], [0.13358, 0.52536, 0.1035, 0.01991, 0.00506, 0.05229, 0.06901, 0.03685, 0.00687, 0.00198, 0.0103, 0.01403, 0.00739, 0.00367, 0.00103, 0.00198, 0.00262, 0.0014, 0.00068, 0.00052, 0.0005, 0.00075, 0.00039, 0.0002, 0.00013], [0.02601, 0.10228, 0.53161, 0.10228, 0.02601, 0.01018, 0.03528, 0.07208, 0.03528, 0.01018, 0.00527, 0.00717, 0.01445, 0.00717, 0.00527, 0.00101, 0.00134, 0.00273, 0.00134, 0.00101, 0.00026, 0.00039, 0.00076, 0.00039, 0.00026], [0.00506, 0.01991, 0.1035, 0.52536, 0.13358, 0.00198, 0.00687, 0.03685, 0.06901, 0.05229, 0.00103, 0.00367, 0.00739, 0.01403, 0.0103, 0.00052, 0.00068, 0.0014, 0.00262, 0.00198, 0.00013, 0.0002, 0.00039, 0.00075, 0.0005], [0.00099, 0.00388, 0.02015, 0.10228, 0.68612, 0.00039, 0.00134, 0.00717, 0.03528, 0.10228, 0.0002, 0.00071, 0.00378, 0.00717, 0.02015, 0.0001, 0.00035, 0.00071, 0.00134, 0.00388, 7e-05, 0.0001, 0.0002, 0.00039, 0.00099], [0.13358, 0.05229, 0.0103, 0.00198, 0.0005, 0.52536, 0.06901, 0.01403, 0.00262, 0.00075, 0.1035, 0.03685, 0.00739, 0.0014, 0.00039, 0.01991, 0.00687, 0.00367, 0.00068, 0.0002, 0.00506, 0.00198, 0.00103, 0.00052, 0.00013], [0.06829, 0.10228, 0.05291, 0.01018, 0.00259, 0.10228, 0.35448, 0.07208, 0.01344, 0.00388, 0.05291, 0.07208, 0.03795, 0.00717, 0.00201, 0.01018, 0.01344, 0.00717, 0.00351, 0.00101, 0.00259, 0.00388, 0.00201, 0.00101, 0.00068], [0.0133, 0.05229, 0.1035, 0.05229, 0.0133, 0.01991, 0.06901, 0.37023, 0.06901, 0.01991, 0.0103, 0.03685, 0.07424, 0.03685, 0.0103, 0.0052, 0.00687, 0.01403, 0.00687, 0.0052, 0.00132, 0.00198, 0.00392, 0.00198, 0.00132], [0.00259, 0.01018, 0.05291, 0.10228, 0.06829, 0.00388, 0.01344, 0.07208, 0.35448, 0.10228, 0.00201, 0.00717, 0.03795, 0.07208, 0.05291, 0.00101, 0.00351, 0.00717, 0.01344, 0.01018, 0.00068, 0.00101, 0.00201, 0.00388, 0.00259], [0.0005, 0.00198, 0.0103, 0.05229, 0.13358, 0.00075, 0.00262, 0.01403, 0.06901, 0.52536, 0.00039, 0.0014, 0.00739, 0.03685, 0.1035, 0.0002, 0.00068, 0.00367, 0.00687, 0.01991, 0.00013, 0.00052, 0.00103, 0.00198, 0.00506], [0.02601, 0.01018, 0.00527, 0.00101, 0.00026, 0.10228, 0.03528, 0.00717, 0.00134, 0.00039, 0.53161, 0.07208, 0.01445, 0.00273, 0.00076, 0.10228, 0.03528, 0.00717, 0.00134, 0.00039, 0.02601, 0.01018, 0.00527, 0.00101, 0.00026], [0.0133, 0.01991, 0.0103, 0.0052, 0.00132, 0.05229, 0.06901, 0.03685, 0.00687, 0.00198, 0.1035, 0.37023, 0.07424, 0.01403, 0.00392, 0.05229, 0.06901, 0.03685, 0.00687, 0.00198, 0.0133, 0.01991, 0.0103, 0.0052, 0.00132], [0.0068, 0.01018, 0.02015, 0.01018, 0.0068, 0.01018, 0.03528, 0.07208, 0.03528, 0.01018, 0.02015, 0.07208, 0.38133, 0.07208, 0.02015, 0.01018, 0.03528, 0.07208, 0.03528, 0.01018, 0.0068, 0.01018, 0.02015, 0.01018, 0.0068], [0.00132, 0.0052, 0.0103, 0.01991, 0.0133, 0.00198, 0.00687, 0.03685, 0.06901, 0.05229, 0.00392, 0.01403, 0.07424, 0.37023, 0.1035, 0.00198, 0.00687, 0.03685, 0.06901, 0.05229, 0.00132, 0.0052, 0.0103, 0.01991, 0.0133], [0.00026, 0.00101, 0.00527, 0.01018, 0.02601, 0.00039, 0.00134, 0.00717, 0.03528, 0.10228, 0.00076, 0.00273, 0.01445, 0.07208, 0.53161, 0.00039, 0.00134, 0.00717, 0.03528, 0.10228, 0.00026, 0.00101, 0.00527, 0.01018, 0.02601], [0.00506, 0.00198, 0.00103, 0.00052, 0.00013, 0.01991, 0.00687, 0.00367, 0.00068, 0.0002, 0.1035, 0.03685, 0.00739, 0.0014, 0.00039, 0.52536, 0.06901, 0.01403, 0.00262, 0.00075, 0.13358, 0.05229, 0.0103, 0.00198, 0.0005], [0.00259, 0.00388, 0.00201, 0.00101, 0.00068, 0.01018, 0.01344, 0.00717, 0.00351, 0.00101, 0.05291, 0.07208, 0.03795, 0.00717, 0.00201, 0.10228, 0.35448, 0.07208, 0.01344, 0.00388, 0.06829, 0.10228, 0.05291, 0.01018, 0.00259], [0.00132, 0.00198, 0.00392, 0.00198, 0.00132, 0.0052, 0.00687, 0.01403, 0.00687, 0.0052, 0.0103, 0.03685, 0.07424, 0.03685, 0.0103, 0.01991, 0.06901, 0.37023, 0.06901, 0.01991, 0.0133, 0.05229, 0.1035, 0.05229, 0.0133], [0.00068, 0.00101, 0.00201, 0.00388, 0.00259, 0.00101, 0.00351, 0.00717, 0.01344, 0.01018, 0.00201, 0.00717, 0.03795, 0.07208, 0.05291, 0.00388, 0.01344, 0.07208, 0.35448, 0.10228, 0.00259, 0.01018, 0.05291, 0.10228, 0.06829], [0.00013, 0.00052, 0.00103, 0.00198, 0.00506, 0.0002, 0.00068, 0.00367, 0.00687, 0.01991, 0.00039, 0.0014, 0.00739, 0.03685, 0.1035, 0.00075, 0.00262, 0.01403, 0.06901, 0.52536, 0.0005, 0.00198, 0.0103, 0.05229, 0.13358], [0.00099, 0.00039, 0.0002, 0.0001, 7e-05, 0.00388, 0.00134, 0.00071, 0.00035, 0.0001, 0.02015, 0.00717, 0.00378, 0.00071, 0.0002, 0.10228, 0.03528, 0.00717, 0.00134, 0.00039, 0.68612, 0.10228, 0.02015, 0.00388, 0.00099], [0.0005, 0.00075, 0.00039, 0.0002, 0.00013, 0.00198, 0.00262, 0.0014, 0.00068, 0.00052, 0.0103, 0.01403, 0.00739, 0.00367, 0.00103, 0.05229, 0.06901, 0.03685, 0.00687, 0.00198, 0.13358, 0.52536, 0.1035, 0.01991, 0.00506], [0.00026, 0.00039, 0.00076, 0.00039, 0.00026, 0.00101, 0.00134, 0.00273, 0.00134, 0.00101, 0.00527, 0.00717, 0.01445, 0.00717, 0.00527, 0.01018, 0.03528, 0.07208, 0.03528, 0.01018, 0.02601, 0.10228, 0.53161, 0.10228, 0.02601], [0.00013, 0.0002, 0.00039, 0.00075, 0.0005, 0.00052, 0.00068, 0.0014, 0.00262, 0.00198, 0.00103, 0.00367, 0.00739, 0.01403, 0.0103, 0.00198, 0.00687, 0.03685, 0.06901, 0.05229, 0.00506, 0.01991, 0.1035, 0.52536, 0.13358], [7e-05, 0.0001, 0.0002, 0.00039, 0.00099, 0.0001, 0.00035, 0.00071, 0.00134, 0.00388, 0.0002, 0.00071, 0.00378, 0.00717, 0.02015, 0.00039, 0.00134, 0.00717, 0.03528, 0.10228, 0.00099, 0.00388, 0.02015, 0.10228, 0.68612]]