[[0.72223, 0.10506, 0.01856, 0.00328, 0.0007, 0.10506, 0.01528, 0.0027, 0.00048, 0.0001, 0.01856, 0.0027, 0.00048, 8e-05, 2e-05, 0.00328, 0.00048, 8e-05, 1e-05, 0, 0.0007, 0.0001, 2e-05, 0, 0], [0.12761, 0.59461, 0.10506, 0.01856, 0.00398, 0.01856, 0.0865, 0.01528, 0.0027, 0.00058, 0.00328, 0.01528, 0.0027, 0.00048, 0.0001, 0.00058, 0.0027, 0.00048, 8e-05, 2e-05, 0.00012, 0.00058, 0.0001, 2e-05, 0], [0.02255, 0.10506, 0.59461, 0.10506, 0.02255, 0.00328, 0.01528, 0.0865, 0.01528, 0.00328, 0.00058, 0.0027, 0.01528, 0.0027, 0.00058, 0.0001, 0.00048, 0.0027, 0.00048, 0.0001, 2e-05, 0.0001, 0.00058, 0.0001, 2e-05], [0.00398, 0.01856, 0.10506, 0.59461, 0.12761, 0.00058, 0.0027, 0.01528, 0.0865, 0.01856, 0.0001, 0.00048, 0.0027, 0.01528, 0.00328, 2e-05, 8e-05, 0.00048, 0.0027, 0.00058, 0, 2e-05, 0.0001, 0.00058, 0.00012], [0.0007, 0.00328, 0.01856, 0.10506, 0.72223, 0.0001, 0.00048, 0.0027, 0.01528, 0.10506, 2e-05, 8e-05, 0.00048, 0.0027, 0.01856, 0, 1e-05, 8e-05, 0.00048, 0.00328, 0, 0, 2e-05, 0.0001, 0.0007], [0.12761, 0.01856, 0.00328, 0.00058, 0.00012, 0.59461, 0.0865, 0.01528, 0.0027, 0.00058, 0.10506, 0.01528, 0.0027, 0.00048, 0.0001, 0.01856, 0.0027, 0.00048, 8e-05, 2e-05, 0.00398, 0.00058, 0.0001, 2e-05, 0], [0.02255, 0.10506, 0.01856, 0.00328, 0.0007, 0.10506, 0.48955, 0.0865, 0.01528, 0.00328, 0.01856, 0.0865, 0.01528, 0.0027, 0.00058, 0.00328, 0.01528, 0.0027, 0.00048, 0.0001, 0.0007, 0.00328, 0.00058, 0.0001, 2e-05], [0.00398, 0.01856, 0.10506, 0.01856, 0.00398, 0.01856, 0.0865, 0.48955, 0.0865, 0.01856, 0.00328, 0.01528, 0.0865, 0.01528, 0.00328, 0.00058, 0.0027, 0.01528, 0.0027, 0.00058, 0.00012, 0.00058, 0.00328, 0.00058, 0.00012], [0.0007, 0.00328, 0.01856, 0.10506, 0.02255, 0.00328, 0.01528, 0.0865, 0.48955, 0.10506, 0.00058, 0.0027, 0.01528, 0.0865, 0.01856, 0.0001, 0.00048, 0.0027, 0.01528, 0.00328, 2e-05, 0.0001, 0.00058, 0.00328, 0.0007], [0.00012, 0.00058, 0.00328, 0.01856, 0.12761, 0.00058, 0.0027, 0.01528, 0.0865, 0.59461, 0.0001, 0.00048, 0.0027, 0.01528, 0.10506, 2e-05, 8e-05, 0.00048, 0.0027, 0.01856, 0, 2e-05, 0.0001, 0.00058, 0.00398], [0.02255, 0.00328, 0.00058, 0.0001, 2e-05, 0.10506, 0.01528, 0.0027, 0.00048, 0.0001, 0.59461, 0.0865, 0.01528, 0.0027, 0.00058, 0.10506, 0.01528, 0.0027, 0.00048, 0.0001, 0.02255, 0.00328, 0.00058, 0.0001, 2e-05], [0.00398, 0.01856, 0.00328, 0.00058, 0.00012, 0.01856, 0.0865, 0.01528, 0.0027, 0.00058, 0.10506, 0.48955, 0.0865, 0.01528, 0.00328, 0.01856, 0.0865, 0.01528, 0.0027, 0.00058, 0.00398, 0.01856, 0.00328, 0.00058, 0.00012], [0.0007, 0.00328, 0.01856, 0.00328, 0.0007, 0.00328, 0.01528, 0.0865, 0.01528, 0.00328, 0.01856, 0.0865, 0.48955, 0.0865, 0.01856, 0.00328, 0.01528, 0.0865, 0.01528, 0.00328, 0.0007, 0.00328, 0.01856, 0.00328, 0.0007], [0.00012, 0.00058, 0.00328, 0.01856, 0.00398, 0.00058, 0.0027, 0.01528, 0.0865, 0.01856, 0.00328, 0.01528, 0.0865, 0.48955, 0.10506, 0.00058, 0.0027, 0.01528, 0.0865, 0.01856, 0.00012, 0.00058, 0.00328, 0.01856, 0.00398], [2e-05, 0.0001, 0.00058, 0.00328, 0.02255, 0.0001, 0.00048, 0.0027, 0.01528, 0.10506, 0.00058, 0.0027, 0.01528, 0.0865, 0.59461, 0.0001, 0.00048, 0.0027, 0.01528, 0.10506, 2e-05, 0.0001, 0.00058, 0.00328, 0.02255], [0.00398, 0.00058, 0.0001, 2e-05, 0, 0.01856, 0.0027, 0.00048, 8e-05, 2e-05, 0.10506, 0.01528, 0.0027, 0.00048, 0.0001, 0.59461, 0.0865, 0.01528, 0.0027, 0.00058, 0.12761, 0.01856, 0.00328, 0.00058, 0.00012], [0.0007, 0.00328, 0.00058, 0.0001, 2e-05, 0.00328, 0.01528, 0.0027, 0.00048, 0.0001, 0.01856, 0.0865, 0.01528, 0.0027, 0.00058, 0.10506, 0.48955, 0.0865, 0.01528, 0.00328, 0.02255, 0.10506, 0.01856, 0.00328, 0.0007], [0.00012, 0.00058, 0.00328, 0.00058, 0.00012, 0.00058, 0.0027, 0.01528, 0.0027, 0.00058, 0.00328, 0.01528, 0.0865, 0.01528, 0.00328, 0.01856, 0.0865, 0.48955, 0.0865, 0.01856, 0.00398, 0.01856, 0.10506, 0.01856, 0.00398], [2e-05, 0.0001, 0.00058, 0.00328, 0.0007, 0.0001, 0.00048, 0.0027, 0.01528, 0.00328, 0.00058, 0.0027, 0.01528, 0.0865, 0.01856, 0.00328, 0.01528, 0.0865, 0.48955, 0.10506, 0.0007, 0.00328, 0.01856, 0.10506, 0.02255], [0, 2e-05, 0.0001, 0.00058, 0.00398, 2e-05, 8e-05, 0.00048, 0.0027, 0.01856, 0.0001, 0.00048, 0.0027, 0.01528, 0.10506, 0.00058, 0.0027, 0.01528, 0.0865, 0.59461, 0.00012, 0.00058, 0.00328, 0.01856, 0.12761], [0.0007, 0.0001, 2e-05, 0, 0, 0.00328, 0.00048, 8e-05, 1e-05, 0, 0.01856, 0.0027, 0.00048, 8e-05, 2e-05, 0.10506, 0.01528, 0.0027, 0.00048, 0.0001, 0.72223, 0.10506, 0.01856, 0.00328, 0.0007], [0.00012, 0.00058, 0.0001, 2e-05, 0, 0.00058, 0.0027, 0.00048, 8e-05, 2e-05, 0.00328, 0.01528, 0.0027, 0.00048, 0.0001, 0.01856, 0.0865, 0.01528, 0.0027, 0.00058, 0.12761, 0.59461, 0.10506, 0.01856, 0.00398], [2e-05, 0.0001, 0.00058, 0.0001, 2e-05, 0.0001, 0.00048, 0.0027, 0.00048, 0.0001, 0.00058, 0.0027, 0.01528, 0.0027, 0.00058, 0.00328, 0.01528, 0.0865, 0.01528, 0.00328, 0.02255, 0.10506, 0.59461, 0.10506, 0.02255], [0, 2e-05, 0.0001, 0.00058, 0.00012, 2e-05, 8e-05, 0.00048, 0.0027, 0.00058, 0.0001, 0.00048, 0.0027, 0.01528, 0.00328, 0.00058, 0.0027, 0.01528, 0.0865, 0.01856, 0.00398, 0.01856, 0.10506, 0.59461, 0.12761], [0, 0, 2e-05, 0.0001, 0.0007, 0, 1e-05, 8e-05, 0.00048, 0.00328, 2e-05, 8e-05, 0.00048, 0.0027, 0.01856, 0.0001, 0.00048, 0.0027, 0.01528, 0.10506, 0.0007, 0.00328, 0.01856, 0.10506, 0.72223]]