[[0, 0, 0, 0, 0, 0, 0, 0, 0.68199, 0.06999, 0.03593, 0.01845, 0.01947, 0, 0, 0.06999, 0.00718, 0.00369, 0.00189, 0.002, 0, 0, 0.03593, 0.00369, 0.00189, 0.00097, 0.00103, 0, 0, 0.01845, 0.00189, 0.00097, 0.0005, 0.00053, 0, 0, 0.01947, 0.002, 0.00103, 0.00053, 0.00056, 0, 0, 0, 0, 0, 0, 0, 0], [0, 0, 0, 0, 0, 0, 0, 0, 0.54567, 0.13632, 0.06999, 0.03593, 0.03792, 0, 0, 0.056, 0.01399, 0.00718, 0.00369, 0.00389, 0, 0, 0.02875, 0.00718, 0.00369, 0.00189, 0.002, 0, 0, 0.01476, 0.00369, 0.00189, 0.00097, 0.00103, 0, 0, 0.01558, 0.00389, 0.002, 0.00103, 0.00108, 0, 0, 0, 0, 0, 0, 0, 0], [0, 0, 0, 0, 0, 0, 0, 0, 0.28016, 0.26551, 0.13632, 0.06999, 0.07385, 0, 0, 0.02875, 0.02725, 0.01399, 0.00718, 0.00758, 0, 0, 0.01476, 0.01399, 0.00718, 0.00369, 0.00389, 0, 0, 0.00758, 0.00718, 0.00369, 0.00189, 0.002, 0, 0, 0.008, 0.00758, 0.00389, 0.002, 0.00211, 0, 0, 0, 0, 0, 0, 0, 0], [0, 0, 0, 0, 0, 0, 0, 0, 0.14384, 0.13632, 0.26551, 0.13632, 0.14384, 0, 0, 0.01476, 0.01399, 0.02725, 0.01399, 0.01476, 0, 0, 0.00758, 0.00718, 0.01399, 0.00718, 0.00758, 0, 0, 0.00389, 0.00369, 0.00718, 0.00369, 0.00389, 0, 0, 0.00411, 0.00389, 0.00758, 0.00389, 0.00411, 0, 0, 0, 0, 0, 0, 0, 0], [0, 0, 0, 0, 0, 0, 0, 0, 0.07385, 0.06999, 0.13632, 0.26551, 0.28016, 0, 0, 0.00758, 0.00718, 0.01399, 0.02725, 0.02875, 0, 0, 0.00389, 0.00369, 0.00718, 0.01399, 0.01476, 0, 0, 0.002, 0.00189, 0.00369, 0.00718, 0.00758, 0, 0, 0.00211, 0.002, 0.00389, 0.00758, 0.008, 0, 0, 0, 0, 0, 0, 0, 0], [0, 0, 0, 0, 0, 0, 0, 0, 0.03792, 0.03593, 0.06999, 0.13632, 0.54567, 0, 0, 0.00389, 0.00369, 0.00718, 0.01399, 0.056, 0, 0, 0.002, 0.00189, 0.00369, 0.00718, 0.02875, 0, 0, 0.00103, 0.00097, 0.00189, 0.00369, 0.01476, 0, 0, 0.00108, 0.00103, 0.002, 0.00389, 0.01558, 0, 0, 0, 0, 0, 0, 0, 0], [0, 0, 0, 0, 0, 0, 0, 0, 0.01947, 0.01845, 0.03593, 0.06999, 0.68199, 0, 0, 0.002, 0.00189, 0.00369, 0.00718, 0.06999, 0, 0, 0.00103, 0.00097, 0.00189, 0.00369, 0.03593, 0, 0, 0.00053, 0.0005, 0.00097, 0.00189, 0.01845, 0, 0, 0.00056, 0.00053, 0.00103, 0.002, 0.01947, 0, 0, 0, 0, 0, 0, 0, 0], [0, 0, 0, 0, 0, 0, 0, 0, 0.54567, 0.056, 0.02875, 0.01476, 0.01558, 0, 0, 0.13632, 0.01399, 0.00718, 0.00369, 0.00389, 0, 0, 0.06999, 0.00718, 0.00369, 0.00189, 0.002, 0, 0, 0.03593, 0.00369, 0.00189, 0.00097, 0.00103, 0, 0, 0.03792, 0.00389, 0.002, 0.00103, 0.00108, 0, 0, 0, 0, 0, 0, 0, 0], [0, 0, 0, 0, 0, 0, 0, 0, 0.4366, 0.10907, 0.056, 0.02875, 0.03034, 0, 0, 0.10907, 0.02725, 0.01399, 0.00718, 0.00758, 0, 0, 0.056, 0.01399, 0.00718, 0.00369, 0.00389, 0, 0, 0.02875, 0.00718, 0.00369, 0.00189, 0.002, 0, 0, 0.03034, 0.00758, 0.00389, 0.002, 0.00211, 0, 0, 0, 0, 0, 0, 0, 0], [0, 0, 0, 0, 0, 0, 0, 0, 0.22416, 0.21244, 0.10907, 0.056, 0.05909, 0, 0, 0.056, 0.05307, 0.02725, 0.01399, 0.01476, 0, 0, 0.02875, 0.02725, 0.01399, 0.00718, 0.00758, 0, 0, 0.01476, 0.01399, 0.00718, 0.00369, 0.00389, 0, 0, 0.01558, 0.01476, 0.00758, 0.00389, 0.00411, 0, 0, 0, 0, 0, 0, 0, 0], [0, 0, 0, 0, 0, 0, 0, 0, 0.11509, 0.10907, 0.21244, 0.10907, 0.11509, 0, 0, 0.02875, 0.02725, 0.05307, 0.02725, 0.02875, 0, 0, 0.01476, 0.01399, 0.02725, 0.01399, 0.01476, 0, 0, 0.00758, 0.00718, 0.01399, 0.00718, 0.00758, 0, 0, 0.008, 0.00758, 0.01476, 0.00758, 0.008, 0, 0, 0, 0, 0, 0, 0, 0], [0, 0, 0, 0, 0, 0, 0, 0, 0.05909, 0.056, 0.10907, 0.21244, 0.22416, 0, 0, 0.01476, 0.01399, 0.02725, 0.05307, 0.056, 0, 0, 0.00758, 0.00718, 0.01399, 0.02725, 0.02875, 0, 0, 0.00389, 0.00369, 0.00718, 0.01399, 0.01476, 0, 0, 0.00411, 0.00389, 0.00758, 0.01476, 0.01558, 0, 0, 0, 0, 0, 0, 0, 0], [0, 0, 0, 0, 0, 0, 0, 0, 0.03034, 0.02875, 0.056, 0.10907, 0.4366, 0, 0, 0.00758, 0.00718, 0.01399, 0.02725, 0.10907, 0, 0, 0.00389, 0.00369, 0.00718, 0.01399, 0.056, 0, 0, 0.002, 0.00189, 0.00369, 0.00718, 0.02875, 0, 0, 0.00211, 0.002, 0.00389, 0.00758, 0.03034, 0, 0, 0, 0, 0, 0, 0, 0], [0, 0, 0, 0, 0, 0, 0, 0, 0.01558, 0.01476, 0.02875, 0.056, 0.54567, 0, 0, 0.00389, 0.00369, 0.00718, 0.01399, 0.13632, 0, 0, 0.002, 0.00189, 0.00369, 0.00718, 0.06999, 0, 0, 0.00103, 0.00097, 0.00189, 0.00369, 0.03593, 0, 0, 0.00108, 0.00103, 0.002, 0.00389, 0.03792, 0, 0, 0, 0, 0, 0, 0, 0], [0, 0, 0, 0, 0, 0, 0, 0, 0.28016, 0.02875, 0.01476, 0.00758, 0.008, 0, 0, 0.26551, 0.02725, 0.01399, 0.00718, 0.00758, 0, 0, 0.13632, 0.01399, 0.00718, 0.00369, 0.00389, 0, 0, 0.06999, 0.00718, 0.00369, 0.00189, 0.002, 0, 0, 0.07385, 0.00758, 0.00389, 0.002, 0.00211, 0, 0, 0, 0, 0, 0, 0, 0], [0, 0, 0, 0, 0, 0, 0, 0, 0.22416, 0.056, 0.02875, 0.01476, 0.01558, 0, 0, 0.21244, 0.05307, 0.02725, 0.01399, 0.01476, 0, 0, 0.10907, 0.02725, 0.01399, 0.00718, 0.00758, 0, 0, 0.056, 0.01399, 0.00718, 0.00369, 0.00389, 0, 0, 0.05909, 0.01476, 0.00758, 0.00389, 0.00411, 0, 0, 0, 0, 0, 0, 0, 0], [0, 0, 0, 0, 0, 0, 0, 0, 0.11509, 0.10907, 0.056, 0.02875, 0.03034, 0, 0, 0.10907, 0.10337, 0.05307, 0.02725, 0.02875, 0, 0, 0.056, 0.05307, 0.02725, 0.01399, 0.01476, 0, 0, 0.02875, 0.02725, 0.01399, 0.00718, 0.00758, 0, 0, 0.03034, 0.02875, 0.01476, 0.00758, 0.008, 0, 0, 0, 0, 0, 0, 0, 0], [0, 0, 0, 0, 0, 0, 0, 0, 0.05909, 0.056, 0.10907, 0.056, 0.05909, 0, 0, 0.056, 0.05307, 0.10337, 0.05307, 0.056, 0, 0, 0.02875, 0.02725, 0.05307, 0.02725, 0.02875, 0, 0, 0.01476, 0.01399, 0.02725, 0.01399, 0.01476, 0, 0, 0.01558, 0.01476, 0.02875, 0.01476, 0.01558, 0, 0, 0, 0, 0, 0, 0, 0], [0, 0, 0, 0, 0, 0, 0, 0, 0.03034, 0.02875, 0.056, 0.10907, 0.11509, 0, 0, 0.02875, 0.02725, 0.05307, 0.10337, 0.10907, 0, 0, 0.01476, 0.01399, 0.02725, 0.05307, 0.056, 0, 0, 0.00758, 0.00718, 0.01399, 0.02725, 0.02875, 0, 0, 0.008, 0.00758, 0.01476, 0.02875, 0.03034, 0, 0, 0, 0, 0, 0, 0, 0], [0, 0, 0, 0, 0, 0, 0, 0, 0.01558, 0.01476, 0.02875, 0.056, 0.22416, 0, 0, 0.01476, 0.01399, 0.02725, 0.05307, 0.21244, 0, 0, 0.00758, 0.00718, 0.01399, 0.02725, 0.10907, 0, 0, 0.00389, 0.00369, 0.00718, 0.01399, 0.056, 0, 0, 0.00411, 0.00389, 0.00758, 0.01476, 0.05909, 0, 0, 0, 0, 0, 0, 0, 0], [0, 0, 0, 0, 0, 0, 0, 0, 0.008, 0.00758, 0.01476, 0.02875, 0.28016, 0, 0, 0.00758, 0.00718, 0.01399, 0.02725, 0.26551, 0, 0, 0.00389, 0.00369, 0.00718, 0.01399, 0.13632, 0, 0, 0.002, 0.00189, 0.00369, 0.00718, 0.06999, 0, 0, 0.00211, 0.002, 0.00389, 0.00758, 0.07385, 0, 0, 0, 0, 0, 0, 0, 0], [0, 0, 0, 0, 0, 0, 0, 0, 0.14384, 0.01476, 0.00758, 0.00389, 0.00411, 0, 0, 0.13632, 0.01399, 0.00718, 0.00369, 0.00389, 0, 0, 0.26551, 0.02725, 0.01399, 0.00718, 0.00758, 0, 0, 0.13632, 0.01399, 0.00718, 0.00369, 0.00389, 0, 0, 0.14384, 0.01476, 0.00758, 0.00389, 0.00411, 0, 0, 0, 0, 0, 0, 0, 0], [0, 0, 0, 0, 0, 0, 0, 0, 0.11509, 0.02875, 0.01476, 0.00758, 0.008, 0, 0, 0.10907, 0.02725, 0.01399, 0.00718, 0.00758, 0, 0, 0.21244, 0.05307, 0.02725, 0.01399, 0.01476, 0, 0, 0.10907, 0.02725, 0.01399, 0.00718, 0.00758, 0, 0, 0.11509, 0.02875, 0.01476, 0.00758, 0.008, 0, 0, 0, 0, 0, 0, 0, 0], [0, 0, 0, 0, 0, 0, 0, 0, 0.05909, 0.056, 0.02875, 0.01476, 0.01558, 0, 0, 0.056, 0.05307, 0.02725, 0.01399, 0.01476, 0, 0, 0.10907, 0.10337, 0.05307, 0.02725, 0.02875, 0, 0, 0.056, 0.05307, 0.02725, 0.01399, 0.01476, 0, 0, 0.05909, 0.056, 0.02875, 0.01476, 0.01558, 0, 0, 0, 0, 0, 0, 0, 0], [0, 0, 0, 0, 0, 0, 0, 0, 0.03034, 0.02875, 0.056, 0.02875, 0.03034, 0, 0, 0.02875, 0.02725, 0.05307, 0.02725, 0.02875, 0, 0, 0.056, 0.05307, 0.10337, 0.05307, 0.056, 0, 0, 0.02875, 0.02725, 0.05307, 0.02725, 0.02875, 0, 0, 0.03034, 0.02875, 0.056, 0.02875, 0.03034, 0, 0, 0, 0, 0, 0, 0, 0], [0, 0, 0, 0, 0, 0, 0, 0, 0.01558, 0.01476, 0.02875, 0.056, 0.05909, 0, 0, 0.01476, 0.01399, 0.02725, 0.05307, 0.056, 0, 0, 0.02875, 0.02725, 0.05307, 0.10337, 0.10907, 0, 0, 0.01476, 0.01399, 0.02725, 0.05307, 0.056, 0, 0, 0.01558, 0.01476, 0.02875, 0.056, 0.05909, 0, 0, 0, 0, 0, 0, 0, 0], [0, 0, 0, 0, 0, 0, 0, 0, 0.008, 0.00758, 0.01476, 0.02875, 0.11509, 0, 0, 0.00758, 0.00718, 0.01399, 0.02725, 0.10907, 0, 0, 0.01476, 0.01399, 0.02725, 0.05307, 0.21244, 0, 0, 0.00758, 0.00718, 0.01399, 0.02725, 0.10907, 0, 0, 0.008, 0.00758, 0.01476, 0.02875, 0.11509, 0, 0, 0, 0, 0, 0, 0, 0], [0, 0, 0, 0, 0, 0, 0, 0, 0.00411, 0.00389, 0.00758, 0.01476, 0.14384, 0, 0, 0.00389, 0.00369, 0.00718, 0.01399, 0.13632, 0, 0, 0.00758, 0.00718, 0.01399, 0.02725, 0.26551, 0, 0, 0.00389, 0.00369, 0.00718, 0.01399, 0.13632, 0, 0, 0.00411, 0.00389, 0.00758, 0.01476, 0.14384, 0, 0, 0, 0, 0, 0, 0, 0], [0, 0, 0, 0, 0, 0, 0, 0, 0.07385, 0.00758, 0.00389, 0.002, 0.00211, 0, 0, 0.06999, 0.00718, 0.00369, 0.00189, 0.002, 0, 0, 0.13632, 0.01399, 0.00718, 0.00369, 0.00389, 0, 0, 0.26551, 0.02725, 0.01399, 0.00718, 0.00758, 0, 0, 0.28016, 0.02875, 0.01476, 0.00758, 0.008, 0, 0, 0, 0, 0, 0, 0, 0], [0, 0, 0, 0, 0, 0, 0, 0, 0.05909, 0.01476, 0.00758, 0.00389, 0.00411, 0, 0, 0.056, 0.01399, 0.00718, 0.00369, 0.00389, 0, 0, 0.10907, 0.02725, 0.01399, 0.00718, 0.00758, 0, 0, 0.21244, 0.05307, 0.02725, 0.01399, 0.01476, 0, 0, 0.22416, 0.056, 0.02875, 0.01476, 0.01558, 0, 0, 0, 0, 0, 0, 0, 0], [0, 0, 0, 0, 0, 0, 0, 0, 0.03034, 0.02875, 0.01476, 0.00758, 0.008, 0, 0, 0.02875, 0.02725, 0.01399, 0.00718, 0.00758, 0, 0, 0.056, 0.05307, 0.02725, 0.01399, 0.01476, 0, 0, 0.10907, 0.10337, 0.05307, 0.02725, 0.02875, 0, 0, 0.11509, 0.10907, 0.056, 0.02875, 0.03034, 0, 0, 0, 0, 0, 0, 0, 0], [0, 0, 0, 0, 0, 0, 0, 0, 0.01558, 0.01476, 0.02875, 0.01476, 0.01558, 0, 0, 0.01476, 0.01399, 0.02725, 0.01399, 0.01476, 0, 0, 0.02875, 0.02725, 0.05307, 0.02725, 0.02875, 0, 0, 0.056, 0.05307, 0.10337, 0.05307, 0.056, 0, 0, 0.05909, 0.056, 0.10907, 0.056, 0.05909, 0, 0, 0, 0, 0, 0, 0, 0], [0, 0, 0, 0, 0, 0, 0, 0, 0.008, 0.00758, 0.01476, 0.02875, 0.03034, 0, 0, 0.00758, 0.00718, 0.01399, 0.02725, 0.02875, 0, 0, 0.01476, 0.01399, 0.02725, 0.05307, 0.056, 0, 0, 0.02875, 0.02725, 0.05307, 0.10337, 0.10907, 0, 0, 0.03034, 0.02875, 0.056, 0.10907, 0.11509, 0, 0, 0, 0, 0, 0, 0, 0], [0, 0, 0, 0, 0, 0, 0, 0, 0.00411, 0.00389, 0.00758, 0.01476, 0.05909, 0, 0, 0.00389, 0.00369, 0.00718, 0.01399, 0.056, 0, 0, 0.00758, 0.00718, 0.01399, 0.02725, 0.10907, 0, 0, 0.01476, 0.01399, 0.02725, 0.05307, 0.21244, 0, 0, 0.01558, 0.01476, 0.02875, 0.056, 0.22416, 0, 0, 0, 0, 0, 0, 0, 0], [0, 0, 0, 0, 0, 0, 0, 0, 0.00211, 0.002, 0.00389, 0.00758, 0.07385, 0, 0, 0.002, 0.00189, 0.00369, 0.00718, 0.06999, 0, 0, 0.00389, 0.00369, 0.00718, 0.01399, 0.13632, 0, 0, 0.00758, 0.00718, 0.01399, 0.02725, 0.26551, 0, 0, 0.008, 0.00758, 0.01476, 0.02875, 0.28016, 0, 0, 0, 0, 0, 0, 0, 0], [0, 0, 0, 0, 0, 0, 0, 0, 0.03792, 0.00389, 0.002, 0.00103, 0.00108, 0, 0, 0.03593, 0.00369, 0.00189, 0.00097, 0.00103, 0, 0, 0.06999, 0.00718, 0.00369, 0.00189, 0.002, 0, 0, 0.13632, 0.01399, 0.00718, 0.00369, 0.00389, 0, 0, 0.54567, 0.056, 0.02875, 0.01476, 0.01558, 0, 0, 0, 0, 0, 0, 0, 0], [0, 0, 0, 0, 0, 0, 0, 0, 0.03034, 0.00758, 0.00389, 0.002, 0.00211, 0, 0, 0.02875, 0.00718, 0.00369, 0.00189, 0.002, 0, 0, 0.056, 0.01399, 0.00718, 0.00369, 0.00389, 0, 0, 0.10907, 0.02725, 0.01399, 0.00718, 0.00758, 0, 0, 0.4366, 0.10907, 0.056, 0.02875, 0.03034, 0, 0, 0, 0, 0, 0, 0, 0], [0, 0, 0, 0, 0, 0, 0, 0, 0.01558, 0.01476, 0.00758, 0.00389, 0.00411, 0, 0, 0.01476, 0.01399, 0.00718, 0.00369, 0.00389, 0, 0, 0.02875, 0.02725, 0.01399, 0.00718, 0.00758, 0, 0, 0.056, 0.05307, 0.02725, 0.01399, 0.01476, 0, 0, 0.22416, 0.21244, 0.10907, 0.056, 0.05909, 0, 0, 0, 0, 0, 0, 0, 0], [0, 0, 0, 0, 0, 0, 0, 0, 0.008, 0.00758, 0.01476, 0.00758, 0.008, 0, 0, 0.00758, 0.00718, 0.01399, 0.00718, 0.00758, 0, 0, 0.01476, 0.01399, 0.02725, 0.01399, 0.01476, 0, 0, 0.02875, 0.02725, 0.05307, 0.02725, 0.02875, 0, 0, 0.11509, 0.10907, 0.21244, 0.10907, 0.11509, 0, 0, 0, 0, 0, 0, 0, 0], [0, 0, 0, 0, 0, 0, 0, 0, 0.00411, 0.00389, 0.00758, 0.01476, 0.01558, 0, 0, 0.00389, 0.00369, 0.00718, 0.01399, 0.01476, 0, 0, 0.00758, 0.00718, 0.01399, 0.02725, 0.02875, 0, 0, 0.01476, 0.01399, 0.02725, 0.05307, 0.056, 0, 0, 0.05909, 0.056, 0.10907, 0.21244, 0.22416, 0, 0, 0, 0, 0, 0, 0, 0], [0, 0, 0, 0, 0, 0, 0, 0, 0.00211, 0.002, 0.00389, 0.00758, 0.03034, 0, 0, 0.002, 0.00189, 0.00369, 0.00718, 0.02875, 0, 0, 0.00389, 0.00369, 0.00718, 0.01399, 0.056, 0, 0, 0.00758, 0.00718, 0.01399, 0.02725, 0.10907, 0, 0, 0.03034, 0.02875, 0.056, 0.10907, 0.4366, 0, 0, 0, 0, 0, 0, 0, 0], [0, 0, 0, 0, 0, 0, 0, 0, 0.00108, 0.00103, 0.002, 0.00389, 0.03792, 0, 0, 0.00103, 0.00097, 0.00189, 0.00369, 0.03593, 0, 0, 0.002, 0.00189, 0.00369, 0.00718, 0.06999, 0, 0, 0.00389, 0.00369, 0.00718, 0.01399, 0.13632, 0, 0, 0.01558, 0.01476, 0.02875, 0.056, 0.54567, 0, 0, 0, 0, 0, 0, 0, 0], [0, 0, 0, 0, 0, 0, 0, 0, 0.01947, 0.002, 0.00103, 0.00053, 0.00056, 0, 0, 0.01845, 0.00189, 0.00097, 0.0005, 0.00053, 0, 0, 0.03593, 0.00369, 0.00189, 0.00097, 0.00103, 0, 0, 0.06999, 0.00718, 0.00369, 0.00189, 0.002, 0, 0, 0.68199, 0.06999, 0.03593, 0.01845, 0.01947, 0, 0, 0, 0, 0, 0, 0, 0], [0, 0, 0, 0, 0, 0, 0, 0, 0.01558, 0.00389, 0.002, 0.00103, 0.00108, 0, 0, 0.01476, 0.00369, 0.00189, 0.00097, 0.00103, 0, 0, 0.02875, 0.00718, 0.00369, 0.00189, 0.002, 0, 0, 0.056, 0.01399, 0.00718, 0.00369, 0.00389, 0, 0, 0.54567, 0.13632, 0.06999, 0.03593, 0.03792, 0, 0, 0, 0, 0, 0, 0, 0], [0, 0, 0, 0, 0, 0, 0, 0, 0.008, 0.00758, 0.00389, 0.002, 0.00211, 0, 0, 0.00758, 0.00718, 0.00369, 0.00189, 0.002, 0, 0, 0.01476, 0.01399, 0.00718, 0.00369, 0.00389, 0, 0, 0.02875, 0.02725, 0.01399, 0.00718, 0.00758, 0, 0, 0.28016, 0.26551, 0.13632, 0.06999, 0.07385, 0, 0, 0, 0, 0, 0, 0, 0], [0, 0, 0, 0, 0, 0, 0, 0, 0.00411, 0.00389, 0.00758, 0.00389, 0.00411, 0, 0, 0.00389, 0.00369, 0.00718, 0.00369, 0.00389, 0, 0, 0.00758, 0.00718, 0.01399, 0.00718, 0.00758, 0, 0, 0.01476, 0.01399, 0.02725, 0.01399, 0.01476, 0, 0, 0.14384, 0.13632, 0.26551, 0.13632, 0.14384, 0, 0, 0, 0, 0, 0, 0, 0], [0, 0, 0, 0, 0, 0, 0, 0, 0.00211, 0.002, 0.00389, 0.00758, 0.008, 0, 0, 0.002, 0.00189, 0.00369, 0.00718, 0.00758, 0, 0, 0.00389, 0.00369, 0.00718, 0.01399, 0.01476, 0, 0, 0.00758, 0.00718, 0.01399, 0.02725, 0.02875, 0, 0, 0.07385, 0.06999, 0.13632, 0.26551, 0.28016, 0, 0, 0, 0, 0, 0, 0, 0], [0, 0, 0, 0, 0, 0, 0, 0, 0.00108, 0.00103, 0.002, 0.00389, 0.01558, 0, 0, 0.00103, 0.00097, 0.00189, 0.00369, 0.01476, 0, 0, 0.002, 0.00189, 0.00369, 0.00718, 0.02875, 0, 0, 0.00389, 0.00369, 0.00718, 0.01399, 0.056, 0, 0, 0.03792, 0.03593, 0.06999, 0.13632, 0.54567, 0, 0, 0, 0, 0, 0, 0, 0], [0, 0, 0, 0, 0, 0, 0, 0, 0.00056, 0.00053, 0.00103, 0.002, 0.01947, 0, 0, 0.00053, 0.0005, 0.00097, 0.00189, 0.01845, 0, 0, 0.00103, 0.00097, 0.00189, 0.00369, 0.03593, 0, 0, 0.002, 0.00189, 0.00369, 0.00718, 0.06999, 0, 0, 0.01947, 0.01845, 0.03593, 0.06999, 0.68199, 0, 0, 0, 0, 0, 0, 0, 0]]