[[0.82928, 0.06586, 0.00589, 0.00052, 5e-05, 0.06586, 0.02105, 0.00189, 0.00017, 2e-05, 0.00589, 0.00189, 0.00071, 6e-05, 0, 0.00052, 0.00017, 6e-05, 2e-05, 0, 5e-05, 2e-05, 0, 0, 0], [0.07399, 0.73819, 0.06602, 0.00588, 0.00059, 0.02445, 0.05669, 0.02118, 0.00188, 0.00019, 0.00219, 0.00509, 0.0019, 0.0007, 7e-05, 0.00019, 0.00045, 0.00017, 6e-05, 3e-05, 2e-05, 5e-05, 2e-05, 0, 0], [0.0066, 0.06586, 0.74002, 0.06586, 0.0066, 0.00218, 0.02105, 0.05705, 0.02105, 0.00218, 0.00081, 0.00189, 0.00512, 0.00189, 0.00081, 7e-05, 0.00017, 0.00045, 0.00017, 7e-05, 0, 2e-05, 5e-05, 2e-05, 0], [0.00059, 0.00588, 0.06602, 0.73819, 0.07399, 0.00019, 0.00188, 0.02118, 0.05669, 0.02445, 7e-05, 0.0007, 0.0019, 0.00509, 0.00219, 3e-05, 6e-05, 0.00017, 0.00045, 0.00019, 0, 0, 2e-05, 5e-05, 2e-05], [5e-05, 0.00052, 0.00589, 0.06586, 0.82928, 2e-05, 0.00017, 0.00189, 0.02105, 0.06586, 0, 6e-05, 0.00071, 0.00189, 0.00589, 0, 2e-05, 6e-05, 0.00017, 0.00052, 0, 0, 0, 2e-05, 5e-05], [0.07399, 0.02445, 0.00219, 0.00019, 2e-05, 0.73819, 0.05669, 0.00509, 0.00045, 5e-05, 0.06602, 0.02118, 0.0019, 0.00017, 2e-05, 0.00588, 0.00188, 0.0007, 6e-05, 0, 0.00059, 0.00019, 7e-05, 3e-05, 0], [0.02747, 0.06586, 0.02451, 0.00218, 0.00022, 0.06586, 0.63539, 0.05705, 0.00506, 0.00052, 0.02451, 0.05705, 0.0213, 0.00189, 0.0002, 0.00218, 0.00506, 0.00189, 0.0007, 7e-05, 0.00022, 0.00052, 0.0002, 7e-05, 3e-05], [0.00245, 0.02445, 0.06602, 0.02445, 0.00245, 0.00588, 0.05669, 0.6394, 0.05669, 0.00588, 0.00219, 0.02118, 0.05737, 0.02118, 0.00219, 0.00081, 0.00188, 0.00509, 0.00188, 0.00081, 8e-05, 0.00019, 0.00053, 0.00019, 8e-05], [0.00022, 0.00218, 0.02451, 0.06586, 0.02747, 0.00052, 0.00506, 0.05705, 0.63539, 0.06586, 0.0002, 0.00189, 0.0213, 0.05705, 0.02451, 7e-05, 0.0007, 0.00189, 0.00506, 0.00218, 3e-05, 7e-05, 0.0002, 0.00052, 0.00022], [2e-05, 0.00019, 0.00219, 0.02445, 0.07399, 5e-05, 0.00045, 0.00509, 0.05669, 0.73819, 2e-05, 0.00017, 0.0019, 0.02118, 0.06602, 0, 6e-05, 0.0007, 0.00188, 0.00588, 0, 3e-05, 7e-05, 0.00019, 0.00059], [0.0066, 0.00218, 0.00081, 7e-05, 0, 0.06586, 0.02105, 0.00189, 0.00017, 2e-05, 0.74002, 0.05705, 0.00512, 0.00045, 5e-05, 0.06586, 0.02105, 0.00189, 0.00017, 2e-05, 0.0066, 0.00218, 0.00081, 7e-05, 0], [0.00245, 0.00588, 0.00219, 0.00081, 8e-05, 0.02445, 0.05669, 0.02118, 0.00188, 0.00019, 0.06602, 0.6394, 0.05737, 0.00509, 0.00053, 0.02445, 0.05669, 0.02118, 0.00188, 0.00019, 0.00245, 0.00588, 0.00219, 0.00081, 8e-05], [0.00091, 0.00218, 0.00589, 0.00218, 0.00091, 0.00218, 0.02105, 0.05705, 0.02105, 0.00218, 0.00589, 0.05705, 0.64297, 0.05705, 0.00589, 0.00218, 0.02105, 0.05705, 0.02105, 0.00218, 0.00091, 0.00218, 0.00589, 0.00218, 0.00091], [8e-05, 0.00081, 0.00219, 0.00588, 0.00245, 0.00019, 0.00188, 0.02118, 0.05669, 0.02445, 0.00053, 0.00509, 0.05737, 0.6394, 0.06602, 0.00019, 0.00188, 0.02118, 0.05669, 0.02445, 8e-05, 0.00081, 0.00219, 0.00588, 0.00245], [0, 7e-05, 0.00081, 0.00218, 0.0066, 2e-05, 0.00017, 0.00189, 0.02105, 0.06586, 5e-05, 0.00045, 0.00512, 0.05705, 0.74002, 2e-05, 0.00017, 0.00189, 0.02105, 0.06586, 0, 7e-05, 0.00081, 0.00218, 0.0066], [0.00059, 0.00019, 7e-05, 3e-05, 0, 0.00588, 0.00188, 0.0007, 6e-05, 0, 0.06602, 0.02118, 0.0019, 0.00017, 2e-05, 0.73819, 0.05669, 0.00509, 0.00045, 5e-05, 0.07399, 0.02445, 0.00219, 0.00019, 2e-05], [0.00022, 0.00052, 0.0002, 7e-05, 3e-05, 0.00218, 0.00506, 0.00189, 0.0007, 7e-05, 0.02451, 0.05705, 0.0213, 0.00189, 0.0002, 0.06586, 0.63539, 0.05705, 0.00506, 0.00052, 0.02747, 0.06586, 0.02451, 0.00218, 0.00022], [8e-05, 0.00019, 0.00053, 0.00019, 8e-05, 0.00081, 0.00188, 0.00509, 0.00188, 0.00081, 0.00219, 0.02118, 0.05737, 0.02118, 0.00219, 0.00588, 0.05669, 0.6394, 0.05669, 0.00588, 0.00245, 0.02445, 0.06602, 0.02445, 0.00245], [3e-05, 7e-05, 0.0002, 0.00052, 0.00022, 7e-05, 0.0007, 0.00189, 0.00506, 0.00218, 0.0002, 0.00189, 0.0213, 0.05705, 0.02451, 0.00052, 0.00506, 0.05705, 0.63539, 0.06586, 0.00022, 0.00218, 0.02451, 0.06586, 0.02747], [0, 3e-05, 7e-05, 0.00019, 0.00059, 0, 6e-05, 0.0007, 0.00188, 0.00588, 2e-05, 0.00017, 0.0019, 0.02118, 0.06602, 5e-05, 0.00045, 0.00509, 0.05669, 0.73819, 2e-05, 0.00019, 0.00219, 0.02445, 0.07399], [5e-05, 2e-05, 0, 0, 0, 0.00052, 0.00017, 6e-05, 2e-05, 0, 0.00589, 0.00189, 0.00071, 6e-05, 0, 0.06586, 0.02105, 0.00189, 0.00017, 2e-05, 0.82928, 0.06586, 0.00589, 0.00052, 5e-05], [2e-05, 5e-05, 2e-05, 0, 0, 0.00019, 0.00045, 0.00017, 6e-05, 3e-05, 0.00219, 0.00509, 0.0019, 0.0007, 7e-05, 0.02445, 0.05669, 0.02118, 0.00188, 0.00019, 0.07399, 0.73819, 0.06602, 0.00588, 0.00059], [0, 2e-05, 5e-05, 2e-05, 0, 7e-05, 0.00017, 0.00045, 0.00017, 7e-05, 0.00081, 0.00189, 0.00512, 0.00189, 0.00081, 0.00218, 0.02105, 0.05705, 0.02105, 0.00218, 0.0066, 0.06586, 0.74002, 0.06586, 0.0066], [0, 0, 2e-05, 5e-05, 2e-05, 3e-05, 6e-05, 0.00017, 0.00045, 0.00019, 7e-05, 0.0007, 0.0019, 0.00509, 0.00219, 0.00019, 0.00188, 0.02118, 0.05669, 0.02445, 0.00059, 0.00588, 0.06602, 0.73819, 0.07399], [0, 0, 0, 2e-05, 5e-05, 0, 2e-05, 6e-05, 0.00017, 0.00052, 0, 6e-05, 0.00071, 0.00189, 0.00589, 2e-05, 0.00017, 0.00189, 0.02105, 0.06586, 5e-05, 0.00052, 0.00589, 0.06586, 0.82928]]