[[0.67177, 0.10484, 0.02207, 0.00452, 0.00125, 0.10484, 0.03583, 0.00784, 0.00155, 0.00049, 0.02207, 0.00784, 0.00425, 0.00085, 0.00026, 0.00452, 0.00155, 0.00085, 0.00043, 0.00014, 0.00125, 0.00049, 0.00026, 0.00014, 0.0001], [0.13956, 0.50464, 0.10624, 0.02178, 0.00602, 0.05504, 0.06823, 0.03772, 0.00744, 0.00238, 0.01159, 0.01493, 0.0081, 0.00411, 0.00126, 0.00238, 0.00294, 0.00163, 0.00081, 0.00065, 0.00066, 0.00094, 0.0005, 0.00026, 0.00018], [0.02899, 0.10484, 0.51138, 0.10484, 0.02899, 0.01144, 0.03583, 0.07184, 0.03583, 0.01144, 0.00608, 0.00784, 0.01543, 0.00784, 0.00608, 0.00125, 0.00155, 0.0031, 0.00155, 0.00125, 0.00034, 0.00049, 0.00095, 0.00049, 0.00034], [0.00602, 0.02178, 0.10624, 0.50464, 0.13956, 0.00238, 0.00744, 0.03772, 0.06823, 0.05504, 0.00126, 0.00411, 0.0081, 0.01493, 0.01159, 0.00065, 0.00081, 0.00163, 0.00294, 0.00238, 0.00018, 0.00026, 0.0005, 0.00094, 0.00066], [0.00125, 0.00452, 0.02207, 0.10484, 0.67177, 0.00049, 0.00155, 0.00784, 0.03583, 0.10484, 0.00026, 0.00085, 0.00425, 0.00784, 0.02207, 0.00014, 0.00043, 0.00085, 0.00155, 0.00452, 0.0001, 0.00014, 0.00026, 0.00049, 0.00125], [0.13956, 0.05504, 0.01159, 0.00238, 0.00066, 0.50464, 0.06823, 0.01493, 0.00294, 0.00094, 0.10624, 0.03772, 0.0081, 0.00163, 0.0005, 0.02178, 0.00744, 0.00411, 0.00081, 0.00026, 0.00602, 0.00238, 0.00126, 0.00065, 0.00018], [0.07327, 0.10484, 0.05578, 0.01144, 0.00316, 0.10484, 0.32844, 0.07184, 0.01418, 0.00452, 0.05578, 0.07184, 0.039, 0.00784, 0.00241, 0.01144, 0.01418, 0.00784, 0.00391, 0.00125, 0.00316, 0.00452, 0.00241, 0.00125, 0.00087], [0.01522, 0.05504, 0.10624, 0.05504, 0.01522, 0.02178, 0.06823, 0.34582, 0.06823, 0.02178, 0.01159, 0.03772, 0.07429, 0.03772, 0.01159, 0.006, 0.00744, 0.01493, 0.00744, 0.006, 0.00166, 0.00238, 0.00459, 0.00238, 0.00166], [0.00316, 0.01144, 0.05578, 0.10484, 0.07327, 0.00452, 0.01418, 0.07184, 0.32844, 0.10484, 0.00241, 0.00784, 0.039, 0.07184, 0.05578, 0.00125, 0.00391, 0.00784, 0.01418, 0.01144, 0.00087, 0.00125, 0.00241, 0.00452, 0.00316], [0.00066, 0.00238, 0.01159, 0.05504, 0.13956, 0.00094, 0.00294, 0.01493, 0.06823, 0.50464, 0.0005, 0.00163, 0.0081, 0.03772, 0.10624, 0.00026, 0.00081, 0.00411, 0.00744, 0.02178, 0.00018, 0.00065, 0.00126, 0.00238, 0.00602], [0.02899, 0.01144, 0.00608, 0.00125, 0.00034, 0.10484, 0.03583, 0.00784, 0.00155, 0.00049, 0.51138, 0.07184, 0.01543, 0.0031, 0.00095, 0.10484, 0.03583, 0.00784, 0.00155, 0.00049, 0.02899, 0.01144, 0.00608, 0.00125, 0.00034], [0.01522, 0.02178, 0.01159, 0.006, 0.00166, 0.05504, 0.06823, 0.03772, 0.00744, 0.00238, 0.10624, 0.34582, 0.07429, 0.01493, 0.00459, 0.05504, 0.06823, 0.03772, 0.00744, 0.00238, 0.01522, 0.02178, 0.01159, 0.006, 0.00166], [0.00799, 0.01144, 0.02207, 0.01144, 0.00799, 0.01144, 0.03583, 0.07184, 0.03583, 0.01144, 0.02207, 0.07184, 0.35759, 0.07184, 0.02207, 0.01144, 0.03583, 0.07184, 0.03583, 0.01144, 0.00799, 0.01144, 0.02207, 0.01144, 0.00799], [0.00166, 0.006, 0.01159, 0.02178, 0.01522, 0.00238, 0.00744, 0.03772, 0.06823, 0.05504, 0.00459, 0.01493, 0.07429, 0.34582, 0.10624, 0.00238, 0.00744, 0.03772, 0.06823, 0.05504, 0.00166, 0.006, 0.01159, 0.02178, 0.01522], [0.00034, 0.00125, 0.00608, 0.01144, 0.02899, 0.00049, 0.00155, 0.00784, 0.03583, 0.10484, 0.00095, 0.0031, 0.01543, 0.07184, 0.51138, 0.00049, 0.00155, 0.00784, 0.03583, 0.10484, 0.00034, 0.00125, 0.00608, 0.01144, 0.02899], [0.00602, 0.00238, 0.00126, 0.00065, 0.00018, 0.02178, 0.00744, 0.00411, 0.00081, 0.00026, 0.10624, 0.03772, 0.0081, 0.00163, 0.0005, 0.50464, 0.06823, 0.01493, 0.00294, 0.00094, 0.13956, 0.05504, 0.01159, 0.00238, 0.00066], [0.00316, 0.00452, 0.00241, 0.00125, 0.00087, 0.01144, 0.01418, 0.00784, 0.00391, 0.00125, 0.05578, 0.07184, 0.039, 0.00784, 0.00241, 0.10484, 0.32844, 0.07184, 0.01418, 0.00452, 0.07327, 0.10484, 0.05578, 0.01144, 0.00316], [0.00166, 0.00238, 0.00459, 0.00238, 0.00166, 0.006, 0.00744, 0.01493, 0.00744, 0.006, 0.01159, 0.03772, 0.07429, 0.03772, 0.01159, 0.02178, 0.06823, 0.34582, 0.06823, 0.02178, 0.01522, 0.05504, 0.10624, 0.05504, 0.01522], [0.00087, 0.00125, 0.00241, 0.00452, 0.00316, 0.00125, 0.00391, 0.00784, 0.01418, 0.01144, 0.00241, 0.00784, 0.039, 0.07184, 0.05578, 0.00452, 0.01418, 0.07184, 0.32844, 0.10484, 0.00316, 0.01144, 0.05578, 0.10484, 0.07327], [0.00018, 0.00065, 0.00126, 0.00238, 0.00602, 0.00026, 0.00081, 0.00411, 0.00744, 0.02178, 0.0005, 0.00163, 0.0081, 0.03772, 0.10624, 0.00094, 0.00294, 0.01493, 0.06823, 0.50464, 0.00066, 0.00238, 0.01159, 0.05504, 0.13956], [0.00125, 0.00049, 0.00026, 0.00014, 0.0001, 0.00452, 0.00155, 0.00085, 0.00043, 0.00014, 0.02207, 0.00784, 0.00425, 0.00085, 0.00026, 0.10484, 0.03583, 0.00784, 0.00155, 0.00049, 0.67177, 0.10484, 0.02207, 0.00452, 0.00125], [0.00066, 0.00094, 0.0005, 0.00026, 0.00018, 0.00238, 0.00294, 0.00163, 0.00081, 0.00065, 0.01159, 0.01493, 0.0081, 0.00411, 0.00126, 0.05504, 0.06823, 0.03772, 0.00744, 0.00238, 0.13956, 0.50464, 0.10624, 0.02178, 0.00602], [0.00034, 0.00049, 0.00095, 0.00049, 0.00034, 0.00125, 0.00155, 0.0031, 0.00155, 0.00125, 0.00608, 0.00784, 0.01543, 0.00784, 0.00608, 0.01144, 0.03583, 0.07184, 0.03583, 0.01144, 0.02899, 0.10484, 0.51138, 0.10484, 0.02899], [0.00018, 0.00026, 0.0005, 0.00094, 0.00066, 0.00065, 0.00081, 0.00163, 0.00294, 0.00238, 0.00126, 0.00411, 0.0081, 0.01493, 0.01159, 0.00238, 0.00744, 0.03772, 0.06823, 0.05504, 0.00602, 0.02178, 0.10624, 0.50464, 0.13956], [0.0001, 0.00014, 0.00026, 0.00049, 0.00125, 0.00014, 0.00043, 0.00085, 0.00155, 0.00452, 0.00026, 0.00085, 0.00425, 0.00784, 0.02207, 0.00049, 0.00155, 0.00784, 0.03583, 0.10484, 0.00125, 0.00452, 0.02207, 0.10484, 0.67177]]