[[0.81678, 0.06975, 0.00678, 0.00066, 7e-05, 0.06975, 0.02271, 0.00222, 0.00021, 2e-05, 0.00678, 0.00222, 0.00086, 8e-05, 0, 0.00066, 0.00021, 8e-05, 3e-05, 0, 7e-05, 2e-05, 0, 0, 0], [0.0792, 0.71925, 0.06995, 0.00676, 0.00074, 0.02679, 0.05911, 0.02288, 0.0022, 0.00025, 0.00261, 0.00578, 0.00223, 0.00085, 0.0001, 0.00025, 0.00056, 0.00022, 8e-05, 4e-05, 3e-05, 6e-05, 2e-05, 0, 0], [0.00768, 0.06975, 0.72139, 0.06975, 0.00768, 0.0026, 0.02271, 0.05957, 0.02271, 0.0026, 0.001, 0.00222, 0.00582, 0.00222, 0.001, 0.0001, 0.00021, 0.00056, 0.00021, 0.0001, 1e-05, 2e-05, 6e-05, 2e-05, 1e-05], [0.00074, 0.00676, 0.06995, 0.71925, 0.0792, 0.00025, 0.0022, 0.02288, 0.05911, 0.02679, 0.0001, 0.00085, 0.00223, 0.00578, 0.00261, 4e-05, 8e-05, 0.00022, 0.00056, 0.00025, 0, 0, 2e-05, 6e-05, 3e-05], [7e-05, 0.00066, 0.00678, 0.06975, 0.81678, 2e-05, 0.00021, 0.00222, 0.02271, 0.06975, 0, 8e-05, 0.00086, 0.00222, 0.00678, 0, 3e-05, 8e-05, 0.00021, 0.00066, 0, 0, 0, 2e-05, 7e-05], [0.0792, 0.02679, 0.00261, 0.00025, 3e-05, 0.71925, 0.05911, 0.00578, 0.00056, 6e-05, 0.06995, 0.02288, 0.00223, 0.00022, 2e-05, 0.00676, 0.0022, 0.00085, 8e-05, 0, 0.00074, 0.00025, 0.0001, 4e-05, 0], [0.03043, 0.06975, 0.02687, 0.0026, 0.00029, 0.06975, 0.60958, 0.05957, 0.00573, 0.00066, 0.02687, 0.05957, 0.02304, 0.00222, 0.00025, 0.0026, 0.00573, 0.00222, 0.00085, 0.0001, 0.00029, 0.00066, 0.00025, 0.0001, 4e-05], [0.00295, 0.02679, 0.06995, 0.02679, 0.00295, 0.00676, 0.05911, 0.61429, 0.05911, 0.00676, 0.00261, 0.02288, 0.05997, 0.02288, 0.00261, 0.001, 0.0022, 0.00578, 0.0022, 0.001, 0.00011, 0.00025, 0.00066, 0.00025, 0.00011], [0.00029, 0.0026, 0.02687, 0.06975, 0.03043, 0.00066, 0.00573, 0.05957, 0.60958, 0.06975, 0.00025, 0.00222, 0.02304, 0.05957, 0.02687, 0.0001, 0.00085, 0.00222, 0.00573, 0.0026, 4e-05, 0.0001, 0.00025, 0.00066, 0.00029], [3e-05, 0.00025, 0.00261, 0.02679, 0.0792, 6e-05, 0.00056, 0.00578, 0.05911, 0.71925, 2e-05, 0.00022, 0.00223, 0.02288, 0.06995, 0, 8e-05, 0.00085, 0.0022, 0.00676, 0, 4e-05, 0.0001, 0.00025, 0.00074], [0.00768, 0.0026, 0.001, 0.0001, 1e-05, 0.06975, 0.02271, 0.00222, 0.00021, 2e-05, 0.72139, 0.05957, 0.00582, 0.00056, 6e-05, 0.06975, 0.02271, 0.00222, 0.00021, 2e-05, 0.00768, 0.0026, 0.001, 0.0001, 1e-05], [0.00295, 0.00676, 0.00261, 0.001, 0.00011, 0.02679, 0.05911, 0.02288, 0.0022, 0.00025, 0.06995, 0.61429, 0.05997, 0.00578, 0.00066, 0.02679, 0.05911, 0.02288, 0.0022, 0.00025, 0.00295, 0.00676, 0.00261, 0.001, 0.00011], [0.00113, 0.0026, 0.00678, 0.0026, 0.00113, 0.0026, 0.02271, 0.05957, 0.02271, 0.0026, 0.00678, 0.05957, 0.61843, 0.05957, 0.00678, 0.0026, 0.02271, 0.05957, 0.02271, 0.0026, 0.00113, 0.0026, 0.00678, 0.0026, 0.00113], [0.00011, 0.001, 0.00261, 0.00676, 0.00295, 0.00025, 0.0022, 0.02288, 0.05911, 0.02679, 0.00066, 0.00578, 0.05997, 0.61429, 0.06995, 0.00025, 0.0022, 0.02288, 0.05911, 0.02679, 0.00011, 0.001, 0.00261, 0.00676, 0.00295], [1e-05, 0.0001, 0.001, 0.0026, 0.00768, 2e-05, 0.00021, 0.00222, 0.02271, 0.06975, 6e-05, 0.00056, 0.00582, 0.05957, 0.72139, 2e-05, 0.00021, 0.00222, 0.02271, 0.06975, 1e-05, 0.0001, 0.001, 0.0026, 0.00768], [0.00074, 0.00025, 0.0001, 4e-05, 0, 0.00676, 0.0022, 0.00085, 8e-05, 0, 0.06995, 0.02288, 0.00223, 0.00022, 2e-05, 0.71925, 0.05911, 0.00578, 0.00056, 6e-05, 0.0792, 0.02679, 0.00261, 0.00025, 3e-05], [0.00029, 0.00066, 0.00025, 0.0001, 4e-05, 0.0026, 0.00573, 0.00222, 0.00085, 0.0001, 0.02687, 0.05957, 0.02304, 0.00222, 0.00025, 0.06975, 0.60958, 0.05957, 0.00573, 0.00066, 0.03043, 0.06975, 0.02687, 0.0026, 0.00029], [0.00011, 0.00025, 0.00066, 0.00025, 0.00011, 0.001, 0.0022, 0.00578, 0.0022, 0.001, 0.00261, 0.02288, 0.05997, 0.02288, 0.00261, 0.00676, 0.05911, 0.61429, 0.05911, 0.00676, 0.00295, 0.02679, 0.06995, 0.02679, 0.00295], [4e-05, 0.0001, 0.00025, 0.00066, 0.00029, 0.0001, 0.00085, 0.00222, 0.00573, 0.0026, 0.00025, 0.00222, 0.02304, 0.05957, 0.02687, 0.00066, 0.00573, 0.05957, 0.60958, 0.06975, 0.00029, 0.0026, 0.02687, 0.06975, 0.03043], [0, 4e-05, 0.0001, 0.00025, 0.00074, 0, 8e-05, 0.00085, 0.0022, 0.00676, 2e-05, 0.00022, 0.00223, 0.02288, 0.06995, 6e-05, 0.00056, 0.00578, 0.05911, 0.71925, 3e-05, 0.00025, 0.00261, 0.02679, 0.0792], [7e-05, 2e-05, 0, 0, 0, 0.00066, 0.00021, 8e-05, 3e-05, 0, 0.00678, 0.00222, 0.00086, 8e-05, 0, 0.06975, 0.02271, 0.00222, 0.00021, 2e-05, 0.81678, 0.06975, 0.00678, 0.00066, 7e-05], [3e-05, 6e-05, 2e-05, 0, 0, 0.00025, 0.00056, 0.00022, 8e-05, 4e-05, 0.00261, 0.00578, 0.00223, 0.00085, 0.0001, 0.02679, 0.05911, 0.02288, 0.0022, 0.00025, 0.0792, 0.71925, 0.06995, 0.00676, 0.00074], [1e-05, 2e-05, 6e-05, 2e-05, 1e-05, 0.0001, 0.00021, 0.00056, 0.00021, 0.0001, 0.001, 0.00222, 0.00582, 0.00222, 0.001, 0.0026, 0.02271, 0.05957, 0.02271, 0.0026, 0.00768, 0.06975, 0.72139, 0.06975, 0.00768], [0, 0, 2e-05, 6e-05, 3e-05, 4e-05, 8e-05, 0.00022, 0.00056, 0.00025, 0.0001, 0.00085, 0.00223, 0.00578, 0.00261, 0.00025, 0.0022, 0.02288, 0.05911, 0.02679, 0.00074, 0.00676, 0.06995, 0.71925, 0.0792], [0, 0, 0, 2e-05, 7e-05, 0, 3e-05, 8e-05, 0.00021, 0.00066, 0, 8e-05, 0.00086, 0.00222, 0.00678, 2e-05, 0.00021, 0.00222, 0.02271, 0.06975, 7e-05, 0.00066, 0.00678, 0.06975, 0.81678]]