[[0.80045, 0.07463, 0.00805, 0.00086, 0.00011, 0.07463, 0.02481, 0.00269, 0.00029, 4e-05, 0.00805, 0.00269, 0.00109, 0.00012, 1e-05, 0.00086, 0.00029, 0.00012, 5e-05, 0, 0.00011, 4e-05, 1e-05, 0, 0], [0.08601, 0.69461, 0.07491, 0.00802, 0.00099, 0.0299, 0.06191, 0.02505, 0.00267, 0.00035, 0.00322, 0.00672, 0.00271, 0.00108, 0.00014, 0.00035, 0.00071, 0.00029, 0.00011, 6e-05, 4e-05, 9e-05, 4e-05, 1e-05, 0], [0.00924, 0.07463, 0.69718, 0.07463, 0.00924, 0.00321, 0.02481, 0.06252, 0.02481, 0.00321, 0.00129, 0.00269, 0.00677, 0.00269, 0.00129, 0.00014, 0.00029, 0.00072, 0.00029, 0.00014, 2e-05, 4e-05, 9e-05, 4e-05, 2e-05], [0.00099, 0.00802, 0.07491, 0.69461, 0.08601, 0.00035, 0.00267, 0.02505, 0.06191, 0.0299, 0.00014, 0.00108, 0.00271, 0.00672, 0.00322, 6e-05, 0.00011, 0.00029, 0.00071, 0.00035, 0, 1e-05, 4e-05, 9e-05, 4e-05], [0.00011, 0.00086, 0.00805, 0.07463, 0.80045, 4e-05, 0.00029, 0.00269, 0.02481, 0.07463, 1e-05, 0.00012, 0.00109, 0.00269, 0.00805, 0, 5e-05, 0.00012, 0.00029, 0.00086, 0, 0, 1e-05, 4e-05, 0.00011], [0.08601, 0.0299, 0.00322, 0.00035, 4e-05, 0.69461, 0.06191, 0.00672, 0.00071, 9e-05, 0.07491, 0.02505, 0.00271, 0.00029, 4e-05, 0.00802, 0.00267, 0.00108, 0.00011, 1e-05, 0.00099, 0.00035, 0.00014, 6e-05, 0], [0.03446, 0.07463, 0.03001, 0.00321, 0.0004, 0.07463, 0.5762, 0.06252, 0.00665, 0.00086, 0.03001, 0.06252, 0.02526, 0.00269, 0.00035, 0.00321, 0.00665, 0.00269, 0.00107, 0.00014, 0.0004, 0.00086, 0.00035, 0.00014, 6e-05], [0.0037, 0.0299, 0.07491, 0.0299, 0.0037, 0.00802, 0.06191, 0.58192, 0.06191, 0.00802, 0.00322, 0.02505, 0.06305, 0.02505, 0.00322, 0.00129, 0.00267, 0.00672, 0.00267, 0.00129, 0.00016, 0.00035, 0.00086, 0.00035, 0.00016], [0.0004, 0.00321, 0.03001, 0.07463, 0.03446, 0.00086, 0.00665, 0.06252, 0.5762, 0.07463, 0.00035, 0.00269, 0.02526, 0.06252, 0.03001, 0.00014, 0.00107, 0.00269, 0.00665, 0.00321, 6e-05, 0.00014, 0.00035, 0.00086, 0.0004], [4e-05, 0.00035, 0.00322, 0.0299, 0.08601, 9e-05, 0.00071, 0.00672, 0.06191, 0.69461, 4e-05, 0.00029, 0.00271, 0.02505, 0.07491, 1e-05, 0.00011, 0.00108, 0.00267, 0.00802, 0, 6e-05, 0.00014, 0.00035, 0.00099], [0.00924, 0.00321, 0.00129, 0.00014, 2e-05, 0.07463, 0.02481, 0.00269, 0.00029, 4e-05, 0.69718, 0.06252, 0.00677, 0.00072, 9e-05, 0.07463, 0.02481, 0.00269, 0.00029, 4e-05, 0.00924, 0.00321, 0.00129, 0.00014, 2e-05], [0.0037, 0.00802, 0.00322, 0.00129, 0.00016, 0.0299, 0.06191, 0.02505, 0.00267, 0.00035, 0.07491, 0.58192, 0.06305, 0.00672, 0.00086, 0.0299, 0.06191, 0.02505, 0.00267, 0.00035, 0.0037, 0.00802, 0.00322, 0.00129, 0.00016], [0.00148, 0.00321, 0.00805, 0.00321, 0.00148, 0.00321, 0.02481, 0.06252, 0.02481, 0.00321, 0.00805, 0.06252, 0.58685, 0.06252, 0.00805, 0.00321, 0.02481, 0.06252, 0.02481, 0.00321, 0.00148, 0.00321, 0.00805, 0.00321, 0.00148], [0.00016, 0.00129, 0.00322, 0.00802, 0.0037, 0.00035, 0.00267, 0.02505, 0.06191, 0.0299, 0.00086, 0.00672, 0.06305, 0.58192, 0.07491, 0.00035, 0.00267, 0.02505, 0.06191, 0.0299, 0.00016, 0.00129, 0.00322, 0.00802, 0.0037], [2e-05, 0.00014, 0.00129, 0.00321, 0.00924, 4e-05, 0.00029, 0.00269, 0.02481, 0.07463, 9e-05, 0.00072, 0.00677, 0.06252, 0.69718, 4e-05, 0.00029, 0.00269, 0.02481, 0.07463, 2e-05, 0.00014, 0.00129, 0.00321, 0.00924], [0.00099, 0.00035, 0.00014, 6e-05, 0, 0.00802, 0.00267, 0.00108, 0.00011, 1e-05, 0.07491, 0.02505, 0.00271, 0.00029, 4e-05, 0.69461, 0.06191, 0.00672, 0.00071, 9e-05, 0.08601, 0.0299, 0.00322, 0.00035, 4e-05], [0.0004, 0.00086, 0.00035, 0.00014, 6e-05, 0.00321, 0.00665, 0.00269, 0.00107, 0.00014, 0.03001, 0.06252, 0.02526, 0.00269, 0.00035, 0.07463, 0.5762, 0.06252, 0.00665, 0.00086, 0.03446, 0.07463, 0.03001, 0.00321, 0.0004], [0.00016, 0.00035, 0.00086, 0.00035, 0.00016, 0.00129, 0.00267, 0.00672, 0.00267, 0.00129, 0.00322, 0.02505, 0.06305, 0.02505, 0.00322, 0.00802, 0.06191, 0.58192, 0.06191, 0.00802, 0.0037, 0.0299, 0.07491, 0.0299, 0.0037], [6e-05, 0.00014, 0.00035, 0.00086, 0.0004, 0.00014, 0.00107, 0.00269, 0.00665, 0.00321, 0.00035, 0.00269, 0.02526, 0.06252, 0.03001, 0.00086, 0.00665, 0.06252, 0.5762, 0.07463, 0.0004, 0.00321, 0.03001, 0.07463, 0.03446], [0, 6e-05, 0.00014, 0.00035, 0.00099, 1e-05, 0.00011, 0.00108, 0.00267, 0.00802, 4e-05, 0.00029, 0.00271, 0.02505, 0.07491, 9e-05, 0.00071, 0.00672, 0.06191, 0.69461, 4e-05, 0.00035, 0.00322, 0.0299, 0.08601], [0.00011, 4e-05, 1e-05, 0, 0, 0.00086, 0.00029, 0.00012, 5e-05, 0, 0.00805, 0.00269, 0.00109, 0.00012, 1e-05, 0.07463, 0.02481, 0.00269, 0.00029, 4e-05, 0.80045, 0.07463, 0.00805, 0.00086, 0.00011], [4e-05, 9e-05, 4e-05, 1e-05, 0, 0.00035, 0.00071, 0.00029, 0.00011, 6e-05, 0.00322, 0.00672, 0.00271, 0.00108, 0.00014, 0.0299, 0.06191, 0.02505, 0.00267, 0.00035, 0.08601, 0.69461, 0.07491, 0.00802, 0.00099], [2e-05, 4e-05, 9e-05, 4e-05, 2e-05, 0.00014, 0.00029, 0.00072, 0.00029, 0.00014, 0.00129, 0.00269, 0.00677, 0.00269, 0.00129, 0.00321, 0.02481, 0.06252, 0.02481, 0.00321, 0.00924, 0.07463, 0.69718, 0.07463, 0.00924], [0, 1e-05, 4e-05, 9e-05, 4e-05, 6e-05, 0.00011, 0.00029, 0.00071, 0.00035, 0.00014, 0.00108, 0.00271, 0.00672, 0.00322, 0.00035, 0.00267, 0.02505, 0.06191, 0.0299, 0.00099, 0.00802, 0.07491, 0.69461, 0.08601], [0, 0, 1e-05, 4e-05, 0.00011, 0, 5e-05, 0.00012, 0.00029, 0.00086, 1e-05, 0.00012, 0.00109, 0.00269, 0.00805, 4e-05, 0.00029, 0.00269, 0.02481, 0.07463, 0.00011, 0.00086, 0.00805, 0.07463, 0.80045]]