[[0.8214, 0.06832, 0.00645, 0.0006, 6e-05, 0.06832, 0.0221, 0.00209, 0.0002, 2e-05, 0.00645, 0.00209, 0.0008, 7e-05, 0, 0.0006, 0.0002, 7e-05, 3e-05, 0, 6e-05, 2e-05, 0, 0, 0], [0.07728, 0.72625, 0.06851, 0.00643, 0.00068, 0.02592, 0.05824, 0.02226, 0.00208, 0.00023, 0.00245, 0.00552, 0.00211, 0.00079, 9e-05, 0.00023, 0.00052, 0.0002, 7e-05, 3e-05, 2e-05, 6e-05, 2e-05, 0, 0], [0.00727, 0.06832, 0.72827, 0.06832, 0.00727, 0.00244, 0.0221, 0.05866, 0.0221, 0.00244, 0.00093, 0.00209, 0.00555, 0.00209, 0.00093, 9e-05, 0.0002, 0.00052, 0.0002, 9e-05, 0, 2e-05, 6e-05, 2e-05, 0], [0.00068, 0.00643, 0.06851, 0.72625, 0.07728, 0.00023, 0.00208, 0.02226, 0.05824, 0.02592, 9e-05, 0.00079, 0.00211, 0.00552, 0.00245, 3e-05, 7e-05, 0.0002, 0.00052, 0.00023, 0, 0, 2e-05, 6e-05, 2e-05], [6e-05, 0.0006, 0.00645, 0.06832, 0.8214, 2e-05, 0.0002, 0.00209, 0.0221, 0.06832, 0, 7e-05, 0.0008, 0.00209, 0.00645, 0, 3e-05, 7e-05, 0.0002, 0.0006, 0, 0, 0, 2e-05, 6e-05], [0.07728, 0.02592, 0.00245, 0.00023, 2e-05, 0.72625, 0.05824, 0.00552, 0.00052, 6e-05, 0.06851, 0.02226, 0.00211, 0.0002, 2e-05, 0.00643, 0.00208, 0.00079, 7e-05, 0, 0.00068, 0.00023, 9e-05, 3e-05, 0], [0.02932, 0.06832, 0.026, 0.00244, 0.00026, 0.06832, 0.6191, 0.05866, 0.00548, 0.0006, 0.026, 0.05866, 0.0224, 0.00209, 0.00023, 0.00244, 0.00548, 0.00209, 0.00079, 9e-05, 0.00026, 0.0006, 0.00023, 9e-05, 4e-05], [0.00276, 0.02592, 0.06851, 0.02592, 0.00276, 0.00643, 0.05824, 0.62355, 0.05824, 0.00643, 0.00245, 0.02226, 0.05903, 0.02226, 0.00245, 0.00093, 0.00208, 0.00552, 0.00208, 0.00093, 0.0001, 0.00023, 0.00061, 0.00023, 0.0001], [0.00026, 0.00244, 0.026, 0.06832, 0.02932, 0.0006, 0.00548, 0.05866, 0.6191, 0.06832, 0.00023, 0.00209, 0.0224, 0.05866, 0.026, 9e-05, 0.00079, 0.00209, 0.00548, 0.00244, 4e-05, 9e-05, 0.00023, 0.0006, 0.00026], [2e-05, 0.00023, 0.00245, 0.02592, 0.07728, 6e-05, 0.00052, 0.00552, 0.05824, 0.72625, 2e-05, 0.0002, 0.00211, 0.02226, 0.06851, 0, 7e-05, 0.00079, 0.00208, 0.00643, 0, 3e-05, 9e-05, 0.00023, 0.00068], [0.00727, 0.00244, 0.00093, 9e-05, 0, 0.06832, 0.0221, 0.00209, 0.0002, 2e-05, 0.72827, 0.05866, 0.00555, 0.00052, 6e-05, 0.06832, 0.0221, 0.00209, 0.0002, 2e-05, 0.00727, 0.00244, 0.00093, 9e-05, 0], [0.00276, 0.00643, 0.00245, 0.00093, 0.0001, 0.02592, 0.05824, 0.02226, 0.00208, 0.00023, 0.06851, 0.62355, 0.05903, 0.00552, 0.00061, 0.02592, 0.05824, 0.02226, 0.00208, 0.00023, 0.00276, 0.00643, 0.00245, 0.00093, 0.0001], [0.00105, 0.00244, 0.00645, 0.00244, 0.00105, 0.00244, 0.0221, 0.05866, 0.0221, 0.00244, 0.00645, 0.05866, 0.62747, 0.05866, 0.00645, 0.00244, 0.0221, 0.05866, 0.0221, 0.00244, 0.00105, 0.00244, 0.00645, 0.00244, 0.00105], [0.0001, 0.00093, 0.00245, 0.00643, 0.00276, 0.00023, 0.00208, 0.02226, 0.05824, 0.02592, 0.00061, 0.00552, 0.05903, 0.62355, 0.06851, 0.00023, 0.00208, 0.02226, 0.05824, 0.02592, 0.0001, 0.00093, 0.00245, 0.00643, 0.00276], [0, 9e-05, 0.00093, 0.00244, 0.00727, 2e-05, 0.0002, 0.00209, 0.0221, 0.06832, 6e-05, 0.00052, 0.00555, 0.05866, 0.72827, 2e-05, 0.0002, 0.00209, 0.0221, 0.06832, 0, 9e-05, 0.00093, 0.00244, 0.00727], [0.00068, 0.00023, 9e-05, 3e-05, 0, 0.00643, 0.00208, 0.00079, 7e-05, 0, 0.06851, 0.02226, 0.00211, 0.0002, 2e-05, 0.72625, 0.05824, 0.00552, 0.00052, 6e-05, 0.07728, 0.02592, 0.00245, 0.00023, 2e-05], [0.00026, 0.0006, 0.00023, 9e-05, 4e-05, 0.00244, 0.00548, 0.00209, 0.00079, 9e-05, 0.026, 0.05866, 0.0224, 0.00209, 0.00023, 0.06832, 0.6191, 0.05866, 0.00548, 0.0006, 0.02932, 0.06832, 0.026, 0.00244, 0.00026], [0.0001, 0.00023, 0.00061, 0.00023, 0.0001, 0.00093, 0.00208, 0.00552, 0.00208, 0.00093, 0.00245, 0.02226, 0.05903, 0.02226, 0.00245, 0.00643, 0.05824, 0.62355, 0.05824, 0.00643, 0.00276, 0.02592, 0.06851, 0.02592, 0.00276], [4e-05, 9e-05, 0.00023, 0.0006, 0.00026, 9e-05, 0.00079, 0.00209, 0.00548, 0.00244, 0.00023, 0.00209, 0.0224, 0.05866, 0.026, 0.0006, 0.00548, 0.05866, 0.6191, 0.06832, 0.00026, 0.00244, 0.026, 0.06832, 0.02932], [0, 3e-05, 9e-05, 0.00023, 0.00068, 0, 7e-05, 0.00079, 0.00208, 0.00643, 2e-05, 0.0002, 0.00211, 0.02226, 0.06851, 6e-05, 0.00052, 0.00552, 0.05824, 0.72625, 2e-05, 0.00023, 0.00245, 0.02592, 0.07728], [6e-05, 2e-05, 0, 0, 0, 0.0006, 0.0002, 7e-05, 3e-05, 0, 0.00645, 0.00209, 0.0008, 7e-05, 0, 0.06832, 0.0221, 0.00209, 0.0002, 2e-05, 0.8214, 0.06832, 0.00645, 0.0006, 6e-05], [2e-05, 6e-05, 2e-05, 0, 0, 0.00023, 0.00052, 0.0002, 7e-05, 3e-05, 0.00245, 0.00552, 0.00211, 0.00079, 9e-05, 0.02592, 0.05824, 0.02226, 0.00208, 0.00023, 0.07728, 0.72625, 0.06851, 0.00643, 0.00068], [0, 2e-05, 6e-05, 2e-05, 0, 9e-05, 0.0002, 0.00052, 0.0002, 9e-05, 0.00093, 0.00209, 0.00555, 0.00209, 0.00093, 0.00244, 0.0221, 0.05866, 0.0221, 0.00244, 0.00727, 0.06832, 0.72827, 0.06832, 0.00727], [0, 0, 2e-05, 6e-05, 2e-05, 3e-05, 7e-05, 0.0002, 0.00052, 0.00023, 9e-05, 0.00079, 0.00211, 0.00552, 0.00245, 0.00023, 0.00208, 0.02226, 0.05824, 0.02592, 0.00068, 0.00643, 0.06851, 0.72625, 0.07728], [0, 0, 0, 2e-05, 6e-05, 0, 3e-05, 7e-05, 0.0002, 0.0006, 0, 7e-05, 0.0008, 0.00209, 0.00645, 2e-05, 0.0002, 0.00209, 0.0221, 0.06832, 6e-05, 0.0006, 0.00645, 0.06832, 0.8214]]