[[0.57333, 0.12108, 0.02946, 0.01205, 0.00568, 0.12108, 0.03376, 0.01282, 0.00336, 0.00237, 0.02946, 0.01282, 0.00801, 0.00252, 0.00114, 0.01205, 0.00336, 0.00252, 0.0013, 0.00092, 0.00568, 0.00237, 0.00114, 0.00092, 0.00086], [0.18084, 0.38386, 0.09339, 0.03819, 0.01799, 0.07544, 0.05419, 0.04063, 0.01065, 0.00751, 0.01835, 0.02057, 0.01285, 0.00799, 0.00361, 0.00751, 0.00539, 0.00404, 0.00209, 0.00291, 0.00354, 0.0038, 0.00183, 0.00148, 0.00137], [0.05704, 0.12108, 0.29607, 0.12108, 0.05704, 0.0238, 0.03376, 0.12881, 0.03376, 0.0238, 0.01144, 0.01282, 0.02063, 0.01282, 0.01144, 0.00468, 0.00336, 0.00649, 0.00336, 0.00468, 0.0022, 0.00237, 0.00293, 0.00237, 0.0022], [0.01799, 0.03819, 0.09339, 0.38386, 0.18084, 0.00751, 0.01065, 0.04063, 0.05419, 0.07544, 0.00361, 0.00799, 0.01285, 0.02057, 0.01835, 0.00291, 0.00209, 0.00404, 0.00539, 0.00751, 0.00137, 0.00148, 0.00183, 0.0038, 0.00354], [0.00568, 0.01205, 0.02946, 0.12108, 0.57333, 0.00237, 0.00336, 0.01282, 0.03376, 0.12108, 0.00114, 0.00252, 0.00801, 0.01282, 0.02946, 0.00092, 0.0013, 0.00252, 0.00336, 0.01205, 0.00086, 0.00092, 0.00114, 0.00237, 0.00568], [0.18084, 0.07544, 0.01835, 0.00751, 0.00354, 0.38386, 0.05419, 0.02057, 0.00539, 0.0038, 0.09339, 0.04063, 0.01285, 0.00404, 0.00183, 0.03819, 0.01065, 0.00799, 0.00209, 0.00148, 0.01799, 0.00751, 0.00361, 0.00291, 0.00137], [0.11268, 0.12108, 0.05819, 0.0238, 0.01121, 0.12108, 0.17179, 0.06521, 0.01709, 0.01205, 0.05819, 0.06521, 0.04075, 0.01282, 0.00579, 0.0238, 0.01709, 0.01282, 0.00664, 0.00468, 0.01121, 0.01205, 0.00579, 0.00468, 0.00435], [0.03554, 0.07544, 0.09339, 0.07544, 0.03554, 0.03819, 0.05419, 0.20674, 0.05419, 0.03819, 0.01835, 0.04063, 0.0654, 0.04063, 0.01835, 0.01483, 0.01065, 0.02057, 0.01065, 0.01483, 0.00698, 0.00751, 0.00929, 0.00751, 0.00698], [0.01121, 0.0238, 0.05819, 0.12108, 0.11268, 0.01205, 0.01709, 0.06521, 0.17179, 0.12108, 0.00579, 0.01282, 0.04075, 0.06521, 0.05819, 0.00468, 0.00664, 0.01282, 0.01709, 0.0238, 0.00435, 0.00468, 0.00579, 0.01205, 0.01121], [0.00354, 0.00751, 0.01835, 0.07544, 0.18084, 0.0038, 0.00539, 0.02057, 0.05419, 0.38386, 0.00183, 0.00404, 0.01285, 0.04063, 0.09339, 0.00148, 0.00209, 0.00799, 0.01065, 0.03819, 0.00137, 0.00291, 0.00361, 0.00751, 0.01799], [0.05704, 0.0238, 0.01144, 0.00468, 0.0022, 0.12108, 0.03376, 0.01282, 0.00336, 0.00237, 0.29607, 0.12881, 0.02063, 0.00649, 0.00293, 0.12108, 0.03376, 0.01282, 0.00336, 0.00237, 0.05704, 0.0238, 0.01144, 0.00468, 0.0022], [0.03554, 0.03819, 0.01835, 0.01483, 0.00698, 0.07544, 0.05419, 0.04063, 0.01065, 0.00751, 0.09339, 0.20674, 0.0654, 0.02057, 0.00929, 0.07544, 0.05419, 0.04063, 0.01065, 0.00751, 0.03554, 0.03819, 0.01835, 0.01483, 0.00698], [0.02214, 0.0238, 0.02946, 0.0238, 0.02214, 0.0238, 0.03376, 0.06521, 0.03376, 0.0238, 0.02946, 0.06521, 0.20735, 0.06521, 0.02946, 0.0238, 0.03376, 0.06521, 0.03376, 0.0238, 0.02214, 0.0238, 0.02946, 0.0238, 0.02214], [0.00698, 0.01483, 0.01835, 0.03819, 0.03554, 0.00751, 0.01065, 0.04063, 0.05419, 0.07544, 0.00929, 0.02057, 0.0654, 0.20674, 0.09339, 0.00751, 0.01065, 0.04063, 0.05419, 0.07544, 0.00698, 0.01483, 0.01835, 0.03819, 0.03554], [0.0022, 0.00468, 0.01144, 0.0238, 0.05704, 0.00237, 0.00336, 0.01282, 0.03376, 0.12108, 0.00293, 0.00649, 0.02063, 0.12881, 0.29607, 0.00237, 0.00336, 0.01282, 0.03376, 0.12108, 0.0022, 0.00468, 0.01144, 0.0238, 0.05704], [0.01799, 0.00751, 0.00361, 0.00291, 0.00137, 0.03819, 0.01065, 0.00799, 0.00209, 0.00148, 0.09339, 0.04063, 0.01285, 0.00404, 0.00183, 0.38386, 0.05419, 0.02057, 0.00539, 0.0038, 0.18084, 0.07544, 0.01835, 0.00751, 0.00354], [0.01121, 0.01205, 0.00579, 0.00468, 0.00435, 0.0238, 0.01709, 0.01282, 0.00664, 0.00468, 0.05819, 0.06521, 0.04075, 0.01282, 0.00579, 0.12108, 0.17179, 0.06521, 0.01709, 0.01205, 0.11268, 0.12108, 0.05819, 0.0238, 0.01121], [0.00698, 0.00751, 0.00929, 0.00751, 0.00698, 0.01483, 0.01065, 0.02057, 0.01065, 0.01483, 0.01835, 0.04063, 0.0654, 0.04063, 0.01835, 0.03819, 0.05419, 0.20674, 0.05419, 0.03819, 0.03554, 0.07544, 0.09339, 0.07544, 0.03554], [0.00435, 0.00468, 0.00579, 0.01205, 0.01121, 0.00468, 0.00664, 0.01282, 0.01709, 0.0238, 0.00579, 0.01282, 0.04075, 0.06521, 0.05819, 0.01205, 0.01709, 0.06521, 0.17179, 0.12108, 0.01121, 0.0238, 0.05819, 0.12108, 0.11268], [0.00137, 0.00291, 0.00361, 0.00751, 0.01799, 0.00148, 0.00209, 0.00799, 0.01065, 0.03819, 0.00183, 0.00404, 0.01285, 0.04063, 0.09339, 0.0038, 0.00539, 0.02057, 0.05419, 0.38386, 0.00354, 0.00751, 0.01835, 0.07544, 0.18084], [0.00568, 0.00237, 0.00114, 0.00092, 0.00086, 0.01205, 0.00336, 0.00252, 0.0013, 0.00092, 0.02946, 0.01282, 0.00801, 0.00252, 0.00114, 0.12108, 0.03376, 0.01282, 0.00336, 0.00237, 0.57333, 0.12108, 0.02946, 0.01205, 0.00568], [0.00354, 0.0038, 0.00183, 0.00148, 0.00137, 0.00751, 0.00539, 0.00404, 0.00209, 0.00291, 0.01835, 0.02057, 0.01285, 0.00799, 0.00361, 0.07544, 0.05419, 0.04063, 0.01065, 0.00751, 0.18084, 0.38386, 0.09339, 0.03819, 0.01799], [0.0022, 0.00237, 0.00293, 0.00237, 0.0022, 0.00468, 0.00336, 0.00649, 0.00336, 0.00468, 0.01144, 0.01282, 0.02063, 0.01282, 0.01144, 0.0238, 0.03376, 0.12881, 0.03376, 0.0238, 0.05704, 0.12108, 0.29607, 0.12108, 0.05704], [0.00137, 0.00148, 0.00183, 0.0038, 0.00354, 0.00291, 0.00209, 0.00404, 0.00539, 0.00751, 0.00361, 0.00799, 0.01285, 0.02057, 0.01835, 0.00751, 0.01065, 0.04063, 0.05419, 0.07544, 0.01799, 0.03819, 0.09339, 0.38386, 0.18084], [0.00086, 0.00092, 0.00114, 0.00237, 0.00568, 0.00092, 0.0013, 0.00252, 0.00336, 0.01205, 0.00114, 0.00252, 0.00801, 0.01282, 0.02946, 0.00237, 0.00336, 0.01282, 0.03376, 0.12108, 0.00568, 0.01205, 0.02946, 0.12108, 0.57333]]