[[0.67443, 0.10438, 0.02171, 0.0044, 0.0012, 0.10438, 0.03574, 0.00771, 0.00151, 0.00047, 0.02171, 0.00771, 0.00416, 0.00083, 0.00025, 0.0044, 0.00151, 0.00083, 0.00041, 0.00013, 0.0012, 0.00047, 0.00025, 0.00013, 9e-05], [0.13845, 0.50846, 0.10575, 0.02143, 0.00583, 0.05454, 0.06841, 0.03757, 0.00734, 0.0023, 0.01134, 0.01476, 0.00797, 0.00403, 0.00122, 0.0023, 0.00288, 0.00158, 0.00079, 0.00063, 0.00063, 0.0009, 0.00048, 0.00025, 0.00017], [0.02842, 0.10438, 0.51511, 0.10438, 0.02842, 0.0112, 0.03574, 0.07191, 0.03574, 0.0112, 0.00593, 0.00771, 0.01525, 0.00771, 0.00593, 0.0012, 0.00151, 0.00303, 0.00151, 0.0012, 0.00033, 0.00047, 0.00091, 0.00047, 0.00033], [0.00583, 0.02143, 0.10575, 0.50846, 0.13845, 0.0023, 0.00734, 0.03757, 0.06841, 0.05454, 0.00122, 0.00403, 0.00797, 0.01476, 0.01134, 0.00063, 0.00079, 0.00158, 0.00288, 0.0023, 0.00017, 0.00025, 0.00048, 0.0009, 0.00063], [0.0012, 0.0044, 0.02171, 0.10438, 0.67443, 0.00047, 0.00151, 0.00771, 0.03574, 0.10438, 0.00025, 0.00083, 0.00416, 0.00771, 0.02171, 0.00013, 0.00041, 0.00083, 0.00151, 0.0044, 9e-05, 0.00013, 0.00025, 0.00047, 0.0012], [0.13845, 0.05454, 0.01134, 0.0023, 0.00063, 0.50846, 0.06841, 0.01476, 0.00288, 0.0009, 0.10575, 0.03757, 0.00797, 0.00158, 0.00048, 0.02143, 0.00734, 0.00403, 0.00079, 0.00025, 0.00583, 0.0023, 0.00122, 0.00063, 0.00017], [0.07234, 0.10438, 0.05525, 0.0112, 0.00305, 0.10438, 0.33323, 0.07191, 0.01404, 0.0044, 0.05525, 0.07191, 0.03882, 0.00771, 0.00233, 0.0112, 0.01404, 0.00771, 0.00383, 0.0012, 0.00305, 0.0044, 0.00233, 0.0012, 0.00083], [0.01485, 0.05454, 0.10575, 0.05454, 0.01485, 0.02143, 0.06841, 0.35029, 0.06841, 0.02143, 0.01134, 0.03757, 0.0743, 0.03757, 0.01134, 0.00585, 0.00734, 0.01476, 0.00734, 0.00585, 0.00159, 0.0023, 0.00446, 0.0023, 0.00159], [0.00305, 0.0112, 0.05525, 0.10438, 0.07234, 0.0044, 0.01404, 0.07191, 0.33323, 0.10438, 0.00233, 0.00771, 0.03882, 0.07191, 0.05525, 0.0012, 0.00383, 0.00771, 0.01404, 0.0112, 0.00083, 0.0012, 0.00233, 0.0044, 0.00305], [0.00063, 0.0023, 0.01134, 0.05454, 0.13845, 0.0009, 0.00288, 0.01476, 0.06841, 0.50846, 0.00048, 0.00158, 0.00797, 0.03757, 0.10575, 0.00025, 0.00079, 0.00403, 0.00734, 0.02143, 0.00017, 0.00063, 0.00122, 0.0023, 0.00583], [0.02842, 0.0112, 0.00593, 0.0012, 0.00033, 0.10438, 0.03574, 0.00771, 0.00151, 0.00047, 0.51511, 0.07191, 0.01525, 0.00303, 0.00091, 0.10438, 0.03574, 0.00771, 0.00151, 0.00047, 0.02842, 0.0112, 0.00593, 0.0012, 0.00033], [0.01485, 0.02143, 0.01134, 0.00585, 0.00159, 0.05454, 0.06841, 0.03757, 0.00734, 0.0023, 0.10575, 0.35029, 0.0743, 0.01476, 0.00446, 0.05454, 0.06841, 0.03757, 0.00734, 0.0023, 0.01485, 0.02143, 0.01134, 0.00585, 0.00159], [0.00776, 0.0112, 0.02171, 0.0112, 0.00776, 0.0112, 0.03574, 0.07191, 0.03574, 0.0112, 0.02171, 0.07191, 0.36195, 0.07191, 0.02171, 0.0112, 0.03574, 0.07191, 0.03574, 0.0112, 0.00776, 0.0112, 0.02171, 0.0112, 0.00776], [0.00159, 0.00585, 0.01134, 0.02143, 0.01485, 0.0023, 0.00734, 0.03757, 0.06841, 0.05454, 0.00446, 0.01476, 0.0743, 0.35029, 0.10575, 0.0023, 0.00734, 0.03757, 0.06841, 0.05454, 0.00159, 0.00585, 0.01134, 0.02143, 0.01485], [0.00033, 0.0012, 0.00593, 0.0112, 0.02842, 0.00047, 0.00151, 0.00771, 0.03574, 0.10438, 0.00091, 0.00303, 0.01525, 0.07191, 0.51511, 0.00047, 0.00151, 0.00771, 0.03574, 0.10438, 0.00033, 0.0012, 0.00593, 0.0112, 0.02842], [0.00583, 0.0023, 0.00122, 0.00063, 0.00017, 0.02143, 0.00734, 0.00403, 0.00079, 0.00025, 0.10575, 0.03757, 0.00797, 0.00158, 0.00048, 0.50846, 0.06841, 0.01476, 0.00288, 0.0009, 0.13845, 0.05454, 0.01134, 0.0023, 0.00063], [0.00305, 0.0044, 0.00233, 0.0012, 0.00083, 0.0112, 0.01404, 0.00771, 0.00383, 0.0012, 0.05525, 0.07191, 0.03882, 0.00771, 0.00233, 0.10438, 0.33323, 0.07191, 0.01404, 0.0044, 0.07234, 0.10438, 0.05525, 0.0112, 0.00305], [0.00159, 0.0023, 0.00446, 0.0023, 0.00159, 0.00585, 0.00734, 0.01476, 0.00734, 0.00585, 0.01134, 0.03757, 0.0743, 0.03757, 0.01134, 0.02143, 0.06841, 0.35029, 0.06841, 0.02143, 0.01485, 0.05454, 0.10575, 0.05454, 0.01485], [0.00083, 0.0012, 0.00233, 0.0044, 0.00305, 0.0012, 0.00383, 0.00771, 0.01404, 0.0112, 0.00233, 0.00771, 0.03882, 0.07191, 0.05525, 0.0044, 0.01404, 0.07191, 0.33323, 0.10438, 0.00305, 0.0112, 0.05525, 0.10438, 0.07234], [0.00017, 0.00063, 0.00122, 0.0023, 0.00583, 0.00025, 0.00079, 0.00403, 0.00734, 0.02143, 0.00048, 0.00158, 0.00797, 0.03757, 0.10575, 0.0009, 0.00288, 0.01476, 0.06841, 0.50846, 0.00063, 0.0023, 0.01134, 0.05454, 0.13845], [0.0012, 0.00047, 0.00025, 0.00013, 9e-05, 0.0044, 0.00151, 0.00083, 0.00041, 0.00013, 0.02171, 0.00771, 0.00416, 0.00083, 0.00025, 0.10438, 0.03574, 0.00771, 0.00151, 0.00047, 0.67443, 0.10438, 0.02171, 0.0044, 0.0012], [0.00063, 0.0009, 0.00048, 0.00025, 0.00017, 0.0023, 0.00288, 0.00158, 0.00079, 0.00063, 0.01134, 0.01476, 0.00797, 0.00403, 0.00122, 0.05454, 0.06841, 0.03757, 0.00734, 0.0023, 0.13845, 0.50846, 0.10575, 0.02143, 0.00583], [0.00033, 0.00047, 0.00091, 0.00047, 0.00033, 0.0012, 0.00151, 0.00303, 0.00151, 0.0012, 0.00593, 0.00771, 0.01525, 0.00771, 0.00593, 0.0112, 0.03574, 0.07191, 0.03574, 0.0112, 0.02842, 0.10438, 0.51511, 0.10438, 0.02842], [0.00017, 0.00025, 0.00048, 0.0009, 0.00063, 0.00063, 0.00079, 0.00158, 0.00288, 0.0023, 0.00122, 0.00403, 0.00797, 0.01476, 0.01134, 0.0023, 0.00734, 0.03757, 0.06841, 0.05454, 0.00583, 0.02143, 0.10575, 0.50846, 0.13845], [9e-05, 0.00013, 0.00025, 0.00047, 0.0012, 0.00013, 0.00041, 0.00083, 0.00151, 0.0044, 0.00025, 0.00083, 0.00416, 0.00771, 0.02171, 0.00047, 0.00151, 0.00771, 0.03574, 0.10438, 0.0012, 0.0044, 0.02171, 0.10438, 0.67443]]