[[0.77653, 0.0814, 0.01011, 0.00124, 0.00018, 0.0814, 0.02768, 0.00347, 0.00042, 7e-05, 0.01011, 0.00347, 0.00149, 0.00018, 3e-05, 0.00124, 0.00042, 0.00018, 8e-05, 1e-05, 0.00018, 7e-05, 3e-05, 1e-05, 0], [0.09596, 0.65868, 0.0818, 0.01006, 0.00147, 0.03454, 0.06524, 0.02807, 0.00342, 0.00053, 0.00429, 0.00818, 0.00351, 0.00147, 0.00022, 0.00053, 0.001, 0.00043, 0.00018, 9e-05, 8e-05, 0.00015, 7e-05, 3e-05, 1e-05], [0.01186, 0.0814, 0.66193, 0.0814, 0.01186, 0.00427, 0.02768, 0.06616, 0.02768, 0.00427, 0.00182, 0.00347, 0.00827, 0.00347, 0.00182, 0.00022, 0.00042, 0.00101, 0.00042, 0.00022, 3e-05, 7e-05, 0.00015, 7e-05, 3e-05], [0.00147, 0.01006, 0.0818, 0.65868, 0.09596, 0.00053, 0.00342, 0.02807, 0.06524, 0.03454, 0.00022, 0.00147, 0.00351, 0.00818, 0.00429, 9e-05, 0.00018, 0.00043, 0.001, 0.00053, 1e-05, 3e-05, 7e-05, 0.00015, 8e-05], [0.00018, 0.00124, 0.01011, 0.0814, 0.77653, 7e-05, 0.00042, 0.00347, 0.02768, 0.0814, 3e-05, 0.00018, 0.00149, 0.00347, 0.01011, 1e-05, 8e-05, 0.00018, 0.00042, 0.00124, 0, 1e-05, 3e-05, 7e-05, 0.00018], [0.09596, 0.03454, 0.00429, 0.00053, 8e-05, 0.65868, 0.06524, 0.00818, 0.001, 0.00015, 0.0818, 0.02807, 0.00351, 0.00043, 7e-05, 0.01006, 0.00342, 0.00147, 0.00018, 3e-05, 0.00147, 0.00053, 0.00022, 9e-05, 1e-05], [0.04072, 0.0814, 0.03471, 0.00427, 0.00062, 0.0814, 0.52797, 0.06616, 0.00806, 0.00124, 0.03471, 0.06616, 0.02839, 0.00347, 0.00053, 0.00427, 0.00806, 0.00347, 0.00145, 0.00022, 0.00062, 0.00124, 0.00053, 0.00022, 0.00011], [0.00503, 0.03454, 0.0818, 0.03454, 0.00503, 0.01006, 0.06524, 0.53535, 0.06524, 0.01006, 0.00429, 0.02807, 0.06692, 0.02807, 0.00429, 0.00181, 0.00342, 0.00818, 0.00342, 0.00181, 0.00026, 0.00053, 0.00125, 0.00053, 0.00026], [0.00062, 0.00427, 0.03471, 0.0814, 0.04072, 0.00124, 0.00806, 0.06616, 0.52797, 0.0814, 0.00053, 0.00347, 0.02839, 0.06616, 0.03471, 0.00022, 0.00145, 0.00347, 0.00806, 0.00427, 0.00011, 0.00022, 0.00053, 0.00124, 0.00062], [8e-05, 0.00053, 0.00429, 0.03454, 0.09596, 0.00015, 0.001, 0.00818, 0.06524, 0.65868, 7e-05, 0.00043, 0.00351, 0.02807, 0.0818, 3e-05, 0.00018, 0.00147, 0.00342, 0.01006, 1e-05, 9e-05, 0.00022, 0.00053, 0.00147], [0.01186, 0.00427, 0.00182, 0.00022, 3e-05, 0.0814, 0.02768, 0.00347, 0.00042, 7e-05, 0.66193, 0.06616, 0.00827, 0.00101, 0.00015, 0.0814, 0.02768, 0.00347, 0.00042, 7e-05, 0.01186, 0.00427, 0.00182, 0.00022, 3e-05], [0.00503, 0.01006, 0.00429, 0.00181, 0.00026, 0.03454, 0.06524, 0.02807, 0.00342, 0.00053, 0.0818, 0.53535, 0.06692, 0.00818, 0.00125, 0.03454, 0.06524, 0.02807, 0.00342, 0.00053, 0.00503, 0.01006, 0.00429, 0.00181, 0.00026], [0.00214, 0.00427, 0.01011, 0.00427, 0.00214, 0.00427, 0.02768, 0.06616, 0.02768, 0.00427, 0.01011, 0.06616, 0.54152, 0.06616, 0.01011, 0.00427, 0.02768, 0.06616, 0.02768, 0.00427, 0.00214, 0.00427, 0.01011, 0.00427, 0.00214], [0.00026, 0.00181, 0.00429, 0.01006, 0.00503, 0.00053, 0.00342, 0.02807, 0.06524, 0.03454, 0.00125, 0.00818, 0.06692, 0.53535, 0.0818, 0.00053, 0.00342, 0.02807, 0.06524, 0.03454, 0.00026, 0.00181, 0.00429, 0.01006, 0.00503], [3e-05, 0.00022, 0.00182, 0.00427, 0.01186, 7e-05, 0.00042, 0.00347, 0.02768, 0.0814, 0.00015, 0.00101, 0.00827, 0.06616, 0.66193, 7e-05, 0.00042, 0.00347, 0.02768, 0.0814, 3e-05, 0.00022, 0.00182, 0.00427, 0.01186], [0.00147, 0.00053, 0.00022, 9e-05, 1e-05, 0.01006, 0.00342, 0.00147, 0.00018, 3e-05, 0.0818, 0.02807, 0.00351, 0.00043, 7e-05, 0.65868, 0.06524, 0.00818, 0.001, 0.00015, 0.09596, 0.03454, 0.00429, 0.00053, 8e-05], [0.00062, 0.00124, 0.00053, 0.00022, 0.00011, 0.00427, 0.00806, 0.00347, 0.00145, 0.00022, 0.03471, 0.06616, 0.02839, 0.00347, 0.00053, 0.0814, 0.52797, 0.06616, 0.00806, 0.00124, 0.04072, 0.0814, 0.03471, 0.00427, 0.00062], [0.00026, 0.00053, 0.00125, 0.00053, 0.00026, 0.00181, 0.00342, 0.00818, 0.00342, 0.00181, 0.00429, 0.02807, 0.06692, 0.02807, 0.00429, 0.01006, 0.06524, 0.53535, 0.06524, 0.01006, 0.00503, 0.03454, 0.0818, 0.03454, 0.00503], [0.00011, 0.00022, 0.00053, 0.00124, 0.00062, 0.00022, 0.00145, 0.00347, 0.00806, 0.00427, 0.00053, 0.00347, 0.02839, 0.06616, 0.03471, 0.00124, 0.00806, 0.06616, 0.52797, 0.0814, 0.00062, 0.00427, 0.03471, 0.0814, 0.04072], [1e-05, 9e-05, 0.00022, 0.00053, 0.00147, 3e-05, 0.00018, 0.00147, 0.00342, 0.01006, 7e-05, 0.00043, 0.00351, 0.02807, 0.0818, 0.00015, 0.001, 0.00818, 0.06524, 0.65868, 8e-05, 0.00053, 0.00429, 0.03454, 0.09596], [0.00018, 7e-05, 3e-05, 1e-05, 0, 0.00124, 0.00042, 0.00018, 8e-05, 1e-05, 0.01011, 0.00347, 0.00149, 0.00018, 3e-05, 0.0814, 0.02768, 0.00347, 0.00042, 7e-05, 0.77653, 0.0814, 0.01011, 0.00124, 0.00018], [8e-05, 0.00015, 7e-05, 3e-05, 1e-05, 0.00053, 0.001, 0.00043, 0.00018, 9e-05, 0.00429, 0.00818, 0.00351, 0.00147, 0.00022, 0.03454, 0.06524, 0.02807, 0.00342, 0.00053, 0.09596, 0.65868, 0.0818, 0.01006, 0.00147], [3e-05, 7e-05, 0.00015, 7e-05, 3e-05, 0.00022, 0.00042, 0.00101, 0.00042, 0.00022, 0.00182, 0.00347, 0.00827, 0.00347, 0.00182, 0.00427, 0.02768, 0.06616, 0.02768, 0.00427, 0.01186, 0.0814, 0.66193, 0.0814, 0.01186], [1e-05, 3e-05, 7e-05, 0.00015, 8e-05, 9e-05, 0.00018, 0.00043, 0.001, 0.00053, 0.00022, 0.00147, 0.00351, 0.00818, 0.00429, 0.00053, 0.00342, 0.02807, 0.06524, 0.03454, 0.00147, 0.01006, 0.0818, 0.65868, 0.09596], [0, 1e-05, 3e-05, 7e-05, 0.00018, 1e-05, 8e-05, 0.00018, 0.00042, 0.00124, 3e-05, 0.00018, 0.00149, 0.00347, 0.01011, 7e-05, 0.00042, 0.00347, 0.02768, 0.0814, 0.00018, 0.00124, 0.01011, 0.0814, 0.77653]]