[[0.87487, 0.05065, 0.00318, 0.0002, 1e-05, 0.05065, 0.01473, 0.00093, 6e-05, 0, 0.00318, 0.00093, 0.0003, 2e-05, 0, 0.0002, 6e-05, 2e-05, 0, 0, 1e-05, 0, 0, 0, 0], [0.05486, 0.80766, 0.05071, 0.00318, 0.00022, 0.01627, 0.04585, 0.01477, 0.00092, 6e-05, 0.00102, 0.00288, 0.00093, 0.0003, 2e-05, 6e-05, 0.00018, 6e-05, 2e-05, 0, 0, 1e-05, 0, 0, 0], [0.00344, 0.05065, 0.80859, 0.05065, 0.00344, 0.00102, 0.01473, 0.04597, 0.01473, 0.00102, 0.00033, 0.00093, 0.00289, 0.00093, 0.00033, 2e-05, 6e-05, 0.00018, 6e-05, 2e-05, 0, 0, 1e-05, 0, 0], [0.00022, 0.00318, 0.05071, 0.80766, 0.05486, 6e-05, 0.00092, 0.01477, 0.04585, 0.01627, 2e-05, 0.0003, 0.00093, 0.00288, 0.00102, 0, 2e-05, 6e-05, 0.00018, 6e-05, 0, 0, 0, 1e-05, 0], [1e-05, 0.0002, 0.00318, 0.05065, 0.87487, 0, 6e-05, 0.00093, 0.01473, 0.05065, 0, 2e-05, 0.0003, 0.00093, 0.00318, 0, 0, 2e-05, 6e-05, 0.0002, 0, 0, 0, 0, 1e-05], [0.05486, 0.01627, 0.00102, 6e-05, 0, 0.80766, 0.04585, 0.00288, 0.00018, 1e-05, 0.05071, 0.01477, 0.00093, 6e-05, 0, 0.00318, 0.00092, 0.0003, 2e-05, 0, 0.00022, 6e-05, 2e-05, 0, 0], [0.01763, 0.05065, 0.01629, 0.00102, 7e-05, 0.05065, 0.73109, 0.04597, 0.00288, 0.0002, 0.01629, 0.04597, 0.01481, 0.00093, 6e-05, 0.00102, 0.00288, 0.00093, 0.0003, 2e-05, 7e-05, 0.0002, 6e-05, 2e-05, 0], [0.00111, 0.01627, 0.05071, 0.01627, 0.00111, 0.00318, 0.04585, 0.73306, 0.04585, 0.00318, 0.00102, 0.01477, 0.04609, 0.01477, 0.00102, 0.00033, 0.00092, 0.00288, 0.00092, 0.00033, 2e-05, 6e-05, 0.0002, 6e-05, 2e-05], [7e-05, 0.00102, 0.01629, 0.05065, 0.01763, 0.0002, 0.00288, 0.04597, 0.73109, 0.05065, 6e-05, 0.00093, 0.01481, 0.04597, 0.01629, 2e-05, 0.0003, 0.00093, 0.00288, 0.00102, 0, 2e-05, 6e-05, 0.0002, 7e-05], [0, 6e-05, 0.00102, 0.01627, 0.05486, 1e-05, 0.00018, 0.00288, 0.04585, 0.80766, 0, 6e-05, 0.00093, 0.01477, 0.05071, 0, 2e-05, 0.0003, 0.00092, 0.00318, 0, 0, 2e-05, 6e-05, 0.00022], [0.00344, 0.00102, 0.00033, 2e-05, 0, 0.05065, 0.01473, 0.00093, 6e-05, 0, 0.80859, 0.04597, 0.00289, 0.00018, 1e-05, 0.05065, 0.01473, 0.00093, 6e-05, 0, 0.00344, 0.00102, 0.00033, 2e-05, 0], [0.00111, 0.00318, 0.00102, 0.00033, 2e-05, 0.01627, 0.04585, 0.01477, 0.00092, 6e-05, 0.05071, 0.73306, 0.04609, 0.00288, 0.0002, 0.01627, 0.04585, 0.01477, 0.00092, 6e-05, 0.00111, 0.00318, 0.00102, 0.00033, 2e-05], [0.00036, 0.00102, 0.00318, 0.00102, 0.00036, 0.00102, 0.01473, 0.04597, 0.01473, 0.00102, 0.00318, 0.04597, 0.73489, 0.04597, 0.00318, 0.00102, 0.01473, 0.04597, 0.01473, 0.00102, 0.00036, 0.00102, 0.00318, 0.00102, 0.00036], [2e-05, 0.00033, 0.00102, 0.00318, 0.00111, 6e-05, 0.00092, 0.01477, 0.04585, 0.01627, 0.0002, 0.00288, 0.04609, 0.73306, 0.05071, 6e-05, 0.00092, 0.01477, 0.04585, 0.01627, 2e-05, 0.00033, 0.00102, 0.00318, 0.00111], [0, 2e-05, 0.00033, 0.00102, 0.00344, 0, 6e-05, 0.00093, 0.01473, 0.05065, 1e-05, 0.00018, 0.00289, 0.04597, 0.80859, 0, 6e-05, 0.00093, 0.01473, 0.05065, 0, 2e-05, 0.00033, 0.00102, 0.00344], [0.00022, 6e-05, 2e-05, 0, 0, 0.00318, 0.00092, 0.0003, 2e-05, 0, 0.05071, 0.01477, 0.00093, 6e-05, 0, 0.80766, 0.04585, 0.00288, 0.00018, 1e-05, 0.05486, 0.01627, 0.00102, 6e-05, 0], [7e-05, 0.0002, 6e-05, 2e-05, 0, 0.00102, 0.00288, 0.00093, 0.0003, 2e-05, 0.01629, 0.04597, 0.01481, 0.00093, 6e-05, 0.05065, 0.73109, 0.04597, 0.00288, 0.0002, 0.01763, 0.05065, 0.01629, 0.00102, 7e-05], [2e-05, 6e-05, 0.0002, 6e-05, 2e-05, 0.00033, 0.00092, 0.00288, 0.00092, 0.00033, 0.00102, 0.01477, 0.04609, 0.01477, 0.00102, 0.00318, 0.04585, 0.73306, 0.04585, 0.00318, 0.00111, 0.01627, 0.05071, 0.01627, 0.00111], [0, 2e-05, 6e-05, 0.0002, 7e-05, 2e-05, 0.0003, 0.00093, 0.00288, 0.00102, 6e-05, 0.00093, 0.01481, 0.04597, 0.01629, 0.0002, 0.00288, 0.04597, 0.73109, 0.05065, 7e-05, 0.00102, 0.01629, 0.05065, 0.01763], [0, 0, 2e-05, 6e-05, 0.00022, 0, 2e-05, 0.0003, 0.00092, 0.00318, 0, 6e-05, 0.00093, 0.01477, 0.05071, 1e-05, 0.00018, 0.00288, 0.04585, 0.80766, 0, 6e-05, 0.00102, 0.01627, 0.05486], [1e-05, 0, 0, 0, 0, 0.0002, 6e-05, 2e-05, 0, 0, 0.00318, 0.00093, 0.0003, 2e-05, 0, 0.05065, 0.01473, 0.00093, 6e-05, 0, 0.87487, 0.05065, 0.00318, 0.0002, 1e-05], [0, 1e-05, 0, 0, 0, 6e-05, 0.00018, 6e-05, 2e-05, 0, 0.00102, 0.00288, 0.00093, 0.0003, 2e-05, 0.01627, 0.04585, 0.01477, 0.00092, 6e-05, 0.05486, 0.80766, 0.05071, 0.00318, 0.00022], [0, 0, 1e-05, 0, 0, 2e-05, 6e-05, 0.00018, 6e-05, 2e-05, 0.00033, 0.00093, 0.00289, 0.00093, 0.00033, 0.00102, 0.01473, 0.04597, 0.01473, 0.00102, 0.00344, 0.05065, 0.80859, 0.05065, 0.00344], [0, 0, 0, 1e-05, 0, 0, 2e-05, 6e-05, 0.00018, 6e-05, 2e-05, 0.0003, 0.00093, 0.00288, 0.00102, 6e-05, 0.00092, 0.01477, 0.04585, 0.01627, 0.00022, 0.00318, 0.05071, 0.80766, 0.05486], [0, 0, 0, 0, 1e-05, 0, 0, 2e-05, 6e-05, 0.0002, 0, 2e-05, 0.0003, 0.00093, 0.00318, 0, 6e-05, 0.00093, 0.01473, 0.05065, 1e-05, 0.0002, 0.00318, 0.05065, 0.87487]]