[[0, 0, 0, 0, 0, 0, 0, 0, 0.35843, 0.1323, 0.03559, 0.03985, 0.03252, 0, 0, 0.1323, 0.04884, 0.01314, 0.01471, 0.012, 0, 0, 0.03559, 0.01314, 0.00353, 0.00396, 0.00323, 0, 0, 0.03985, 0.01471, 0.00396, 0.00443, 0.00362, 0, 0, 0.03252, 0.012, 0.00323, 0.00362, 0.00295, 0, 0, 0, 0, 0, 0, 0, 0], [0, 0, 0, 0, 0, 0, 0, 0, 0.24026, 0.19738, 0.0531, 0.05945, 0.04851, 0, 0, 0.08869, 0.07286, 0.0196, 0.02194, 0.01791, 0, 0, 0.02386, 0.0196, 0.00527, 0.0059, 0.00482, 0, 0, 0.02671, 0.02194, 0.0059, 0.00661, 0.00539, 0, 0, 0.0218, 0.01791, 0.00482, 0.00539, 0.0044, 0, 0, 0, 0, 0, 0, 0, 0], [0, 0, 0, 0, 0, 0, 0, 0, 0.16105, 0.19738, 0.07921, 0.08869, 0.07237, 0, 0, 0.05945, 0.07286, 0.02924, 0.03274, 0.02671, 0, 0, 0.01599, 0.0196, 0.00787, 0.00881, 0.00719, 0, 0, 0.01791, 0.02194, 0.00881, 0.00986, 0.00805, 0, 0, 0.01461, 0.01791, 0.00719, 0.00805, 0.00656, 0, 0, 0, 0, 0, 0, 0, 0], [0, 0, 0, 0, 0, 0, 0, 0, 0.10796, 0.1323, 0.11817, 0.1323, 0.10796, 0, 0, 0.03985, 0.04884, 0.04362, 0.04884, 0.03985, 0, 0, 0.01072, 0.01314, 0.01173, 0.01314, 0.01072, 0, 0, 0.012, 0.01471, 0.01314, 0.01471, 0.012, 0, 0, 0.00979, 0.012, 0.01072, 0.012, 0.00979, 0, 0, 0, 0, 0, 0, 0, 0], [0, 0, 0, 0, 0, 0, 0, 0, 0.07237, 0.08869, 0.07921, 0.19738, 0.16105, 0, 0, 0.02671, 0.03274, 0.02924, 0.07286, 0.05945, 0, 0, 0.00719, 0.00881, 0.00787, 0.0196, 0.01599, 0, 0, 0.00805, 0.00986, 0.00881, 0.02194, 0.01791, 0, 0, 0.00656, 0.00805, 0.00719, 0.01791, 0.01461, 0, 0, 0, 0, 0, 0, 0, 0], [0, 0, 0, 0, 0, 0, 0, 0, 0.04851, 0.05945, 0.0531, 0.19738, 0.24026, 0, 0, 0.01791, 0.02194, 0.0196, 0.07286, 0.08869, 0, 0, 0.00482, 0.0059, 0.00527, 0.0196, 0.02386, 0, 0, 0.00539, 0.00661, 0.0059, 0.02194, 0.02671, 0, 0, 0.0044, 0.00539, 0.00482, 0.01791, 0.0218, 0, 0, 0, 0, 0, 0, 0, 0], [0, 0, 0, 0, 0, 0, 0, 0, 0.03252, 0.03985, 0.03559, 0.1323, 0.35843, 0, 0, 0.012, 0.01471, 0.01314, 0.04884, 0.1323, 0, 0, 0.00323, 0.00396, 0.00353, 0.01314, 0.03559, 0, 0, 0.00362, 0.00443, 0.00396, 0.01471, 0.03985, 0, 0, 0.00295, 0.00362, 0.00323, 0.012, 0.03252, 0, 0, 0, 0, 0, 0, 0, 0], [0, 0, 0, 0, 0, 0, 0, 0, 0.24026, 0.08869, 0.02386, 0.02671, 0.0218, 0, 0, 0.19738, 0.07286, 0.0196, 0.02194, 0.01791, 0, 0, 0.0531, 0.0196, 0.00527, 0.0059, 0.00482, 0, 0, 0.05945, 0.02194, 0.0059, 0.00661, 0.00539, 0, 0, 0.04851, 0.01791, 0.00482, 0.00539, 0.0044, 0, 0, 0, 0, 0, 0, 0, 0], [0, 0, 0, 0, 0, 0, 0, 0, 0.16105, 0.1323, 0.03559, 0.03985, 0.03252, 0, 0, 0.1323, 0.10869, 0.02924, 0.03274, 0.02671, 0, 0, 0.03559, 0.02924, 0.00787, 0.00881, 0.00719, 0, 0, 0.03985, 0.03274, 0.00881, 0.00986, 0.00805, 0, 0, 0.03252, 0.02671, 0.00719, 0.00805, 0.00656, 0, 0, 0, 0, 0, 0, 0, 0], [0, 0, 0, 0, 0, 0, 0, 0, 0.10796, 0.1323, 0.0531, 0.05945, 0.04851, 0, 0, 0.08869, 0.10869, 0.04362, 0.04884, 0.03985, 0, 0, 0.02386, 0.02924, 0.01173, 0.01314, 0.01072, 0, 0, 0.02671, 0.03274, 0.01314, 0.01471, 0.012, 0, 0, 0.0218, 0.02671, 0.01072, 0.012, 0.00979, 0, 0, 0, 0, 0, 0, 0, 0], [0, 0, 0, 0, 0, 0, 0, 0, 0.07237, 0.08869, 0.07921, 0.08869, 0.07237, 0, 0, 0.05945, 0.07286, 0.06507, 0.07286, 0.05945, 0, 0, 0.01599, 0.0196, 0.0175, 0.0196, 0.01599, 0, 0, 0.01791, 0.02194, 0.0196, 0.02194, 0.01791, 0, 0, 0.01461, 0.01791, 0.01599, 0.01791, 0.01461, 0, 0, 0, 0, 0, 0, 0, 0], [0, 0, 0, 0, 0, 0, 0, 0, 0.04851, 0.05945, 0.0531, 0.1323, 0.10796, 0, 0, 0.03985, 0.04884, 0.04362, 0.10869, 0.08869, 0, 0, 0.01072, 0.01314, 0.01173, 0.02924, 0.02386, 0, 0, 0.012, 0.01471, 0.01314, 0.03274, 0.02671, 0, 0, 0.00979, 0.012, 0.01072, 0.02671, 0.0218, 0, 0, 0, 0, 0, 0, 0, 0], [0, 0, 0, 0, 0, 0, 0, 0, 0.03252, 0.03985, 0.03559, 0.1323, 0.16105, 0, 0, 0.02671, 0.03274, 0.02924, 0.10869, 0.1323, 0, 0, 0.00719, 0.00881, 0.00787, 0.02924, 0.03559, 0, 0, 0.00805, 0.00986, 0.00881, 0.03274, 0.03985, 0, 0, 0.00656, 0.00805, 0.00719, 0.02671, 0.03252, 0, 0, 0, 0, 0, 0, 0, 0], [0, 0, 0, 0, 0, 0, 0, 0, 0.0218, 0.02671, 0.02386, 0.08869, 0.24026, 0, 0, 0.01791, 0.02194, 0.0196, 0.07286, 0.19738, 0, 0, 0.00482, 0.0059, 0.00527, 0.0196, 0.0531, 0, 0, 0.00539, 0.00661, 0.0059, 0.02194, 0.05945, 0, 0, 0.0044, 0.00539, 0.00482, 0.01791, 0.04851, 0, 0, 0, 0, 0, 0, 0, 0], [0, 0, 0, 0, 0, 0, 0, 0, 0.16105, 0.05945, 0.01599, 0.01791, 0.01461, 0, 0, 0.19738, 0.07286, 0.0196, 0.02194, 0.01791, 0, 0, 0.07921, 0.02924, 0.00787, 0.00881, 0.00719, 0, 0, 0.08869, 0.03274, 0.00881, 0.00986, 0.00805, 0, 0, 0.07237, 0.02671, 0.00719, 0.00805, 0.00656, 0, 0, 0, 0, 0, 0, 0, 0], [0, 0, 0, 0, 0, 0, 0, 0, 0.10796, 0.08869, 0.02386, 0.02671, 0.0218, 0, 0, 0.1323, 0.10869, 0.02924, 0.03274, 0.02671, 0, 0, 0.0531, 0.04362, 0.01173, 0.01314, 0.01072, 0, 0, 0.05945, 0.04884, 0.01314, 0.01471, 0.012, 0, 0, 0.04851, 0.03985, 0.01072, 0.012, 0.00979, 0, 0, 0, 0, 0, 0, 0, 0], [0, 0, 0, 0, 0, 0, 0, 0, 0.07237, 0.08869, 0.03559, 0.03985, 0.03252, 0, 0, 0.08869, 0.10869, 0.04362, 0.04884, 0.03985, 0, 0, 0.03559, 0.04362, 0.0175, 0.0196, 0.01599, 0, 0, 0.03985, 0.04884, 0.0196, 0.02194, 0.01791, 0, 0, 0.03252, 0.03985, 0.01599, 0.01791, 0.01461, 0, 0, 0, 0, 0, 0, 0, 0], [0, 0, 0, 0, 0, 0, 0, 0, 0.04851, 0.05945, 0.0531, 0.05945, 0.04851, 0, 0, 0.05945, 0.07286, 0.06507, 0.07286, 0.05945, 0, 0, 0.02386, 0.02924, 0.02611, 0.02924, 0.02386, 0, 0, 0.02671, 0.03274, 0.02924, 0.03274, 0.02671, 0, 0, 0.0218, 0.02671, 0.02386, 0.02671, 0.0218, 0, 0, 0, 0, 0, 0, 0, 0], [0, 0, 0, 0, 0, 0, 0, 0, 0.03252, 0.03985, 0.03559, 0.08869, 0.07237, 0, 0, 0.03985, 0.04884, 0.04362, 0.10869, 0.08869, 0, 0, 0.01599, 0.0196, 0.0175, 0.04362, 0.03559, 0, 0, 0.01791, 0.02194, 0.0196, 0.04884, 0.03985, 0, 0, 0.01461, 0.01791, 0.01599, 0.03985, 0.03252, 0, 0, 0, 0, 0, 0, 0, 0], [0, 0, 0, 0, 0, 0, 0, 0, 0.0218, 0.02671, 0.02386, 0.08869, 0.10796, 0, 0, 0.02671, 0.03274, 0.02924, 0.10869, 0.1323, 0, 0, 0.01072, 0.01314, 0.01173, 0.04362, 0.0531, 0, 0, 0.012, 0.01471, 0.01314, 0.04884, 0.05945, 0, 0, 0.00979, 0.012, 0.01072, 0.03985, 0.04851, 0, 0, 0, 0, 0, 0, 0, 0], [0, 0, 0, 0, 0, 0, 0, 0, 0.01461, 0.01791, 0.01599, 0.05945, 0.16105, 0, 0, 0.01791, 0.02194, 0.0196, 0.07286, 0.19738, 0, 0, 0.00719, 0.00881, 0.00787, 0.02924, 0.07921, 0, 0, 0.00805, 0.00986, 0.00881, 0.03274, 0.08869, 0, 0, 0.00656, 0.00805, 0.00719, 0.02671, 0.07237, 0, 0, 0, 0, 0, 0, 0, 0], [0, 0, 0, 0, 0, 0, 0, 0, 0.10796, 0.03985, 0.01072, 0.012, 0.00979, 0, 0, 0.1323, 0.04884, 0.01314, 0.01471, 0.012, 0, 0, 0.11817, 0.04362, 0.01173, 0.01314, 0.01072, 0, 0, 0.1323, 0.04884, 0.01314, 0.01471, 0.012, 0, 0, 0.10796, 0.03985, 0.01072, 0.012, 0.00979, 0, 0, 0, 0, 0, 0, 0, 0], [0, 0, 0, 0, 0, 0, 0, 0, 0.07237, 0.05945, 0.01599, 0.01791, 0.01461, 0, 0, 0.08869, 0.07286, 0.0196, 0.02194, 0.01791, 0, 0, 0.07921, 0.06507, 0.0175, 0.0196, 0.01599, 0, 0, 0.08869, 0.07286, 0.0196, 0.02194, 0.01791, 0, 0, 0.07237, 0.05945, 0.01599, 0.01791, 0.01461, 0, 0, 0, 0, 0, 0, 0, 0], [0, 0, 0, 0, 0, 0, 0, 0, 0.04851, 0.05945, 0.02386, 0.02671, 0.0218, 0, 0, 0.05945, 0.07286, 0.02924, 0.03274, 0.02671, 0, 0, 0.0531, 0.06507, 0.02611, 0.02924, 0.02386, 0, 0, 0.05945, 0.07286, 0.02924, 0.03274, 0.02671, 0, 0, 0.04851, 0.05945, 0.02386, 0.02671, 0.0218, 0, 0, 0, 0, 0, 0, 0, 0], [0, 0, 0, 0, 0, 0, 0, 0, 0.03252, 0.03985, 0.03559, 0.03985, 0.03252, 0, 0, 0.03985, 0.04884, 0.04362, 0.04884, 0.03985, 0, 0, 0.03559, 0.04362, 0.03896, 0.04362, 0.03559, 0, 0, 0.03985, 0.04884, 0.04362, 0.04884, 0.03985, 0, 0, 0.03252, 0.03985, 0.03559, 0.03985, 0.03252, 0, 0, 0, 0, 0, 0, 0, 0], [0, 0, 0, 0, 0, 0, 0, 0, 0.0218, 0.02671, 0.02386, 0.05945, 0.04851, 0, 0, 0.02671, 0.03274, 0.02924, 0.07286, 0.05945, 0, 0, 0.02386, 0.02924, 0.02611, 0.06507, 0.0531, 0, 0, 0.02671, 0.03274, 0.02924, 0.07286, 0.05945, 0, 0, 0.0218, 0.02671, 0.02386, 0.05945, 0.04851, 0, 0, 0, 0, 0, 0, 0, 0], [0, 0, 0, 0, 0, 0, 0, 0, 0.01461, 0.01791, 0.01599, 0.05945, 0.07237, 0, 0, 0.01791, 0.02194, 0.0196, 0.07286, 0.08869, 0, 0, 0.01599, 0.0196, 0.0175, 0.06507, 0.07921, 0, 0, 0.01791, 0.02194, 0.0196, 0.07286, 0.08869, 0, 0, 0.01461, 0.01791, 0.01599, 0.05945, 0.07237, 0, 0, 0, 0, 0, 0, 0, 0], [0, 0, 0, 0, 0, 0, 0, 0, 0.00979, 0.012, 0.01072, 0.03985, 0.10796, 0, 0, 0.012, 0.01471, 0.01314, 0.04884, 0.1323, 0, 0, 0.01072, 0.01314, 0.01173, 0.04362, 0.11817, 0, 0, 0.012, 0.01471, 0.01314, 0.04884, 0.1323, 0, 0, 0.00979, 0.012, 0.01072, 0.03985, 0.10796, 0, 0, 0, 0, 0, 0, 0, 0], [0, 0, 0, 0, 0, 0, 0, 0, 0.07237, 0.02671, 0.00719, 0.00805, 0.00656, 0, 0, 0.08869, 0.03274, 0.00881, 0.00986, 0.00805, 0, 0, 0.07921, 0.02924, 0.00787, 0.00881, 0.00719, 0, 0, 0.19738, 0.07286, 0.0196, 0.02194, 0.01791, 0, 0, 0.16105, 0.05945, 0.01599, 0.01791, 0.01461, 0, 0, 0, 0, 0, 0, 0, 0], [0, 0, 0, 0, 0, 0, 0, 0, 0.04851, 0.03985, 0.01072, 0.012, 0.00979, 0, 0, 0.05945, 0.04884, 0.01314, 0.01471, 0.012, 0, 0, 0.0531, 0.04362, 0.01173, 0.01314, 0.01072, 0, 0, 0.1323, 0.10869, 0.02924, 0.03274, 0.02671, 0, 0, 0.10796, 0.08869, 0.02386, 0.02671, 0.0218, 0, 0, 0, 0, 0, 0, 0, 0], [0, 0, 0, 0, 0, 0, 0, 0, 0.03252, 0.03985, 0.01599, 0.01791, 0.01461, 0, 0, 0.03985, 0.04884, 0.0196, 0.02194, 0.01791, 0, 0, 0.03559, 0.04362, 0.0175, 0.0196, 0.01599, 0, 0, 0.08869, 0.10869, 0.04362, 0.04884, 0.03985, 0, 0, 0.07237, 0.08869, 0.03559, 0.03985, 0.03252, 0, 0, 0, 0, 0, 0, 0, 0], [0, 0, 0, 0, 0, 0, 0, 0, 0.0218, 0.02671, 0.02386, 0.02671, 0.0218, 0, 0, 0.02671, 0.03274, 0.02924, 0.03274, 0.02671, 0, 0, 0.02386, 0.02924, 0.02611, 0.02924, 0.02386, 0, 0, 0.05945, 0.07286, 0.06507, 0.07286, 0.05945, 0, 0, 0.04851, 0.05945, 0.0531, 0.05945, 0.04851, 0, 0, 0, 0, 0, 0, 0, 0], [0, 0, 0, 0, 0, 0, 0, 0, 0.01461, 0.01791, 0.01599, 0.03985, 0.03252, 0, 0, 0.01791, 0.02194, 0.0196, 0.04884, 0.03985, 0, 0, 0.01599, 0.0196, 0.0175, 0.04362, 0.03559, 0, 0, 0.03985, 0.04884, 0.04362, 0.10869, 0.08869, 0, 0, 0.03252, 0.03985, 0.03559, 0.08869, 0.07237, 0, 0, 0, 0, 0, 0, 0, 0], [0, 0, 0, 0, 0, 0, 0, 0, 0.00979, 0.012, 0.01072, 0.03985, 0.04851, 0, 0, 0.012, 0.01471, 0.01314, 0.04884, 0.05945, 0, 0, 0.01072, 0.01314, 0.01173, 0.04362, 0.0531, 0, 0, 0.02671, 0.03274, 0.02924, 0.10869, 0.1323, 0, 0, 0.0218, 0.02671, 0.02386, 0.08869, 0.10796, 0, 0, 0, 0, 0, 0, 0, 0], [0, 0, 0, 0, 0, 0, 0, 0, 0.00656, 0.00805, 0.00719, 0.02671, 0.07237, 0, 0, 0.00805, 0.00986, 0.00881, 0.03274, 0.08869, 0, 0, 0.00719, 0.00881, 0.00787, 0.02924, 0.07921, 0, 0, 0.01791, 0.02194, 0.0196, 0.07286, 0.19738, 0, 0, 0.01461, 0.01791, 0.01599, 0.05945, 0.16105, 0, 0, 0, 0, 0, 0, 0, 0], [0, 0, 0, 0, 0, 0, 0, 0, 0.04851, 0.01791, 0.00482, 0.00539, 0.0044, 0, 0, 0.05945, 0.02194, 0.0059, 0.00661, 0.00539, 0, 0, 0.0531, 0.0196, 0.00527, 0.0059, 0.00482, 0, 0, 0.19738, 0.07286, 0.0196, 0.02194, 0.01791, 0, 0, 0.24026, 0.08869, 0.02386, 0.02671, 0.0218, 0, 0, 0, 0, 0, 0, 0, 0], [0, 0, 0, 0, 0, 0, 0, 0, 0.03252, 0.02671, 0.00719, 0.00805, 0.00656, 0, 0, 0.03985, 0.03274, 0.00881, 0.00986, 0.00805, 0, 0, 0.03559, 0.02924, 0.00787, 0.00881, 0.00719, 0, 0, 0.1323, 0.10869, 0.02924, 0.03274, 0.02671, 0, 0, 0.16105, 0.1323, 0.03559, 0.03985, 0.03252, 0, 0, 0, 0, 0, 0, 0, 0], [0, 0, 0, 0, 0, 0, 0, 0, 0.0218, 0.02671, 0.01072, 0.012, 0.00979, 0, 0, 0.02671, 0.03274, 0.01314, 0.01471, 0.012, 0, 0, 0.02386, 0.02924, 0.01173, 0.01314, 0.01072, 0, 0, 0.08869, 0.10869, 0.04362, 0.04884, 0.03985, 0, 0, 0.10796, 0.1323, 0.0531, 0.05945, 0.04851, 0, 0, 0, 0, 0, 0, 0, 0], [0, 0, 0, 0, 0, 0, 0, 0, 0.01461, 0.01791, 0.01599, 0.01791, 0.01461, 0, 0, 0.01791, 0.02194, 0.0196, 0.02194, 0.01791, 0, 0, 0.01599, 0.0196, 0.0175, 0.0196, 0.01599, 0, 0, 0.05945, 0.07286, 0.06507, 0.07286, 0.05945, 0, 0, 0.07237, 0.08869, 0.07921, 0.08869, 0.07237, 0, 0, 0, 0, 0, 0, 0, 0], [0, 0, 0, 0, 0, 0, 0, 0, 0.00979, 0.012, 0.01072, 0.02671, 0.0218, 0, 0, 0.012, 0.01471, 0.01314, 0.03274, 0.02671, 0, 0, 0.01072, 0.01314, 0.01173, 0.02924, 0.02386, 0, 0, 0.03985, 0.04884, 0.04362, 0.10869, 0.08869, 0, 0, 0.04851, 0.05945, 0.0531, 0.1323, 0.10796, 0, 0, 0, 0, 0, 0, 0, 0], [0, 0, 0, 0, 0, 0, 0, 0, 0.00656, 0.00805, 0.00719, 0.02671, 0.03252, 0, 0, 0.00805, 0.00986, 0.00881, 0.03274, 0.03985, 0, 0, 0.00719, 0.00881, 0.00787, 0.02924, 0.03559, 0, 0, 0.02671, 0.03274, 0.02924, 0.10869, 0.1323, 0, 0, 0.03252, 0.03985, 0.03559, 0.1323, 0.16105, 0, 0, 0, 0, 0, 0, 0, 0], [0, 0, 0, 0, 0, 0, 0, 0, 0.0044, 0.00539, 0.00482, 0.01791, 0.04851, 0, 0, 0.00539, 0.00661, 0.0059, 0.02194, 0.05945, 0, 0, 0.00482, 0.0059, 0.00527, 0.0196, 0.0531, 0, 0, 0.01791, 0.02194, 0.0196, 0.07286, 0.19738, 0, 0, 0.0218, 0.02671, 0.02386, 0.08869, 0.24026, 0, 0, 0, 0, 0, 0, 0, 0], [0, 0, 0, 0, 0, 0, 0, 0, 0.03252, 0.012, 0.00323, 0.00362, 0.00295, 0, 0, 0.03985, 0.01471, 0.00396, 0.00443, 0.00362, 0, 0, 0.03559, 0.01314, 0.00353, 0.00396, 0.00323, 0, 0, 0.1323, 0.04884, 0.01314, 0.01471, 0.012, 0, 0, 0.35843, 0.1323, 0.03559, 0.03985, 0.03252, 0, 0, 0, 0, 0, 0, 0, 0], [0, 0, 0, 0, 0, 0, 0, 0, 0.0218, 0.01791, 0.00482, 0.00539, 0.0044, 0, 0, 0.02671, 0.02194, 0.0059, 0.00661, 0.00539, 0, 0, 0.02386, 0.0196, 0.00527, 0.0059, 0.00482, 0, 0, 0.08869, 0.07286, 0.0196, 0.02194, 0.01791, 0, 0, 0.24026, 0.19738, 0.0531, 0.05945, 0.04851, 0, 0, 0, 0, 0, 0, 0, 0], [0, 0, 0, 0, 0, 0, 0, 0, 0.01461, 0.01791, 0.00719, 0.00805, 0.00656, 0, 0, 0.01791, 0.02194, 0.00881, 0.00986, 0.00805, 0, 0, 0.01599, 0.0196, 0.00787, 0.00881, 0.00719, 0, 0, 0.05945, 0.07286, 0.02924, 0.03274, 0.02671, 0, 0, 0.16105, 0.19738, 0.07921, 0.08869, 0.07237, 0, 0, 0, 0, 0, 0, 0, 0], [0, 0, 0, 0, 0, 0, 0, 0, 0.00979, 0.012, 0.01072, 0.012, 0.00979, 0, 0, 0.012, 0.01471, 0.01314, 0.01471, 0.012, 0, 0, 0.01072, 0.01314, 0.01173, 0.01314, 0.01072, 0, 0, 0.03985, 0.04884, 0.04362, 0.04884, 0.03985, 0, 0, 0.10796, 0.1323, 0.11817, 0.1323, 0.10796, 0, 0, 0, 0, 0, 0, 0, 0], [0, 0, 0, 0, 0, 0, 0, 0, 0.00656, 0.00805, 0.00719, 0.01791, 0.01461, 0, 0, 0.00805, 0.00986, 0.00881, 0.02194, 0.01791, 0, 0, 0.00719, 0.00881, 0.00787, 0.0196, 0.01599, 0, 0, 0.02671, 0.03274, 0.02924, 0.07286, 0.05945, 0, 0, 0.07237, 0.08869, 0.07921, 0.19738, 0.16105, 0, 0, 0, 0, 0, 0, 0, 0], [0, 0, 0, 0, 0, 0, 0, 0, 0.0044, 0.00539, 0.00482, 0.01791, 0.0218, 0, 0, 0.00539, 0.00661, 0.0059, 0.02194, 0.02671, 0, 0, 0.00482, 0.0059, 0.00527, 0.0196, 0.02386, 0, 0, 0.01791, 0.02194, 0.0196, 0.07286, 0.08869, 0, 0, 0.04851, 0.05945, 0.0531, 0.19738, 0.24026, 0, 0, 0, 0, 0, 0, 0, 0], [0, 0, 0, 0, 0, 0, 0, 0, 0.00295, 0.00362, 0.00323, 0.012, 0.03252, 0, 0, 0.00362, 0.00443, 0.00396, 0.01471, 0.03985, 0, 0, 0.00323, 0.00396, 0.00353, 0.01314, 0.03559, 0, 0, 0.012, 0.01471, 0.01314, 0.04884, 0.1323, 0, 0, 0.03252, 0.03985, 0.03559, 0.1323, 0.35843, 0, 0, 0, 0, 0, 0, 0, 0]]