[[0.53445, 0.12428, 0.04572, 0.01682, 0.00619, 0.00228, 0.00132, 0.12428, 0.0289, 0.01063, 0.00391, 0.00144, 0.00053, 0.00031, 0.04572, 0.01063, 0.00391, 0.00144, 0.00053, 0.00019, 0.00011, 0.01682, 0.00391, 0.00144, 0.00053, 0.00019, 7e-05, 4e-05, 0.00619, 0.00144, 0.00053, 0.00019, 7e-05, 3e-05, 2e-05, 0.00228, 0.00053, 0.00019, 7e-05, 3e-05, 0, 0, 0.00132, 0.00031, 0.00011, 4e-05, 2e-05, 0, 0], [0.19661, 0.33783, 0.12428, 0.04572, 0.01682, 0.00619, 0.0036, 0.04572, 0.07856, 0.0289, 0.01063, 0.00391, 0.00144, 0.00084, 0.01682, 0.0289, 0.01063, 0.00391, 0.00144, 0.00053, 0.00031, 0.00619, 0.01063, 0.00391, 0.00144, 0.00053, 0.00019, 0.00011, 0.00228, 0.00391, 0.00144, 0.00053, 0.00019, 7e-05, 4e-05, 0.00084, 0.00144, 0.00053, 0.00019, 7e-05, 3e-05, 2e-05, 0.00049, 0.00084, 0.00031, 0.00011, 4e-05, 2e-05, 0], [0.07233, 0.12428, 0.33783, 0.12428, 0.04572, 0.01682, 0.00979, 0.01682, 0.0289, 0.07856, 0.0289, 0.01063, 0.00391, 0.00228, 0.00619, 0.01063, 0.0289, 0.01063, 0.00391, 0.00144, 0.00084, 0.00228, 0.00391, 0.01063, 0.00391, 0.00144, 0.00053, 0.00031, 0.00084, 0.00144, 0.00391, 0.00144, 0.00053, 0.00019, 0.00011, 0.00031, 0.00053, 0.00144, 0.00053, 0.00019, 7e-05, 4e-05, 0.00018, 0.00031, 0.00084, 0.00031, 0.00011, 4e-05, 2e-05], [0.02661, 0.04572, 0.12428, 0.33783, 0.12428, 0.04572, 0.02661, 0.00619, 0.01063, 0.0289, 0.07856, 0.0289, 0.01063, 0.00619, 0.00228, 0.00391, 0.01063, 0.0289, 0.01063, 0.00391, 0.00228, 0.00084, 0.00144, 0.00391, 0.01063, 0.00391, 0.00144, 0.00084, 0.00031, 0.00053, 0.00144, 0.00391, 0.00144, 0.00053, 0.00031, 0.00011, 0.00019, 0.00053, 0.00144, 0.00053, 0.00019, 0.00011, 7e-05, 0.00011, 0.00031, 0.00084, 0.00031, 0.00011, 7e-05], [0.00979, 0.01682, 0.04572, 0.12428, 0.33783, 0.12428, 0.07233, 0.00228, 0.00391, 0.01063, 0.0289, 0.07856, 0.0289, 0.01682, 0.00084, 0.00144, 0.00391, 0.01063, 0.0289, 0.01063, 0.00619, 0.00031, 0.00053, 0.00144, 0.00391, 0.01063, 0.00391, 0.00228, 0.00011, 0.00019, 0.00053, 0.00144, 0.00391, 0.00144, 0.00084, 4e-05, 7e-05, 0.00019, 0.00053, 0.00144, 0.00053, 0.00031, 2e-05, 4e-05, 0.00011, 0.00031, 0.00084, 0.00031, 0.00018], [0.0036, 0.00619, 0.01682, 0.04572, 0.12428, 0.33783, 0.19661, 0.00084, 0.00144, 0.00391, 0.01063, 0.0289, 0.07856, 0.04572, 0.00031, 0.00053, 0.00144, 0.00391, 0.01063, 0.0289, 0.01682, 0.00011, 0.00019, 0.00053, 0.00144, 0.00391, 0.01063, 0.00619, 4e-05, 7e-05, 0.00019, 0.00053, 0.00144, 0.00391, 0.00228, 2e-05, 3e-05, 7e-05, 0.00019, 0.00053, 0.00144, 0.00084, 0, 2e-05, 4e-05, 0.00011, 0.00031, 0.00084, 0.00049], [0.00132, 0.00228, 0.00619, 0.01682, 0.04572, 0.12428, 0.53445, 0.00031, 0.00053, 0.00144, 0.00391, 0.01063, 0.0289, 0.12428, 0.00011, 0.00019, 0.00053, 0.00144, 0.00391, 0.01063, 0.04572, 4e-05, 7e-05, 0.00019, 0.00053, 0.00144, 0.00391, 0.01682, 2e-05, 3e-05, 7e-05, 0.00019, 0.00053, 0.00144, 0.00619, 0, 0, 3e-05, 7e-05, 0.00019, 0.00053, 0.00228, 0, 0, 2e-05, 4e-05, 0.00011, 0.00031, 0.00132], [0.19661, 0.04572, 0.01682, 0.00619, 0.00228, 0.00084, 0.00049, 0.33783, 0.07856, 0.0289, 0.01063, 0.00391, 0.00144, 0.00084, 0.12428, 0.0289, 0.01063, 0.00391, 0.00144, 0.00053, 0.00031, 0.04572, 0.01063, 0.00391, 0.00144, 0.00053, 0.00019, 0.00011, 0.01682, 0.00391, 0.00144, 0.00053, 0.00019, 7e-05, 4e-05, 0.00619, 0.00144, 0.00053, 0.00019, 7e-05, 3e-05, 2e-05, 0.0036, 0.00084, 0.00031, 0.00011, 4e-05, 2e-05, 0], [0.07233, 0.12428, 0.04572, 0.01682, 0.00619, 0.00228, 0.00132, 0.12428, 0.21355, 0.07856, 0.0289, 0.01063, 0.00391, 0.00228, 0.04572, 0.07856, 0.0289, 0.01063, 0.00391, 0.00144, 0.00084, 0.01682, 0.0289, 0.01063, 0.00391, 0.00144, 0.00053, 0.00031, 0.00619, 0.01063, 0.00391, 0.00144, 0.00053, 0.00019, 0.00011, 0.00228, 0.00391, 0.00144, 0.00053, 0.00019, 7e-05, 4e-05, 0.00132, 0.00228, 0.00084, 0.00031, 0.00011, 4e-05, 2e-05], [0.02661, 0.04572, 0.12428, 0.04572, 0.01682, 0.00619, 0.0036, 0.04572, 0.07856, 0.21355, 0.07856, 0.0289, 0.01063, 0.00619, 0.01682, 0.0289, 0.07856, 0.0289, 0.01063, 0.00391, 0.00228, 0.00619, 0.01063, 0.0289, 0.01063, 0.00391, 0.00144, 0.00084, 0.00228, 0.00391, 0.01063, 0.00391, 0.00144, 0.00053, 0.00031, 0.00084, 0.00144, 0.00391, 0.00144, 0.00053, 0.00019, 0.00011, 0.00049, 0.00084, 0.00228, 0.00084, 0.00031, 0.00011, 7e-05], [0.00979, 0.01682, 0.04572, 0.12428, 0.04572, 0.01682, 0.00979, 0.01682, 0.0289, 0.07856, 0.21355, 0.07856, 0.0289, 0.01682, 0.00619, 0.01063, 0.0289, 0.07856, 0.0289, 0.01063, 0.00619, 0.00228, 0.00391, 0.01063, 0.0289, 0.01063, 0.00391, 0.00228, 0.00084, 0.00144, 0.00391, 0.01063, 0.00391, 0.00144, 0.00084, 0.00031, 0.00053, 0.00144, 0.00391, 0.00144, 0.00053, 0.00031, 0.00018, 0.00031, 0.00084, 0.00228, 0.00084, 0.00031, 0.00018], [0.0036, 0.00619, 0.01682, 0.04572, 0.12428, 0.04572, 0.02661, 0.00619, 0.01063, 0.0289, 0.07856, 0.21355, 0.07856, 0.04572, 0.00228, 0.00391, 0.01063, 0.0289, 0.07856, 0.0289, 0.01682, 0.00084, 0.00144, 0.00391, 0.01063, 0.0289, 0.01063, 0.00619, 0.00031, 0.00053, 0.00144, 0.00391, 0.01063, 0.00391, 0.00228, 0.00011, 0.00019, 0.00053, 0.00144, 0.00391, 0.00144, 0.00084, 7e-05, 0.00011, 0.00031, 0.00084, 0.00228, 0.00084, 0.00049], [0.00132, 0.00228, 0.00619, 0.01682, 0.04572, 0.12428, 0.07233, 0.00228, 0.00391, 0.01063, 0.0289, 0.07856, 0.21355, 0.12428, 0.00084, 0.00144, 0.00391, 0.01063, 0.0289, 0.07856, 0.04572, 0.00031, 0.00053, 0.00144, 0.00391, 0.01063, 0.0289, 0.01682, 0.00011, 0.00019, 0.00053, 0.00144, 0.00391, 0.01063, 0.00619, 4e-05, 7e-05, 0.00019, 0.00053, 0.00144, 0.00391, 0.00228, 2e-05, 4e-05, 0.00011, 0.00031, 0.00084, 0.00228, 0.00132], [0.00049, 0.00084, 0.00228, 0.00619, 0.01682, 0.04572, 0.19661, 0.00084, 0.00144, 0.00391, 0.01063, 0.0289, 0.07856, 0.33783, 0.00031, 0.00053, 0.00144, 0.00391, 0.01063, 0.0289, 0.12428, 0.00011, 0.00019, 0.00053, 0.00144, 0.00391, 0.01063, 0.04572, 4e-05, 7e-05, 0.00019, 0.00053, 0.00144, 0.00391, 0.01682, 2e-05, 3e-05, 7e-05, 0.00019, 0.00053, 0.00144, 0.00619, 0, 2e-05, 4e-05, 0.00011, 0.00031, 0.00084, 0.0036], [0.07233, 0.01682, 0.00619, 0.00228, 0.00084, 0.00031, 0.00018, 0.12428, 0.0289, 0.01063, 0.00391, 0.00144, 0.00053, 0.00031, 0.33783, 0.07856, 0.0289, 0.01063, 0.00391, 0.00144, 0.00084, 0.12428, 0.0289, 0.01063, 0.00391, 0.00144, 0.00053, 0.00031, 0.04572, 0.01063, 0.00391, 0.00144, 0.00053, 0.00019, 0.00011, 0.01682, 0.00391, 0.00144, 0.00053, 0.00019, 7e-05, 4e-05, 0.00979, 0.00228, 0.00084, 0.00031, 0.00011, 4e-05, 2e-05], [0.02661, 0.04572, 0.01682, 0.00619, 0.00228, 0.00084, 0.00049, 0.04572, 0.07856, 0.0289, 0.01063, 0.00391, 0.00144, 0.00084, 0.12428, 0.21355, 0.07856, 0.0289, 0.01063, 0.00391, 0.00228, 0.04572, 0.07856, 0.0289, 0.01063, 0.00391, 0.00144, 0.00084, 0.01682, 0.0289, 0.01063, 0.00391, 0.00144, 0.00053, 0.00031, 0.00619, 0.01063, 0.00391, 0.00144, 0.00053, 0.00019, 0.00011, 0.0036, 0.00619, 0.00228, 0.00084, 0.00031, 0.00011, 7e-05], [0.00979, 0.01682, 0.04572, 0.01682, 0.00619, 0.00228, 0.00132, 0.01682, 0.0289, 0.07856, 0.0289, 0.01063, 0.00391, 0.00228, 0.04572, 0.07856, 0.21355, 0.07856, 0.0289, 0.01063, 0.00619, 0.01682, 0.0289, 0.07856, 0.0289, 0.01063, 0.00391, 0.00228, 0.00619, 0.01063, 0.0289, 0.01063, 0.00391, 0.00144, 0.00084, 0.00228, 0.00391, 0.01063, 0.00391, 0.00144, 0.00053, 0.00031, 0.00132, 0.00228, 0.00619, 0.00228, 0.00084, 0.00031, 0.00018], [0.0036, 0.00619, 0.01682, 0.04572, 0.01682, 0.00619, 0.0036, 0.00619, 0.01063, 0.0289, 0.07856, 0.0289, 0.01063, 0.00619, 0.01682, 0.0289, 0.07856, 0.21355, 0.07856, 0.0289, 0.01682, 0.00619, 0.01063, 0.0289, 0.07856, 0.0289, 0.01063, 0.00619, 0.00228, 0.00391, 0.01063, 0.0289, 0.01063, 0.00391, 0.00228, 0.00084, 0.00144, 0.00391, 0.01063, 0.00391, 0.00144, 0.00084, 0.00049, 0.00084, 0.00228, 0.00619, 0.00228, 0.00084, 0.00049], [0.00132, 0.00228, 0.00619, 0.01682, 0.04572, 0.01682, 0.00979, 0.00228, 0.00391, 0.01063, 0.0289, 0.07856, 0.0289, 0.01682, 0.00619, 0.01063, 0.0289, 0.07856, 0.21355, 0.07856, 0.04572, 0.00228, 0.00391, 0.01063, 0.0289, 0.07856, 0.0289, 0.01682, 0.00084, 0.00144, 0.00391, 0.01063, 0.0289, 0.01063, 0.00619, 0.00031, 0.00053, 0.00144, 0.00391, 0.01063, 0.00391, 0.00228, 0.00018, 0.00031, 0.00084, 0.00228, 0.00619, 0.00228, 0.00132], [0.00049, 0.00084, 0.00228, 0.00619, 0.01682, 0.04572, 0.02661, 0.00084, 0.00144, 0.00391, 0.01063, 0.0289, 0.07856, 0.04572, 0.00228, 0.00391, 0.01063, 0.0289, 0.07856, 0.21355, 0.12428, 0.00084, 0.00144, 0.00391, 0.01063, 0.0289, 0.07856, 0.04572, 0.00031, 0.00053, 0.00144, 0.00391, 0.01063, 0.0289, 0.01682, 0.00011, 0.00019, 0.00053, 0.00144, 0.00391, 0.01063, 0.00619, 7e-05, 0.00011, 0.00031, 0.00084, 0.00228, 0.00619, 0.0036], [0.00018, 0.00031, 0.00084, 0.00228, 0.00619, 0.01682, 0.07233, 0.00031, 0.00053, 0.00144, 0.00391, 0.01063, 0.0289, 0.12428, 0.00084, 0.00144, 0.00391, 0.01063, 0.0289, 0.07856, 0.33783, 0.00031, 0.00053, 0.00144, 0.00391, 0.01063, 0.0289, 0.12428, 0.00011, 0.00019, 0.00053, 0.00144, 0.00391, 0.01063, 0.04572, 4e-05, 7e-05, 0.00019, 0.00053, 0.00144, 0.00391, 0.01682, 2e-05, 4e-05, 0.00011, 0.00031, 0.00084, 0.00228, 0.00979], [0.02661, 0.00619, 0.00228, 0.00084, 0.00031, 0.00011, 7e-05, 0.04572, 0.01063, 0.00391, 0.00144, 0.00053, 0.00019, 0.00011, 0.12428, 0.0289, 0.01063, 0.00391, 0.00144, 0.00053, 0.00031, 0.33783, 0.07856, 0.0289, 0.01063, 0.00391, 0.00144, 0.00084, 0.12428, 0.0289, 0.01063, 0.00391, 0.00144, 0.00053, 0.00031, 0.04572, 0.01063, 0.00391, 0.00144, 0.00053, 0.00019, 0.00011, 0.02661, 0.00619, 0.00228, 0.00084, 0.00031, 0.00011, 7e-05], [0.00979, 0.01682, 0.00619, 0.00228, 0.00084, 0.00031, 0.00018, 0.01682, 0.0289, 0.01063, 0.00391, 0.00144, 0.00053, 0.00031, 0.04572, 0.07856, 0.0289, 0.01063, 0.00391, 0.00144, 0.00084, 0.12428, 0.21355, 0.07856, 0.0289, 0.01063, 0.00391, 0.00228, 0.04572, 0.07856, 0.0289, 0.01063, 0.00391, 0.00144, 0.00084, 0.01682, 0.0289, 0.01063, 0.00391, 0.00144, 0.00053, 0.00031, 0.00979, 0.01682, 0.00619, 0.00228, 0.00084, 0.00031, 0.00018], [0.0036, 0.00619, 0.01682, 0.00619, 0.00228, 0.00084, 0.00049, 0.00619, 0.01063, 0.0289, 0.01063, 0.00391, 0.00144, 0.00084, 0.01682, 0.0289, 0.07856, 0.0289, 0.01063, 0.00391, 0.00228, 0.04572, 0.07856, 0.21355, 0.07856, 0.0289, 0.01063, 0.00619, 0.01682, 0.0289, 0.07856, 0.0289, 0.01063, 0.00391, 0.00228, 0.00619, 0.01063, 0.0289, 0.01063, 0.00391, 0.00144, 0.00084, 0.0036, 0.00619, 0.01682, 0.00619, 0.00228, 0.00084, 0.00049], [0.00132, 0.00228, 0.00619, 0.01682, 0.00619, 0.00228, 0.00132, 0.00228, 0.00391, 0.01063, 0.0289, 0.01063, 0.00391, 0.00228, 0.00619, 0.01063, 0.0289, 0.07856, 0.0289, 0.01063, 0.00619, 0.01682, 0.0289, 0.07856, 0.21355, 0.07856, 0.0289, 0.01682, 0.00619, 0.01063, 0.0289, 0.07856, 0.0289, 0.01063, 0.00619, 0.00228, 0.00391, 0.01063, 0.0289, 0.01063, 0.00391, 0.00228, 0.00132, 0.00228, 0.00619, 0.01682, 0.00619, 0.00228, 0.00132], [0.00049, 0.00084, 0.00228, 0.00619, 0.01682, 0.00619, 0.0036, 0.00084, 0.00144, 0.00391, 0.01063, 0.0289, 0.01063, 0.00619, 0.00228, 0.00391, 0.01063, 0.0289, 0.07856, 0.0289, 0.01682, 0.00619, 0.01063, 0.0289, 0.07856, 0.21355, 0.07856, 0.04572, 0.00228, 0.00391, 0.01063, 0.0289, 0.07856, 0.0289, 0.01682, 0.00084, 0.00144, 0.00391, 0.01063, 0.0289, 0.01063, 0.00619, 0.00049, 0.00084, 0.00228, 0.00619, 0.01682, 0.00619, 0.0036], [0.00018, 0.00031, 0.00084, 0.00228, 0.00619, 0.01682, 0.00979, 0.00031, 0.00053, 0.00144, 0.00391, 0.01063, 0.0289, 0.01682, 0.00084, 0.00144, 0.00391, 0.01063, 0.0289, 0.07856, 0.04572, 0.00228, 0.00391, 0.01063, 0.0289, 0.07856, 0.21355, 0.12428, 0.00084, 0.00144, 0.00391, 0.01063, 0.0289, 0.07856, 0.04572, 0.00031, 0.00053, 0.00144, 0.00391, 0.01063, 0.0289, 0.01682, 0.00018, 0.00031, 0.00084, 0.00228, 0.00619, 0.01682, 0.00979], [7e-05, 0.00011, 0.00031, 0.00084, 0.00228, 0.00619, 0.02661, 0.00011, 0.00019, 0.00053, 0.00144, 0.00391, 0.01063, 0.04572, 0.00031, 0.00053, 0.00144, 0.00391, 0.01063, 0.0289, 0.12428, 0.00084, 0.00144, 0.00391, 0.01063, 0.0289, 0.07856, 0.33783, 0.00031, 0.00053, 0.00144, 0.00391, 0.01063, 0.0289, 0.12428, 0.00011, 0.00019, 0.00053, 0.00144, 0.00391, 0.01063, 0.04572, 7e-05, 0.00011, 0.00031, 0.00084, 0.00228, 0.00619, 0.02661], [0.00979, 0.00228, 0.00084, 0.00031, 0.00011, 4e-05, 2e-05, 0.01682, 0.00391, 0.00144, 0.00053, 0.00019, 7e-05, 4e-05, 0.04572, 0.01063, 0.00391, 0.00144, 0.00053, 0.00019, 0.00011, 0.12428, 0.0289, 0.01063, 0.00391, 0.00144, 0.00053, 0.00031, 0.33783, 0.07856, 0.0289, 0.01063, 0.00391, 0.00144, 0.00084, 0.12428, 0.0289, 0.01063, 0.00391, 0.00144, 0.00053, 0.00031, 0.07233, 0.01682, 0.00619, 0.00228, 0.00084, 0.00031, 0.00018], [0.0036, 0.00619, 0.00228, 0.00084, 0.00031, 0.00011, 7e-05, 0.00619, 0.01063, 0.00391, 0.00144, 0.00053, 0.00019, 0.00011, 0.01682, 0.0289, 0.01063, 0.00391, 0.00144, 0.00053, 0.00031, 0.04572, 0.07856, 0.0289, 0.01063, 0.00391, 0.00144, 0.00084, 0.12428, 0.21355, 0.07856, 0.0289, 0.01063, 0.00391, 0.00228, 0.04572, 0.07856, 0.0289, 0.01063, 0.00391, 0.00144, 0.00084, 0.02661, 0.04572, 0.01682, 0.00619, 0.00228, 0.00084, 0.00049], [0.00132, 0.00228, 0.00619, 0.00228, 0.00084, 0.00031, 0.00018, 0.00228, 0.00391, 0.01063, 0.00391, 0.00144, 0.00053, 0.00031, 0.00619, 0.01063, 0.0289, 0.01063, 0.00391, 0.00144, 0.00084, 0.01682, 0.0289, 0.07856, 0.0289, 0.01063, 0.00391, 0.00228, 0.04572, 0.07856, 0.21355, 0.07856, 0.0289, 0.01063, 0.00619, 0.01682, 0.0289, 0.07856, 0.0289, 0.01063, 0.00391, 0.00228, 0.00979, 0.01682, 0.04572, 0.01682, 0.00619, 0.00228, 0.00132], [0.00049, 0.00084, 0.00228, 0.00619, 0.00228, 0.00084, 0.00049, 0.00084, 0.00144, 0.00391, 0.01063, 0.00391, 0.00144, 0.00084, 0.00228, 0.00391, 0.01063, 0.0289, 0.01063, 0.00391, 0.00228, 0.00619, 0.01063, 0.0289, 0.07856, 0.0289, 0.01063, 0.00619, 0.01682, 0.0289, 0.07856, 0.21355, 0.07856, 0.0289, 0.01682, 0.00619, 0.01063, 0.0289, 0.07856, 0.0289, 0.01063, 0.00619, 0.0036, 0.00619, 0.01682, 0.04572, 0.01682, 0.00619, 0.0036], [0.00018, 0.00031, 0.00084, 0.00228, 0.00619, 0.00228, 0.00132, 0.00031, 0.00053, 0.00144, 0.00391, 0.01063, 0.00391, 0.00228, 0.00084, 0.00144, 0.00391, 0.01063, 0.0289, 0.01063, 0.00619, 0.00228, 0.00391, 0.01063, 0.0289, 0.07856, 0.0289, 0.01682, 0.00619, 0.01063, 0.0289, 0.07856, 0.21355, 0.07856, 0.04572, 0.00228, 0.00391, 0.01063, 0.0289, 0.07856, 0.0289, 0.01682, 0.00132, 0.00228, 0.00619, 0.01682, 0.04572, 0.01682, 0.00979], [7e-05, 0.00011, 0.00031, 0.00084, 0.00228, 0.00619, 0.0036, 0.00011, 0.00019, 0.00053, 0.00144, 0.00391, 0.01063, 0.00619, 0.00031, 0.00053, 0.00144, 0.00391, 0.01063, 0.0289, 0.01682, 0.00084, 0.00144, 0.00391, 0.01063, 0.0289, 0.07856, 0.04572, 0.00228, 0.00391, 0.01063, 0.0289, 0.07856, 0.21355, 0.12428, 0.00084, 0.00144, 0.00391, 0.01063, 0.0289, 0.07856, 0.04572, 0.00049, 0.00084, 0.00228, 0.00619, 0.01682, 0.04572, 0.02661], [2e-05, 4e-05, 0.00011, 0.00031, 0.00084, 0.00228, 0.00979, 4e-05, 7e-05, 0.00019, 0.00053, 0.00144, 0.00391, 0.01682, 0.00011, 0.00019, 0.00053, 0.00144, 0.00391, 0.01063, 0.04572, 0.00031, 0.00053, 0.00144, 0.00391, 0.01063, 0.0289, 0.12428, 0.00084, 0.00144, 0.00391, 0.01063, 0.0289, 0.07856, 0.33783, 0.00031, 0.00053, 0.00144, 0.00391, 0.01063, 0.0289, 0.12428, 0.00018, 0.00031, 0.00084, 0.00228, 0.00619, 0.01682, 0.07233], [0.0036, 0.00084, 0.00031, 0.00011, 4e-05, 2e-05, 0, 0.00619, 0.00144, 0.00053, 0.00019, 7e-05, 3e-05, 2e-05, 0.01682, 0.00391, 0.00144, 0.00053, 0.00019, 7e-05, 4e-05, 0.04572, 0.01063, 0.00391, 0.00144, 0.00053, 0.00019, 0.00011, 0.12428, 0.0289, 0.01063, 0.00391, 0.00144, 0.00053, 0.00031, 0.33783, 0.07856, 0.0289, 0.01063, 0.00391, 0.00144, 0.00084, 0.19661, 0.04572, 0.01682, 0.00619, 0.00228, 0.00084, 0.00049], [0.00132, 0.00228, 0.00084, 0.00031, 0.00011, 4e-05, 2e-05, 0.00228, 0.00391, 0.00144, 0.00053, 0.00019, 7e-05, 4e-05, 0.00619, 0.01063, 0.00391, 0.00144, 0.00053, 0.00019, 0.00011, 0.01682, 0.0289, 0.01063, 0.00391, 0.00144, 0.00053, 0.00031, 0.04572, 0.07856, 0.0289, 0.01063, 0.00391, 0.00144, 0.00084, 0.12428, 0.21355, 0.07856, 0.0289, 0.01063, 0.00391, 0.00228, 0.07233, 0.12428, 0.04572, 0.01682, 0.00619, 0.00228, 0.00132], [0.00049, 0.00084, 0.00228, 0.00084, 0.00031, 0.00011, 7e-05, 0.00084, 0.00144, 0.00391, 0.00144, 0.00053, 0.00019, 0.00011, 0.00228, 0.00391, 0.01063, 0.00391, 0.00144, 0.00053, 0.00031, 0.00619, 0.01063, 0.0289, 0.01063, 0.00391, 0.00144, 0.00084, 0.01682, 0.0289, 0.07856, 0.0289, 0.01063, 0.00391, 0.00228, 0.04572, 0.07856, 0.21355, 0.07856, 0.0289, 0.01063, 0.00619, 0.02661, 0.04572, 0.12428, 0.04572, 0.01682, 0.00619, 0.0036], [0.00018, 0.00031, 0.00084, 0.00228, 0.00084, 0.00031, 0.00018, 0.00031, 0.00053, 0.00144, 0.00391, 0.00144, 0.00053, 0.00031, 0.00084, 0.00144, 0.00391, 0.01063, 0.00391, 0.00144, 0.00084, 0.00228, 0.00391, 0.01063, 0.0289, 0.01063, 0.00391, 0.00228, 0.00619, 0.01063, 0.0289, 0.07856, 0.0289, 0.01063, 0.00619, 0.01682, 0.0289, 0.07856, 0.21355, 0.07856, 0.0289, 0.01682, 0.00979, 0.01682, 0.04572, 0.12428, 0.04572, 0.01682, 0.00979], [7e-05, 0.00011, 0.00031, 0.00084, 0.00228, 0.00084, 0.00049, 0.00011, 0.00019, 0.00053, 0.00144, 0.00391, 0.00144, 0.00084, 0.00031, 0.00053, 0.00144, 0.00391, 0.01063, 0.00391, 0.00228, 0.00084, 0.00144, 0.00391, 0.01063, 0.0289, 0.01063, 0.00619, 0.00228, 0.00391, 0.01063, 0.0289, 0.07856, 0.0289, 0.01682, 0.00619, 0.01063, 0.0289, 0.07856, 0.21355, 0.07856, 0.04572, 0.0036, 0.00619, 0.01682, 0.04572, 0.12428, 0.04572, 0.02661], [2e-05, 4e-05, 0.00011, 0.00031, 0.00084, 0.00228, 0.00132, 4e-05, 7e-05, 0.00019, 0.00053, 0.00144, 0.00391, 0.00228, 0.00011, 0.00019, 0.00053, 0.00144, 0.00391, 0.01063, 0.00619, 0.00031, 0.00053, 0.00144, 0.00391, 0.01063, 0.0289, 0.01682, 0.00084, 0.00144, 0.00391, 0.01063, 0.0289, 0.07856, 0.04572, 0.00228, 0.00391, 0.01063, 0.0289, 0.07856, 0.21355, 0.12428, 0.00132, 0.00228, 0.00619, 0.01682, 0.04572, 0.12428, 0.07233], [0, 2e-05, 4e-05, 0.00011, 0.00031, 0.00084, 0.0036, 2e-05, 3e-05, 7e-05, 0.00019, 0.00053, 0.00144, 0.00619, 4e-05, 7e-05, 0.00019, 0.00053, 0.00144, 0.00391, 0.01682, 0.00011, 0.00019, 0.00053, 0.00144, 0.00391, 0.01063, 0.04572, 0.00031, 0.00053, 0.00144, 0.00391, 0.01063, 0.0289, 0.12428, 0.00084, 0.00144, 0.00391, 0.01063, 0.0289, 0.07856, 0.33783, 0.00049, 0.00084, 0.00228, 0.00619, 0.01682, 0.04572, 0.19661], [0.00132, 0.00031, 0.00011, 4e-05, 2e-05, 0, 0, 0.00228, 0.00053, 0.00019, 7e-05, 3e-05, 0, 0, 0.00619, 0.00144, 0.00053, 0.00019, 7e-05, 3e-05, 2e-05, 0.01682, 0.00391, 0.00144, 0.00053, 0.00019, 7e-05, 4e-05, 0.04572, 0.01063, 0.00391, 0.00144, 0.00053, 0.00019, 0.00011, 0.12428, 0.0289, 0.01063, 0.00391, 0.00144, 0.00053, 0.00031, 0.53445, 0.12428, 0.04572, 0.01682, 0.00619, 0.00228, 0.00132], [0.00049, 0.00084, 0.00031, 0.00011, 4e-05, 2e-05, 0, 0.00084, 0.00144, 0.00053, 0.00019, 7e-05, 3e-05, 2e-05, 0.00228, 0.00391, 0.00144, 0.00053, 0.00019, 7e-05, 4e-05, 0.00619, 0.01063, 0.00391, 0.00144, 0.00053, 0.00019, 0.00011, 0.01682, 0.0289, 0.01063, 0.00391, 0.00144, 0.00053, 0.00031, 0.04572, 0.07856, 0.0289, 0.01063, 0.00391, 0.00144, 0.00084, 0.19661, 0.33783, 0.12428, 0.04572, 0.01682, 0.00619, 0.0036], [0.00018, 0.00031, 0.00084, 0.00031, 0.00011, 4e-05, 2e-05, 0.00031, 0.00053, 0.00144, 0.00053, 0.00019, 7e-05, 4e-05, 0.00084, 0.00144, 0.00391, 0.00144, 0.00053, 0.00019, 0.00011, 0.00228, 0.00391, 0.01063, 0.00391, 0.00144, 0.00053, 0.00031, 0.00619, 0.01063, 0.0289, 0.01063, 0.00391, 0.00144, 0.00084, 0.01682, 0.0289, 0.07856, 0.0289, 0.01063, 0.00391, 0.00228, 0.07233, 0.12428, 0.33783, 0.12428, 0.04572, 0.01682, 0.00979], [7e-05, 0.00011, 0.00031, 0.00084, 0.00031, 0.00011, 7e-05, 0.00011, 0.00019, 0.00053, 0.00144, 0.00053, 0.00019, 0.00011, 0.00031, 0.00053, 0.00144, 0.00391, 0.00144, 0.00053, 0.00031, 0.00084, 0.00144, 0.00391, 0.01063, 0.00391, 0.00144, 0.00084, 0.00228, 0.00391, 0.01063, 0.0289, 0.01063, 0.00391, 0.00228, 0.00619, 0.01063, 0.0289, 0.07856, 0.0289, 0.01063, 0.00619, 0.02661, 0.04572, 0.12428, 0.33783, 0.12428, 0.04572, 0.02661], [2e-05, 4e-05, 0.00011, 0.00031, 0.00084, 0.00031, 0.00018, 4e-05, 7e-05, 0.00019, 0.00053, 0.00144, 0.00053, 0.00031, 0.00011, 0.00019, 0.00053, 0.00144, 0.00391, 0.00144, 0.00084, 0.00031, 0.00053, 0.00144, 0.00391, 0.01063, 0.00391, 0.00228, 0.00084, 0.00144, 0.00391, 0.01063, 0.0289, 0.01063, 0.00619, 0.00228, 0.00391, 0.01063, 0.0289, 0.07856, 0.0289, 0.01682, 0.00979, 0.01682, 0.04572, 0.12428, 0.33783, 0.12428, 0.07233], [0, 2e-05, 4e-05, 0.00011, 0.00031, 0.00084, 0.00049, 2e-05, 3e-05, 7e-05, 0.00019, 0.00053, 0.00144, 0.00084, 4e-05, 7e-05, 0.00019, 0.00053, 0.00144, 0.00391, 0.00228, 0.00011, 0.00019, 0.00053, 0.00144, 0.00391, 0.01063, 0.00619, 0.00031, 0.00053, 0.00144, 0.00391, 0.01063, 0.0289, 0.01682, 0.00084, 0.00144, 0.00391, 0.01063, 0.0289, 0.07856, 0.04572, 0.0036, 0.00619, 0.01682, 0.04572, 0.12428, 0.33783, 0.19661], [0, 0, 2e-05, 4e-05, 0.00011, 0.00031, 0.00132, 0, 0, 3e-05, 7e-05, 0.00019, 0.00053, 0.00228, 2e-05, 3e-05, 7e-05, 0.00019, 0.00053, 0.00144, 0.00619, 4e-05, 7e-05, 0.00019, 0.00053, 0.00144, 0.00391, 0.01682, 0.00011, 0.00019, 0.00053, 0.00144, 0.00391, 0.01063, 0.04572, 0.00031, 0.00053, 0.00144, 0.00391, 0.01063, 0.0289, 0.12428, 0.00132, 0.00228, 0.00619, 0.01682, 0.04572, 0.12428, 0.53445]]