[[0.71784, 0.09585, 0.01622, 0.00269, 0.00057, 0.09585, 0.03335, 0.00576, 0.00094, 0.00022, 0.01622, 0.00576, 0.00283, 0.00046, 0.00011, 0.00269, 0.00094, 0.00046, 0.00022, 5e-05, 0.00057, 0.00022, 0.00011, 5e-05, 3e-05], [0.12037, 0.57164, 0.09671, 0.01607, 0.00338, 0.04609, 0.06935, 0.03435, 0.00559, 0.0013, 0.0078, 0.01198, 0.00589, 0.00277, 0.00063, 0.0013, 0.00195, 0.00097, 0.00045, 0.0003, 0.00027, 0.00045, 0.00022, 0.0001, 6e-05], [0.02018, 0.09585, 0.57679, 0.09585, 0.02018, 0.00773, 0.03335, 0.07144, 0.03335, 0.00773, 0.00375, 0.00576, 0.01224, 0.00576, 0.00375, 0.00062, 0.00094, 0.00201, 0.00094, 0.00062, 0.00013, 0.00022, 0.00046, 0.00022, 0.00013], [0.00338, 0.01607, 0.09671, 0.57164, 0.12037, 0.0013, 0.00559, 0.03435, 0.06935, 0.04609, 0.00063, 0.00277, 0.00589, 0.01198, 0.0078, 0.0003, 0.00045, 0.00097, 0.00195, 0.0013, 6e-05, 0.0001, 0.00022, 0.00045, 0.00027], [0.00057, 0.00269, 0.01622, 0.09585, 0.71784, 0.00022, 0.00094, 0.00576, 0.03335, 0.09585, 0.00011, 0.00046, 0.00283, 0.00576, 0.01622, 5e-05, 0.00022, 0.00046, 0.00094, 0.00269, 3e-05, 5e-05, 0.00011, 0.00022, 0.00057], [0.12037, 0.04609, 0.0078, 0.0013, 0.00027, 0.57164, 0.06935, 0.01198, 0.00195, 0.00045, 0.09671, 0.03435, 0.00589, 0.00097, 0.00022, 0.01607, 0.00559, 0.00277, 0.00045, 0.0001, 0.00338, 0.0013, 0.00063, 0.0003, 6e-05], [0.05788, 0.09585, 0.04651, 0.00773, 0.00163, 0.09585, 0.4136, 0.07144, 0.01163, 0.00269, 0.04651, 0.07144, 0.03511, 0.00576, 0.00131, 0.00773, 0.01163, 0.00576, 0.00269, 0.00062, 0.00163, 0.00269, 0.00131, 0.00062, 0.00038], [0.00971, 0.04609, 0.09671, 0.04609, 0.00971, 0.01607, 0.06935, 0.42605, 0.06935, 0.01607, 0.0078, 0.03435, 0.07302, 0.03435, 0.0078, 0.00372, 0.00559, 0.01198, 0.00559, 0.00372, 0.00078, 0.0013, 0.00272, 0.0013, 0.00078], [0.00163, 0.00773, 0.04651, 0.09585, 0.05788, 0.00269, 0.01163, 0.07144, 0.4136, 0.09585, 0.00131, 0.00576, 0.03511, 0.07144, 0.04651, 0.00062, 0.00269, 0.00576, 0.01163, 0.00773, 0.00038, 0.00062, 0.00131, 0.00269, 0.00163], [0.00027, 0.0013, 0.0078, 0.04609, 0.12037, 0.00045, 0.00195, 0.01198, 0.06935, 0.57164, 0.00022, 0.00097, 0.00589, 0.03435, 0.09671, 0.0001, 0.00045, 0.00277, 0.00559, 0.01607, 6e-05, 0.0003, 0.00063, 0.0013, 0.00338], [0.02018, 0.00773, 0.00375, 0.00062, 0.00013, 0.09585, 0.03335, 0.00576, 0.00094, 0.00022, 0.57679, 0.07144, 0.01224, 0.00201, 0.00046, 0.09585, 0.03335, 0.00576, 0.00094, 0.00022, 0.02018, 0.00773, 0.00375, 0.00062, 0.00013], [0.00971, 0.01607, 0.0078, 0.00372, 0.00078, 0.04609, 0.06935, 0.03435, 0.00559, 0.0013, 0.09671, 0.42605, 0.07302, 0.01198, 0.00272, 0.04609, 0.06935, 0.03435, 0.00559, 0.0013, 0.00971, 0.01607, 0.0078, 0.00372, 0.00078], [0.00467, 0.00773, 0.01622, 0.00773, 0.00467, 0.00773, 0.03335, 0.07144, 0.03335, 0.00773, 0.01622, 0.07144, 0.43548, 0.07144, 0.01622, 0.00773, 0.03335, 0.07144, 0.03335, 0.00773, 0.00467, 0.00773, 0.01622, 0.00773, 0.00467], [0.00078, 0.00372, 0.0078, 0.01607, 0.00971, 0.0013, 0.00559, 0.03435, 0.06935, 0.04609, 0.00272, 0.01198, 0.07302, 0.42605, 0.09671, 0.0013, 0.00559, 0.03435, 0.06935, 0.04609, 0.00078, 0.00372, 0.0078, 0.01607, 0.00971], [0.00013, 0.00062, 0.00375, 0.00773, 0.02018, 0.00022, 0.00094, 0.00576, 0.03335, 0.09585, 0.00046, 0.00201, 0.01224, 0.07144, 0.57679, 0.00022, 0.00094, 0.00576, 0.03335, 0.09585, 0.00013, 0.00062, 0.00375, 0.00773, 0.02018], [0.00338, 0.0013, 0.00063, 0.0003, 6e-05, 0.01607, 0.00559, 0.00277, 0.00045, 0.0001, 0.09671, 0.03435, 0.00589, 0.00097, 0.00022, 0.57164, 0.06935, 0.01198, 0.00195, 0.00045, 0.12037, 0.04609, 0.0078, 0.0013, 0.00027], [0.00163, 0.00269, 0.00131, 0.00062, 0.00038, 0.00773, 0.01163, 0.00576, 0.00269, 0.00062, 0.04651, 0.07144, 0.03511, 0.00576, 0.00131, 0.09585, 0.4136, 0.07144, 0.01163, 0.00269, 0.05788, 0.09585, 0.04651, 0.00773, 0.00163], [0.00078, 0.0013, 0.00272, 0.0013, 0.00078, 0.00372, 0.00559, 0.01198, 0.00559, 0.00372, 0.0078, 0.03435, 0.07302, 0.03435, 0.0078, 0.01607, 0.06935, 0.42605, 0.06935, 0.01607, 0.00971, 0.04609, 0.09671, 0.04609, 0.00971], [0.00038, 0.00062, 0.00131, 0.00269, 0.00163, 0.00062, 0.00269, 0.00576, 0.01163, 0.00773, 0.00131, 0.00576, 0.03511, 0.07144, 0.04651, 0.00269, 0.01163, 0.07144, 0.4136, 0.09585, 0.00163, 0.00773, 0.04651, 0.09585, 0.05788], [6e-05, 0.0003, 0.00063, 0.0013, 0.00338, 0.0001, 0.00045, 0.00277, 0.00559, 0.01607, 0.00022, 0.00097, 0.00589, 0.03435, 0.09671, 0.00045, 0.00195, 0.01198, 0.06935, 0.57164, 0.00027, 0.0013, 0.0078, 0.04609, 0.12037], [0.00057, 0.00022, 0.00011, 5e-05, 3e-05, 0.00269, 0.00094, 0.00046, 0.00022, 5e-05, 0.01622, 0.00576, 0.00283, 0.00046, 0.00011, 0.09585, 0.03335, 0.00576, 0.00094, 0.00022, 0.71784, 0.09585, 0.01622, 0.00269, 0.00057], [0.00027, 0.00045, 0.00022, 0.0001, 6e-05, 0.0013, 0.00195, 0.00097, 0.00045, 0.0003, 0.0078, 0.01198, 0.00589, 0.00277, 0.00063, 0.04609, 0.06935, 0.03435, 0.00559, 0.0013, 0.12037, 0.57164, 0.09671, 0.01607, 0.00338], [0.00013, 0.00022, 0.00046, 0.00022, 0.00013, 0.00062, 0.00094, 0.00201, 0.00094, 0.00062, 0.00375, 0.00576, 0.01224, 0.00576, 0.00375, 0.00773, 0.03335, 0.07144, 0.03335, 0.00773, 0.02018, 0.09585, 0.57679, 0.09585, 0.02018], [6e-05, 0.0001, 0.00022, 0.00045, 0.00027, 0.0003, 0.00045, 0.00097, 0.00195, 0.0013, 0.00063, 0.00277, 0.00589, 0.01198, 0.0078, 0.0013, 0.00559, 0.03435, 0.06935, 0.04609, 0.00338, 0.01607, 0.09671, 0.57164, 0.12037], [3e-05, 5e-05, 0.00011, 0.00022, 0.00057, 5e-05, 0.00022, 0.00046, 0.00094, 0.00269, 0.00011, 0.00046, 0.00283, 0.00576, 0.01622, 0.00022, 0.00094, 0.00576, 0.03335, 0.09585, 0.00057, 0.00269, 0.01622, 0.09585, 0.71784]]