[[0.60867, 0.12318, 0.03471, 0.00978, 0.00384, 0.12318, 0.02493, 0.00702, 0.00198, 0.00078, 0.03471, 0.00702, 0.00198, 0.00056, 0.00022, 0.00978, 0.00198, 0.00056, 0.00016, 6e-05, 0.00384, 0.00078, 0.00022, 6e-05, 2e-05], [0.1715, 0.43716, 0.12318, 0.03471, 0.01362, 0.03471, 0.08847, 0.02493, 0.00702, 0.00276, 0.00978, 0.02493, 0.00702, 0.00198, 0.00078, 0.00276, 0.00702, 0.00198, 0.00056, 0.00022, 0.00108, 0.00276, 0.00078, 0.00022, 9e-05], [0.04832, 0.12318, 0.43716, 0.12318, 0.04832, 0.00978, 0.02493, 0.08847, 0.02493, 0.00978, 0.00276, 0.00702, 0.02493, 0.00702, 0.00276, 0.00078, 0.00198, 0.00702, 0.00198, 0.00078, 0.0003, 0.00078, 0.00276, 0.00078, 0.0003], [0.01362, 0.03471, 0.12318, 0.43716, 0.1715, 0.00276, 0.00702, 0.02493, 0.08847, 0.03471, 0.00078, 0.00198, 0.00702, 0.02493, 0.00978, 0.00022, 0.00056, 0.00198, 0.00702, 0.00276, 9e-05, 0.00022, 0.00078, 0.00276, 0.00108], [0.00384, 0.00978, 0.03471, 0.12318, 0.60867, 0.00078, 0.00198, 0.00702, 0.02493, 0.12318, 0.00022, 0.00056, 0.00198, 0.00702, 0.03471, 6e-05, 0.00016, 0.00056, 0.00198, 0.00978, 2e-05, 6e-05, 0.00022, 0.00078, 0.00384], [0.1715, 0.03471, 0.00978, 0.00276, 0.00108, 0.43716, 0.08847, 0.02493, 0.00702, 0.00276, 0.12318, 0.02493, 0.00702, 0.00198, 0.00078, 0.03471, 0.00702, 0.00198, 0.00056, 0.00022, 0.01362, 0.00276, 0.00078, 0.00022, 9e-05], [0.04832, 0.12318, 0.03471, 0.00978, 0.00384, 0.12318, 0.31398, 0.08847, 0.02493, 0.00978, 0.03471, 0.08847, 0.02493, 0.00702, 0.00276, 0.00978, 0.02493, 0.00702, 0.00198, 0.00078, 0.00384, 0.00978, 0.00276, 0.00078, 0.0003], [0.01362, 0.03471, 0.12318, 0.03471, 0.01362, 0.03471, 0.08847, 0.31398, 0.08847, 0.03471, 0.00978, 0.02493, 0.08847, 0.02493, 0.00978, 0.00276, 0.00702, 0.02493, 0.00702, 0.00276, 0.00108, 0.00276, 0.00978, 0.00276, 0.00108], [0.00384, 0.00978, 0.03471, 0.12318, 0.04832, 0.00978, 0.02493, 0.08847, 0.31398, 0.12318, 0.00276, 0.00702, 0.02493, 0.08847, 0.03471, 0.00078, 0.00198, 0.00702, 0.02493, 0.00978, 0.0003, 0.00078, 0.00276, 0.00978, 0.00384], [0.00108, 0.00276, 0.00978, 0.03471, 0.1715, 0.00276, 0.00702, 0.02493, 0.08847, 0.43716, 0.00078, 0.00198, 0.00702, 0.02493, 0.12318, 0.00022, 0.00056, 0.00198, 0.00702, 0.03471, 9e-05, 0.00022, 0.00078, 0.00276, 0.01362], [0.04832, 0.00978, 0.00276, 0.00078, 0.0003, 0.12318, 0.02493, 0.00702, 0.00198, 0.00078, 0.43716, 0.08847, 0.02493, 0.00702, 0.00276, 0.12318, 0.02493, 0.00702, 0.00198, 0.00078, 0.04832, 0.00978, 0.00276, 0.00078, 0.0003], [0.01362, 0.03471, 0.00978, 0.00276, 0.00108, 0.03471, 0.08847, 0.02493, 0.00702, 0.00276, 0.12318, 0.31398, 0.08847, 0.02493, 0.00978, 0.03471, 0.08847, 0.02493, 0.00702, 0.00276, 0.01362, 0.03471, 0.00978, 0.00276, 0.00108], [0.00384, 0.00978, 0.03471, 0.00978, 0.00384, 0.00978, 0.02493, 0.08847, 0.02493, 0.00978, 0.03471, 0.08847, 0.31398, 0.08847, 0.03471, 0.00978, 0.02493, 0.08847, 0.02493, 0.00978, 0.00384, 0.00978, 0.03471, 0.00978, 0.00384], [0.00108, 0.00276, 0.00978, 0.03471, 0.01362, 0.00276, 0.00702, 0.02493, 0.08847, 0.03471, 0.00978, 0.02493, 0.08847, 0.31398, 0.12318, 0.00276, 0.00702, 0.02493, 0.08847, 0.03471, 0.00108, 0.00276, 0.00978, 0.03471, 0.01362], [0.0003, 0.00078, 0.00276, 0.00978, 0.04832, 0.00078, 0.00198, 0.00702, 0.02493, 0.12318, 0.00276, 0.00702, 0.02493, 0.08847, 0.43716, 0.00078, 0.00198, 0.00702, 0.02493, 0.12318, 0.0003, 0.00078, 0.00276, 0.00978, 0.04832], [0.01362, 0.00276, 0.00078, 0.00022, 9e-05, 0.03471, 0.00702, 0.00198, 0.00056, 0.00022, 0.12318, 0.02493, 0.00702, 0.00198, 0.00078, 0.43716, 0.08847, 0.02493, 0.00702, 0.00276, 0.1715, 0.03471, 0.00978, 0.00276, 0.00108], [0.00384, 0.00978, 0.00276, 0.00078, 0.0003, 0.00978, 0.02493, 0.00702, 0.00198, 0.00078, 0.03471, 0.08847, 0.02493, 0.00702, 0.00276, 0.12318, 0.31398, 0.08847, 0.02493, 0.00978, 0.04832, 0.12318, 0.03471, 0.00978, 0.00384], [0.00108, 0.00276, 0.00978, 0.00276, 0.00108, 0.00276, 0.00702, 0.02493, 0.00702, 0.00276, 0.00978, 0.02493, 0.08847, 0.02493, 0.00978, 0.03471, 0.08847, 0.31398, 0.08847, 0.03471, 0.01362, 0.03471, 0.12318, 0.03471, 0.01362], [0.0003, 0.00078, 0.00276, 0.00978, 0.00384, 0.00078, 0.00198, 0.00702, 0.02493, 0.00978, 0.00276, 0.00702, 0.02493, 0.08847, 0.03471, 0.00978, 0.02493, 0.08847, 0.31398, 0.12318, 0.00384, 0.00978, 0.03471, 0.12318, 0.04832], [9e-05, 0.00022, 0.00078, 0.00276, 0.01362, 0.00022, 0.00056, 0.00198, 0.00702, 0.03471, 0.00078, 0.00198, 0.00702, 0.02493, 0.12318, 0.00276, 0.00702, 0.02493, 0.08847, 0.43716, 0.00108, 0.00276, 0.00978, 0.03471, 0.1715], [0.00384, 0.00078, 0.00022, 6e-05, 2e-05, 0.00978, 0.00198, 0.00056, 0.00016, 6e-05, 0.03471, 0.00702, 0.00198, 0.00056, 0.00022, 0.12318, 0.02493, 0.00702, 0.00198, 0.00078, 0.60867, 0.12318, 0.03471, 0.00978, 0.00384], [0.00108, 0.00276, 0.00078, 0.00022, 9e-05, 0.00276, 0.00702, 0.00198, 0.00056, 0.00022, 0.00978, 0.02493, 0.00702, 0.00198, 0.00078, 0.03471, 0.08847, 0.02493, 0.00702, 0.00276, 0.1715, 0.43716, 0.12318, 0.03471, 0.01362], [0.0003, 0.00078, 0.00276, 0.00078, 0.0003, 0.00078, 0.00198, 0.00702, 0.00198, 0.00078, 0.00276, 0.00702, 0.02493, 0.00702, 0.00276, 0.00978, 0.02493, 0.08847, 0.02493, 0.00978, 0.04832, 0.12318, 0.43716, 0.12318, 0.04832], [9e-05, 0.00022, 0.00078, 0.00276, 0.00108, 0.00022, 0.00056, 0.00198, 0.00702, 0.00276, 0.00078, 0.00198, 0.00702, 0.02493, 0.00978, 0.00276, 0.00702, 0.02493, 0.08847, 0.03471, 0.01362, 0.03471, 0.12318, 0.43716, 0.1715], [2e-05, 6e-05, 0.00022, 0.00078, 0.00384, 6e-05, 0.00016, 0.00056, 0.00198, 0.00978, 0.00022, 0.00056, 0.00198, 0.00702, 0.03471, 0.00078, 0.00198, 0.00702, 0.02493, 0.12318, 0.00384, 0.00978, 0.03471, 0.12318, 0.60867]]