[[0.73798, 0.08988, 0.01352, 0.00201, 0.00037, 0.08988, 0.03108, 0.00651, 0.00112, 0.00024, 0.01352, 0.00651, 0.00219, 0.00048, 0.00012, 0.00201, 0.00112, 0.00048, 0.00015, 4e-05, 0.00037, 0.00024, 0.00012, 4e-05, 2e-05], [0.11038, 0.60093, 0.09036, 0.01344, 0.00247, 0.04124, 0.06774, 0.03149, 0.00642, 0.00148, 0.00857, 0.01027, 0.00659, 0.00216, 0.00063, 0.00148, 0.00152, 0.00113, 0.00048, 0.00019, 0.00029, 0.0003, 0.00024, 0.00012, 6e-05], [0.01651, 0.08988, 0.60416, 0.08988, 0.01651, 0.00852, 0.03108, 0.06863, 0.03108, 0.00852, 0.00285, 0.00651, 0.0104, 0.00651, 0.00285, 0.00063, 0.00112, 0.00154, 0.00112, 0.00063, 0.00015, 0.00024, 0.0003, 0.00024, 0.00015], [0.00247, 0.01344, 0.09036, 0.60093, 0.11038, 0.00148, 0.00642, 0.03149, 0.06774, 0.04124, 0.00063, 0.00216, 0.00659, 0.01027, 0.00857, 0.00019, 0.00048, 0.00113, 0.00152, 0.00148, 6e-05, 0.00012, 0.00024, 0.0003, 0.00029], [0.00037, 0.00201, 0.01352, 0.08988, 0.73798, 0.00024, 0.00112, 0.00651, 0.03108, 0.08988, 0.00012, 0.00048, 0.00219, 0.00651, 0.01352, 4e-05, 0.00015, 0.00048, 0.00112, 0.00201, 2e-05, 4e-05, 0.00012, 0.00024, 0.00037], [0.11038, 0.04124, 0.00857, 0.00148, 0.00029, 0.60093, 0.06774, 0.01027, 0.00152, 0.0003, 0.09036, 0.03149, 0.00659, 0.00113, 0.00024, 0.01344, 0.00642, 0.00216, 0.00048, 0.00012, 0.00247, 0.00148, 0.00063, 0.00019, 6e-05], [0.05065, 0.08988, 0.04146, 0.00852, 0.00182, 0.08988, 0.45288, 0.06863, 0.01013, 0.00201, 0.04146, 0.06863, 0.03191, 0.00651, 0.00149, 0.00852, 0.01013, 0.00651, 0.00213, 0.00063, 0.00182, 0.00201, 0.00149, 0.00063, 0.00024], [0.01046, 0.04124, 0.09036, 0.04124, 0.01046, 0.01344, 0.06774, 0.45889, 0.06774, 0.01344, 0.00857, 0.03149, 0.06955, 0.03149, 0.00857, 0.00283, 0.00642, 0.01027, 0.00642, 0.00283, 0.00077, 0.00148, 0.00202, 0.00148, 0.00077], [0.00182, 0.00852, 0.04146, 0.08988, 0.05065, 0.00201, 0.01013, 0.06863, 0.45288, 0.08988, 0.00149, 0.00651, 0.03191, 0.06863, 0.04146, 0.00063, 0.00213, 0.00651, 0.01013, 0.00852, 0.00024, 0.00063, 0.00149, 0.00201, 0.00182], [0.00029, 0.00148, 0.00857, 0.04124, 0.11038, 0.0003, 0.00152, 0.01027, 0.06774, 0.60093, 0.00024, 0.00113, 0.00659, 0.03149, 0.09036, 0.00012, 0.00048, 0.00216, 0.00642, 0.01344, 6e-05, 0.00019, 0.00063, 0.00148, 0.00247], [0.01651, 0.00852, 0.00285, 0.00063, 0.00015, 0.08988, 0.03108, 0.00651, 0.00112, 0.00024, 0.60416, 0.06863, 0.0104, 0.00154, 0.0003, 0.08988, 0.03108, 0.00651, 0.00112, 0.00024, 0.01651, 0.00852, 0.00285, 0.00063, 0.00015], [0.01046, 0.01344, 0.00857, 0.00283, 0.00077, 0.04124, 0.06774, 0.03149, 0.00642, 0.00148, 0.09036, 0.45889, 0.06955, 0.01027, 0.00202, 0.04124, 0.06774, 0.03149, 0.00642, 0.00148, 0.01046, 0.01344, 0.00857, 0.00283, 0.00077], [0.00348, 0.00852, 0.01352, 0.00852, 0.00348, 0.00852, 0.03108, 0.06863, 0.03108, 0.00852, 0.01352, 0.06863, 0.465, 0.06863, 0.01352, 0.00852, 0.03108, 0.06863, 0.03108, 0.00852, 0.00348, 0.00852, 0.01352, 0.00852, 0.00348], [0.00077, 0.00283, 0.00857, 0.01344, 0.01046, 0.00148, 0.00642, 0.03149, 0.06774, 0.04124, 0.00202, 0.01027, 0.06955, 0.45889, 0.09036, 0.00148, 0.00642, 0.03149, 0.06774, 0.04124, 0.00077, 0.00283, 0.00857, 0.01344, 0.01046], [0.00015, 0.00063, 0.00285, 0.00852, 0.01651, 0.00024, 0.00112, 0.00651, 0.03108, 0.08988, 0.0003, 0.00154, 0.0104, 0.06863, 0.60416, 0.00024, 0.00112, 0.00651, 0.03108, 0.08988, 0.00015, 0.00063, 0.00285, 0.00852, 0.01651], [0.00247, 0.00148, 0.00063, 0.00019, 6e-05, 0.01344, 0.00642, 0.00216, 0.00048, 0.00012, 0.09036, 0.03149, 0.00659, 0.00113, 0.00024, 0.60093, 0.06774, 0.01027, 0.00152, 0.0003, 0.11038, 0.04124, 0.00857, 0.00148, 0.00029], [0.00182, 0.00201, 0.00149, 0.00063, 0.00024, 0.00852, 0.01013, 0.00651, 0.00213, 0.00063, 0.04146, 0.06863, 0.03191, 0.00651, 0.00149, 0.08988, 0.45288, 0.06863, 0.01013, 0.00201, 0.05065, 0.08988, 0.04146, 0.00852, 0.00182], [0.00077, 0.00148, 0.00202, 0.00148, 0.00077, 0.00283, 0.00642, 0.01027, 0.00642, 0.00283, 0.00857, 0.03149, 0.06955, 0.03149, 0.00857, 0.01344, 0.06774, 0.45889, 0.06774, 0.01344, 0.01046, 0.04124, 0.09036, 0.04124, 0.01046], [0.00024, 0.00063, 0.00149, 0.00201, 0.00182, 0.00063, 0.00213, 0.00651, 0.01013, 0.00852, 0.00149, 0.00651, 0.03191, 0.06863, 0.04146, 0.00201, 0.01013, 0.06863, 0.45288, 0.08988, 0.00182, 0.00852, 0.04146, 0.08988, 0.05065], [6e-05, 0.00019, 0.00063, 0.00148, 0.00247, 0.00012, 0.00048, 0.00216, 0.00642, 0.01344, 0.00024, 0.00113, 0.00659, 0.03149, 0.09036, 0.0003, 0.00152, 0.01027, 0.06774, 0.60093, 0.00029, 0.00148, 0.00857, 0.04124, 0.11038], [0.00037, 0.00024, 0.00012, 4e-05, 2e-05, 0.00201, 0.00112, 0.00048, 0.00015, 4e-05, 0.01352, 0.00651, 0.00219, 0.00048, 0.00012, 0.08988, 0.03108, 0.00651, 0.00112, 0.00024, 0.73798, 0.08988, 0.01352, 0.00201, 0.00037], [0.00029, 0.0003, 0.00024, 0.00012, 6e-05, 0.00148, 0.00152, 0.00113, 0.00048, 0.00019, 0.00857, 0.01027, 0.00659, 0.00216, 0.00063, 0.04124, 0.06774, 0.03149, 0.00642, 0.00148, 0.11038, 0.60093, 0.09036, 0.01344, 0.00247], [0.00015, 0.00024, 0.0003, 0.00024, 0.00015, 0.00063, 0.00112, 0.00154, 0.00112, 0.00063, 0.00285, 0.00651, 0.0104, 0.00651, 0.00285, 0.00852, 0.03108, 0.06863, 0.03108, 0.00852, 0.01651, 0.08988, 0.60416, 0.08988, 0.01651], [6e-05, 0.00012, 0.00024, 0.0003, 0.00029, 0.00019, 0.00048, 0.00113, 0.00152, 0.00148, 0.00063, 0.00216, 0.00659, 0.01027, 0.00857, 0.00148, 0.00642, 0.03149, 0.06774, 0.04124, 0.00247, 0.01344, 0.09036, 0.60093, 0.11038], [2e-05, 4e-05, 0.00012, 0.00024, 0.00037, 4e-05, 0.00015, 0.00048, 0.00112, 0.00201, 0.00012, 0.00048, 0.00219, 0.00651, 0.01352, 0.00024, 0.00112, 0.00651, 0.03108, 0.08988, 0.00037, 0.00201, 0.01352, 0.08988, 0.73798]]