[[0.64519, 0.10896, 0.02586, 0.00594, 0.00192, 0.10896, 0.0362, 0.00907, 0.00197, 0.00076, 0.02586, 0.00907, 0.00521, 0.00117, 0.00043, 0.00594, 0.00197, 0.00117, 0.0006, 0.00023, 0.00192, 0.00076, 0.00043, 0.00023, 0.00018], [0.15066, 0.46662, 0.11074, 0.02544, 0.00821, 0.06002, 0.06572, 0.03885, 0.00845, 0.00327, 0.01424, 0.01647, 0.00946, 0.005, 0.00183, 0.00327, 0.00358, 0.00212, 0.00109, 0.00099, 0.00106, 0.00139, 0.00078, 0.00042, 0.00032], [0.03518, 0.10896, 0.47426, 0.10896, 0.03518, 0.01401, 0.0362, 0.07053, 0.0362, 0.01401, 0.00785, 0.00907, 0.01717, 0.00907, 0.00785, 0.0018, 0.00197, 0.00385, 0.00197, 0.0018, 0.00058, 0.00076, 0.00141, 0.00076, 0.00058], [0.00821, 0.02544, 0.11074, 0.46662, 0.15066, 0.00327, 0.00845, 0.03885, 0.06572, 0.06002, 0.00183, 0.005, 0.00946, 0.01647, 0.01424, 0.00099, 0.00109, 0.00212, 0.00358, 0.00327, 0.00032, 0.00042, 0.00078, 0.00139, 0.00106], [0.00192, 0.00594, 0.02586, 0.10896, 0.64519, 0.00076, 0.00197, 0.00907, 0.0362, 0.10896, 0.00043, 0.00117, 0.00521, 0.00907, 0.02586, 0.00023, 0.0006, 0.00117, 0.00197, 0.00594, 0.00018, 0.00023, 0.00043, 0.00076, 0.00192], [0.15066, 0.06002, 0.01424, 0.00327, 0.00106, 0.46662, 0.06572, 0.01647, 0.00358, 0.00139, 0.11074, 0.03885, 0.00946, 0.00212, 0.00078, 0.02544, 0.00845, 0.005, 0.00109, 0.00042, 0.00821, 0.00327, 0.00183, 0.00099, 0.00032], [0.08298, 0.10896, 0.061, 0.01401, 0.00452, 0.10896, 0.28147, 0.07053, 0.01535, 0.00594, 0.061, 0.07053, 0.04049, 0.00907, 0.00333, 0.01401, 0.01535, 0.00907, 0.00466, 0.0018, 0.00452, 0.00594, 0.00333, 0.0018, 0.00137], [0.01938, 0.06002, 0.11074, 0.06002, 0.01938, 0.02544, 0.06572, 0.30206, 0.06572, 0.02544, 0.01424, 0.03885, 0.07351, 0.03885, 0.01424, 0.00772, 0.00845, 0.01647, 0.00845, 0.00772, 0.00249, 0.00327, 0.00604, 0.00327, 0.00249], [0.00452, 0.01401, 0.061, 0.10896, 0.08298, 0.00594, 0.01535, 0.07053, 0.28147, 0.10896, 0.00333, 0.00907, 0.04049, 0.07053, 0.061, 0.0018, 0.00466, 0.00907, 0.01535, 0.01401, 0.00137, 0.0018, 0.00333, 0.00594, 0.00452], [0.00106, 0.00327, 0.01424, 0.06002, 0.15066, 0.00139, 0.00358, 0.01647, 0.06572, 0.46662, 0.00078, 0.00212, 0.00946, 0.03885, 0.11074, 0.00042, 0.00109, 0.005, 0.00845, 0.02544, 0.00032, 0.00099, 0.00183, 0.00327, 0.00821], [0.03518, 0.01401, 0.00785, 0.0018, 0.00058, 0.10896, 0.0362, 0.00907, 0.00197, 0.00076, 0.47426, 0.07053, 0.01717, 0.00385, 0.00141, 0.10896, 0.0362, 0.00907, 0.00197, 0.00076, 0.03518, 0.01401, 0.00785, 0.0018, 0.00058], [0.01938, 0.02544, 0.01424, 0.00772, 0.00249, 0.06002, 0.06572, 0.03885, 0.00845, 0.00327, 0.11074, 0.30206, 0.07351, 0.01647, 0.00604, 0.06002, 0.06572, 0.03885, 0.00845, 0.00327, 0.01938, 0.02544, 0.01424, 0.00772, 0.00249], [0.01067, 0.01401, 0.02586, 0.01401, 0.01067, 0.01401, 0.0362, 0.07053, 0.0362, 0.01401, 0.02586, 0.07053, 0.31482, 0.07053, 0.02586, 0.01401, 0.0362, 0.07053, 0.0362, 0.01401, 0.01067, 0.01401, 0.02586, 0.01401, 0.01067], [0.00249, 0.00772, 0.01424, 0.02544, 0.01938, 0.00327, 0.00845, 0.03885, 0.06572, 0.06002, 0.00604, 0.01647, 0.07351, 0.30206, 0.11074, 0.00327, 0.00845, 0.03885, 0.06572, 0.06002, 0.00249, 0.00772, 0.01424, 0.02544, 0.01938], [0.00058, 0.0018, 0.00785, 0.01401, 0.03518, 0.00076, 0.00197, 0.00907, 0.0362, 0.10896, 0.00141, 0.00385, 0.01717, 0.07053, 0.47426, 0.00076, 0.00197, 0.00907, 0.0362, 0.10896, 0.00058, 0.0018, 0.00785, 0.01401, 0.03518], [0.00821, 0.00327, 0.00183, 0.00099, 0.00032, 0.02544, 0.00845, 0.005, 0.00109, 0.00042, 0.11074, 0.03885, 0.00946, 0.00212, 0.00078, 0.46662, 0.06572, 0.01647, 0.00358, 0.00139, 0.15066, 0.06002, 0.01424, 0.00327, 0.00106], [0.00452, 0.00594, 0.00333, 0.0018, 0.00137, 0.01401, 0.01535, 0.00907, 0.00466, 0.0018, 0.061, 0.07053, 0.04049, 0.00907, 0.00333, 0.10896, 0.28147, 0.07053, 0.01535, 0.00594, 0.08298, 0.10896, 0.061, 0.01401, 0.00452], [0.00249, 0.00327, 0.00604, 0.00327, 0.00249, 0.00772, 0.00845, 0.01647, 0.00845, 0.00772, 0.01424, 0.03885, 0.07351, 0.03885, 0.01424, 0.02544, 0.06572, 0.30206, 0.06572, 0.02544, 0.01938, 0.06002, 0.11074, 0.06002, 0.01938], [0.00137, 0.0018, 0.00333, 0.00594, 0.00452, 0.0018, 0.00466, 0.00907, 0.01535, 0.01401, 0.00333, 0.00907, 0.04049, 0.07053, 0.061, 0.00594, 0.01535, 0.07053, 0.28147, 0.10896, 0.00452, 0.01401, 0.061, 0.10896, 0.08298], [0.00032, 0.00099, 0.00183, 0.00327, 0.00821, 0.00042, 0.00109, 0.005, 0.00845, 0.02544, 0.00078, 0.00212, 0.00946, 0.03885, 0.11074, 0.00139, 0.00358, 0.01647, 0.06572, 0.46662, 0.00106, 0.00327, 0.01424, 0.06002, 0.15066], [0.00192, 0.00076, 0.00043, 0.00023, 0.00018, 0.00594, 0.00197, 0.00117, 0.0006, 0.00023, 0.02586, 0.00907, 0.00521, 0.00117, 0.00043, 0.10896, 0.0362, 0.00907, 0.00197, 0.00076, 0.64519, 0.10896, 0.02586, 0.00594, 0.00192], [0.00106, 0.00139, 0.00078, 0.00042, 0.00032, 0.00327, 0.00358, 0.00212, 0.00109, 0.00099, 0.01424, 0.01647, 0.00946, 0.005, 0.00183, 0.06002, 0.06572, 0.03885, 0.00845, 0.00327, 0.15066, 0.46662, 0.11074, 0.02544, 0.00821], [0.00058, 0.00076, 0.00141, 0.00076, 0.00058, 0.0018, 0.00197, 0.00385, 0.00197, 0.0018, 0.00785, 0.00907, 0.01717, 0.00907, 0.00785, 0.01401, 0.0362, 0.07053, 0.0362, 0.01401, 0.03518, 0.10896, 0.47426, 0.10896, 0.03518], [0.00032, 0.00042, 0.00078, 0.00139, 0.00106, 0.00099, 0.00109, 0.00212, 0.00358, 0.00327, 0.00183, 0.005, 0.00946, 0.01647, 0.01424, 0.00327, 0.00845, 0.03885, 0.06572, 0.06002, 0.00821, 0.02544, 0.11074, 0.46662, 0.15066], [0.00018, 0.00023, 0.00043, 0.00076, 0.00192, 0.00023, 0.0006, 0.00117, 0.00197, 0.00594, 0.00043, 0.00117, 0.00521, 0.00907, 0.02586, 0.00076, 0.00197, 0.00907, 0.0362, 0.10896, 0.00192, 0.00594, 0.02586, 0.10896, 0.64519]]