[[0.72756, 0.09368, 0.0151, 0.00239, 0.00048, 0.09368, 0.03258, 0.00535, 0.00083, 0.00018, 0.0151, 0.00535, 0.00257, 0.0004, 9e-05, 0.00239, 0.00083, 0.0004, 0.00019, 4e-05, 0.00048, 0.00018, 9e-05, 4e-05, 2e-05], [0.11632, 0.58594, 0.09445, 0.01498, 0.00297, 0.04418, 0.06909, 0.03345, 0.00521, 0.00113, 0.00712, 0.01134, 0.00545, 0.00252, 0.00054, 0.00113, 0.00177, 0.00085, 0.00039, 0.00025, 0.00022, 0.00038, 0.00018, 9e-05, 5e-05], [0.0186, 0.09368, 0.59075, 0.09368, 0.0186, 0.00706, 0.03258, 0.07093, 0.03258, 0.00706, 0.00336, 0.00535, 0.01157, 0.00535, 0.00336, 0.00053, 0.00083, 0.00181, 0.00083, 0.00053, 0.00011, 0.00018, 0.00039, 0.00018, 0.00011], [0.00297, 0.01498, 0.09445, 0.58594, 0.11632, 0.00113, 0.00521, 0.03345, 0.06909, 0.04418, 0.00054, 0.00252, 0.00545, 0.01134, 0.00712, 0.00025, 0.00039, 0.00085, 0.00177, 0.00113, 5e-05, 9e-05, 0.00018, 0.00038, 0.00022], [0.00048, 0.00239, 0.0151, 0.09368, 0.72756, 0.00018, 0.00083, 0.00535, 0.03258, 0.09368, 9e-05, 0.0004, 0.00257, 0.00535, 0.0151, 4e-05, 0.00019, 0.0004, 0.00083, 0.00239, 2e-05, 4e-05, 9e-05, 0.00018, 0.00048], [0.11632, 0.04418, 0.00712, 0.00113, 0.00022, 0.58594, 0.06909, 0.01134, 0.00177, 0.00038, 0.09445, 0.03345, 0.00545, 0.00085, 0.00018, 0.01498, 0.00521, 0.00252, 0.00039, 9e-05, 0.00297, 0.00113, 0.00054, 0.00025, 5e-05], [0.05486, 0.09368, 0.04454, 0.00706, 0.0014, 0.09368, 0.43212, 0.07093, 0.01105, 0.00239, 0.04454, 0.07093, 0.03412, 0.00535, 0.00114, 0.00706, 0.01105, 0.00535, 0.00246, 0.00053, 0.0014, 0.00239, 0.00114, 0.00053, 0.00031], [0.00877, 0.04418, 0.09445, 0.04418, 0.00877, 0.01498, 0.06909, 0.44363, 0.06909, 0.01498, 0.00712, 0.03345, 0.07235, 0.03345, 0.00712, 0.00333, 0.00521, 0.01134, 0.00521, 0.00333, 0.00066, 0.00113, 0.00241, 0.00113, 0.00066], [0.0014, 0.00706, 0.04454, 0.09368, 0.05486, 0.00239, 0.01105, 0.07093, 0.43212, 0.09368, 0.00114, 0.00535, 0.03412, 0.07093, 0.04454, 0.00053, 0.00246, 0.00535, 0.01105, 0.00706, 0.00031, 0.00053, 0.00114, 0.00239, 0.0014], [0.00022, 0.00113, 0.00712, 0.04418, 0.11632, 0.00038, 0.00177, 0.01134, 0.06909, 0.58594, 0.00018, 0.00085, 0.00545, 0.03345, 0.09445, 9e-05, 0.00039, 0.00252, 0.00521, 0.01498, 5e-05, 0.00025, 0.00054, 0.00113, 0.00297], [0.0186, 0.00706, 0.00336, 0.00053, 0.00011, 0.09368, 0.03258, 0.00535, 0.00083, 0.00018, 0.59075, 0.07093, 0.01157, 0.00181, 0.00039, 0.09368, 0.03258, 0.00535, 0.00083, 0.00018, 0.0186, 0.00706, 0.00336, 0.00053, 0.00011], [0.00877, 0.01498, 0.00712, 0.00333, 0.00066, 0.04418, 0.06909, 0.03345, 0.00521, 0.00113, 0.09445, 0.44363, 0.07235, 0.01134, 0.00241, 0.04418, 0.06909, 0.03345, 0.00521, 0.00113, 0.00877, 0.01498, 0.00712, 0.00333, 0.00066], [0.00414, 0.00706, 0.0151, 0.00706, 0.00414, 0.00706, 0.03258, 0.07093, 0.03258, 0.00706, 0.0151, 0.07093, 0.45252, 0.07093, 0.0151, 0.00706, 0.03258, 0.07093, 0.03258, 0.00706, 0.00414, 0.00706, 0.0151, 0.00706, 0.00414], [0.00066, 0.00333, 0.00712, 0.01498, 0.00877, 0.00113, 0.00521, 0.03345, 0.06909, 0.04418, 0.00241, 0.01134, 0.07235, 0.44363, 0.09445, 0.00113, 0.00521, 0.03345, 0.06909, 0.04418, 0.00066, 0.00333, 0.00712, 0.01498, 0.00877], [0.00011, 0.00053, 0.00336, 0.00706, 0.0186, 0.00018, 0.00083, 0.00535, 0.03258, 0.09368, 0.00039, 0.00181, 0.01157, 0.07093, 0.59075, 0.00018, 0.00083, 0.00535, 0.03258, 0.09368, 0.00011, 0.00053, 0.00336, 0.00706, 0.0186], [0.00297, 0.00113, 0.00054, 0.00025, 5e-05, 0.01498, 0.00521, 0.00252, 0.00039, 9e-05, 0.09445, 0.03345, 0.00545, 0.00085, 0.00018, 0.58594, 0.06909, 0.01134, 0.00177, 0.00038, 0.11632, 0.04418, 0.00712, 0.00113, 0.00022], [0.0014, 0.00239, 0.00114, 0.00053, 0.00031, 0.00706, 0.01105, 0.00535, 0.00246, 0.00053, 0.04454, 0.07093, 0.03412, 0.00535, 0.00114, 0.09368, 0.43212, 0.07093, 0.01105, 0.00239, 0.05486, 0.09368, 0.04454, 0.00706, 0.0014], [0.00066, 0.00113, 0.00241, 0.00113, 0.00066, 0.00333, 0.00521, 0.01134, 0.00521, 0.00333, 0.00712, 0.03345, 0.07235, 0.03345, 0.00712, 0.01498, 0.06909, 0.44363, 0.06909, 0.01498, 0.00877, 0.04418, 0.09445, 0.04418, 0.00877], [0.00031, 0.00053, 0.00114, 0.00239, 0.0014, 0.00053, 0.00246, 0.00535, 0.01105, 0.00706, 0.00114, 0.00535, 0.03412, 0.07093, 0.04454, 0.00239, 0.01105, 0.07093, 0.43212, 0.09368, 0.0014, 0.00706, 0.04454, 0.09368, 0.05486], [5e-05, 0.00025, 0.00054, 0.00113, 0.00297, 9e-05, 0.00039, 0.00252, 0.00521, 0.01498, 0.00018, 0.00085, 0.00545, 0.03345, 0.09445, 0.00038, 0.00177, 0.01134, 0.06909, 0.58594, 0.00022, 0.00113, 0.00712, 0.04418, 0.11632], [0.00048, 0.00018, 9e-05, 4e-05, 2e-05, 0.00239, 0.00083, 0.0004, 0.00019, 4e-05, 0.0151, 0.00535, 0.00257, 0.0004, 9e-05, 0.09368, 0.03258, 0.00535, 0.00083, 0.00018, 0.72756, 0.09368, 0.0151, 0.00239, 0.00048], [0.00022, 0.00038, 0.00018, 9e-05, 5e-05, 0.00113, 0.00177, 0.00085, 0.00039, 0.00025, 0.00712, 0.01134, 0.00545, 0.00252, 0.00054, 0.04418, 0.06909, 0.03345, 0.00521, 0.00113, 0.11632, 0.58594, 0.09445, 0.01498, 0.00297], [0.00011, 0.00018, 0.00039, 0.00018, 0.00011, 0.00053, 0.00083, 0.00181, 0.00083, 0.00053, 0.00336, 0.00535, 0.01157, 0.00535, 0.00336, 0.00706, 0.03258, 0.07093, 0.03258, 0.00706, 0.0186, 0.09368, 0.59075, 0.09368, 0.0186], [5e-05, 9e-05, 0.00018, 0.00038, 0.00022, 0.00025, 0.00039, 0.00085, 0.00177, 0.00113, 0.00054, 0.00252, 0.00545, 0.01134, 0.00712, 0.00113, 0.00521, 0.03345, 0.06909, 0.04418, 0.00297, 0.01498, 0.09445, 0.58594, 0.11632], [2e-05, 4e-05, 9e-05, 0.00018, 0.00048, 4e-05, 0.00019, 0.0004, 0.00083, 0.00239, 9e-05, 0.0004, 0.00257, 0.00535, 0.0151, 0.00018, 0.00083, 0.00535, 0.03258, 0.09368, 0.00048, 0.00239, 0.0151, 0.09368, 0.72756]]