[[0.74532, 0.08948, 0.01317, 0.00191, 0.00034, 0.08948, 0.03099, 0.00462, 0.00066, 0.00013, 0.01317, 0.00462, 0.00214, 0.00031, 6e-05, 0.00191, 0.00066, 0.00031, 0.00014, 3e-05, 0.00034, 0.00013, 6e-05, 3e-05, 1e-05], [0.10893, 0.61219, 0.09009, 0.01308, 0.00233, 0.04067, 0.06817, 0.03164, 0.00453, 0.00087, 0.00599, 0.01017, 0.0047, 0.0021, 0.0004, 0.00087, 0.00146, 0.00068, 0.0003, 0.00018, 0.00015, 0.00028, 0.00013, 6e-05, 3e-05], [0.01592, 0.08948, 0.61642, 0.08948, 0.01592, 0.00594, 0.03099, 0.06962, 0.03099, 0.00594, 0.00272, 0.00462, 0.01034, 0.00462, 0.00272, 0.00039, 0.00066, 0.00149, 0.00066, 0.00039, 7e-05, 0.00013, 0.00028, 0.00013, 7e-05], [0.00233, 0.01308, 0.09009, 0.61219, 0.10893, 0.00087, 0.00453, 0.03164, 0.06817, 0.04067, 0.0004, 0.0021, 0.0047, 0.01017, 0.00599, 0.00018, 0.0003, 0.00068, 0.00146, 0.00087, 3e-05, 6e-05, 0.00013, 0.00028, 0.00015], [0.00034, 0.00191, 0.01317, 0.08948, 0.74532, 0.00013, 0.00066, 0.00462, 0.03099, 0.08948, 6e-05, 0.00031, 0.00214, 0.00462, 0.01317, 3e-05, 0.00014, 0.00031, 0.00066, 0.00191, 1e-05, 3e-05, 6e-05, 0.00013, 0.00034], [0.10893, 0.04067, 0.00599, 0.00087, 0.00015, 0.61219, 0.06817, 0.01017, 0.00146, 0.00028, 0.09009, 0.03164, 0.0047, 0.00068, 0.00013, 0.01308, 0.00453, 0.0021, 0.0003, 6e-05, 0.00233, 0.00087, 0.0004, 0.00018, 3e-05], [0.04952, 0.08948, 0.04095, 0.00594, 0.00106, 0.08948, 0.46641, 0.06962, 0.00996, 0.00191, 0.04095, 0.06962, 0.03217, 0.00462, 0.00087, 0.00594, 0.00996, 0.00462, 0.00206, 0.00039, 0.00106, 0.00191, 0.00087, 0.00039, 0.00022], [0.00724, 0.04067, 0.09009, 0.04067, 0.00724, 0.01308, 0.06817, 0.47631, 0.06817, 0.01308, 0.00599, 0.03164, 0.07077, 0.03164, 0.00599, 0.0027, 0.00453, 0.01017, 0.00453, 0.0027, 0.00048, 0.00087, 0.00192, 0.00087, 0.00048], [0.00106, 0.00594, 0.04095, 0.08948, 0.04952, 0.00191, 0.00996, 0.06962, 0.46641, 0.08948, 0.00087, 0.00462, 0.03217, 0.06962, 0.04095, 0.00039, 0.00206, 0.00462, 0.00996, 0.00594, 0.00022, 0.00039, 0.00087, 0.00191, 0.00106], [0.00015, 0.00087, 0.00599, 0.04067, 0.10893, 0.00028, 0.00146, 0.01017, 0.06817, 0.61219, 0.00013, 0.00068, 0.0047, 0.03164, 0.09009, 6e-05, 0.0003, 0.0021, 0.00453, 0.01308, 3e-05, 0.00018, 0.0004, 0.00087, 0.00233], [0.01592, 0.00594, 0.00272, 0.00039, 7e-05, 0.08948, 0.03099, 0.00462, 0.00066, 0.00013, 0.61642, 0.06962, 0.01034, 0.00149, 0.00028, 0.08948, 0.03099, 0.00462, 0.00066, 0.00013, 0.01592, 0.00594, 0.00272, 0.00039, 7e-05], [0.00724, 0.01308, 0.00599, 0.0027, 0.00048, 0.04067, 0.06817, 0.03164, 0.00453, 0.00087, 0.09009, 0.47631, 0.07077, 0.01017, 0.00192, 0.04067, 0.06817, 0.03164, 0.00453, 0.00087, 0.00724, 0.01308, 0.00599, 0.0027, 0.00048], [0.00329, 0.00594, 0.01317, 0.00594, 0.00329, 0.00594, 0.03099, 0.06962, 0.03099, 0.00594, 0.01317, 0.06962, 0.48421, 0.06962, 0.01317, 0.00594, 0.03099, 0.06962, 0.03099, 0.00594, 0.00329, 0.00594, 0.01317, 0.00594, 0.00329], [0.00048, 0.0027, 0.00599, 0.01308, 0.00724, 0.00087, 0.00453, 0.03164, 0.06817, 0.04067, 0.00192, 0.01017, 0.07077, 0.47631, 0.09009, 0.00087, 0.00453, 0.03164, 0.06817, 0.04067, 0.00048, 0.0027, 0.00599, 0.01308, 0.00724], [7e-05, 0.00039, 0.00272, 0.00594, 0.01592, 0.00013, 0.00066, 0.00462, 0.03099, 0.08948, 0.00028, 0.00149, 0.01034, 0.06962, 0.61642, 0.00013, 0.00066, 0.00462, 0.03099, 0.08948, 7e-05, 0.00039, 0.00272, 0.00594, 0.01592], [0.00233, 0.00087, 0.0004, 0.00018, 3e-05, 0.01308, 0.00453, 0.0021, 0.0003, 6e-05, 0.09009, 0.03164, 0.0047, 0.00068, 0.00013, 0.61219, 0.06817, 0.01017, 0.00146, 0.00028, 0.10893, 0.04067, 0.00599, 0.00087, 0.00015], [0.00106, 0.00191, 0.00087, 0.00039, 0.00022, 0.00594, 0.00996, 0.00462, 0.00206, 0.00039, 0.04095, 0.06962, 0.03217, 0.00462, 0.00087, 0.08948, 0.46641, 0.06962, 0.00996, 0.00191, 0.04952, 0.08948, 0.04095, 0.00594, 0.00106], [0.00048, 0.00087, 0.00192, 0.00087, 0.00048, 0.0027, 0.00453, 0.01017, 0.00453, 0.0027, 0.00599, 0.03164, 0.07077, 0.03164, 0.00599, 0.01308, 0.06817, 0.47631, 0.06817, 0.01308, 0.00724, 0.04067, 0.09009, 0.04067, 0.00724], [0.00022, 0.00039, 0.00087, 0.00191, 0.00106, 0.00039, 0.00206, 0.00462, 0.00996, 0.00594, 0.00087, 0.00462, 0.03217, 0.06962, 0.04095, 0.00191, 0.00996, 0.06962, 0.46641, 0.08948, 0.00106, 0.00594, 0.04095, 0.08948, 0.04952], [3e-05, 0.00018, 0.0004, 0.00087, 0.00233, 6e-05, 0.0003, 0.0021, 0.00453, 0.01308, 0.00013, 0.00068, 0.0047, 0.03164, 0.09009, 0.00028, 0.00146, 0.01017, 0.06817, 0.61219, 0.00015, 0.00087, 0.00599, 0.04067, 0.10893], [0.00034, 0.00013, 6e-05, 3e-05, 1e-05, 0.00191, 0.00066, 0.00031, 0.00014, 3e-05, 0.01317, 0.00462, 0.00214, 0.00031, 6e-05, 0.08948, 0.03099, 0.00462, 0.00066, 0.00013, 0.74532, 0.08948, 0.01317, 0.00191, 0.00034], [0.00015, 0.00028, 0.00013, 6e-05, 3e-05, 0.00087, 0.00146, 0.00068, 0.0003, 0.00018, 0.00599, 0.01017, 0.0047, 0.0021, 0.0004, 0.04067, 0.06817, 0.03164, 0.00453, 0.00087, 0.10893, 0.61219, 0.09009, 0.01308, 0.00233], [7e-05, 0.00013, 0.00028, 0.00013, 7e-05, 0.00039, 0.00066, 0.00149, 0.00066, 0.00039, 0.00272, 0.00462, 0.01034, 0.00462, 0.00272, 0.00594, 0.03099, 0.06962, 0.03099, 0.00594, 0.01592, 0.08948, 0.61642, 0.08948, 0.01592], [3e-05, 6e-05, 0.00013, 0.00028, 0.00015, 0.00018, 0.0003, 0.00068, 0.00146, 0.00087, 0.0004, 0.0021, 0.0047, 0.01017, 0.00599, 0.00087, 0.00453, 0.03164, 0.06817, 0.04067, 0.00233, 0.01308, 0.09009, 0.61219, 0.10893], [1e-05, 3e-05, 6e-05, 0.00013, 0.00034, 3e-05, 0.00014, 0.00031, 0.00066, 0.00191, 6e-05, 0.00031, 0.00214, 0.00462, 0.01317, 0.00013, 0.00066, 0.00462, 0.03099, 0.08948, 0.00034, 0.00191, 0.01317, 0.08948, 0.74532]]