[[0.73234, 0.09258, 0.01457, 0.00226, 0.00044, 0.09258, 0.03217, 0.00515, 0.00078, 0.00016, 0.01457, 0.00515, 0.00245, 0.00038, 8e-05, 0.00226, 0.00078, 0.00038, 0.00017, 4e-05, 0.00044, 0.00016, 8e-05, 4e-05, 2e-05], [0.11433, 0.59299, 0.0933, 0.01445, 0.00279, 0.04323, 0.06889, 0.03298, 0.00502, 0.00105, 0.0068, 0.01103, 0.00525, 0.0024, 0.0005, 0.00105, 0.00168, 0.0008, 0.00037, 0.00023, 0.0002, 0.00035, 0.00017, 8e-05, 4e-05], [0.01785, 0.09258, 0.59765, 0.09258, 0.01785, 0.00675, 0.03217, 0.07062, 0.03217, 0.00675, 0.00318, 0.00515, 0.01124, 0.00515, 0.00318, 0.00049, 0.00078, 0.00172, 0.00078, 0.00049, 9e-05, 0.00016, 0.00036, 0.00016, 9e-05], [0.00279, 0.01445, 0.0933, 0.59299, 0.11433, 0.00105, 0.00502, 0.03298, 0.06889, 0.04323, 0.0005, 0.0024, 0.00525, 0.01103, 0.0068, 0.00023, 0.00037, 0.0008, 0.00168, 0.00105, 4e-05, 8e-05, 0.00017, 0.00035, 0.0002], [0.00044, 0.00226, 0.01457, 0.09258, 0.73234, 0.00016, 0.00078, 0.00515, 0.03217, 0.09258, 8e-05, 0.00038, 0.00245, 0.00515, 0.01457, 4e-05, 0.00017, 0.00038, 0.00078, 0.00226, 2e-05, 4e-05, 8e-05, 0.00016, 0.00044], [0.11433, 0.04323, 0.0068, 0.00105, 0.0002, 0.59299, 0.06889, 0.01103, 0.00168, 0.00035, 0.0933, 0.03298, 0.00525, 0.0008, 0.00017, 0.01445, 0.00502, 0.0024, 0.00037, 8e-05, 0.00279, 0.00105, 0.0005, 0.00023, 4e-05], [0.05339, 0.09258, 0.04357, 0.00675, 0.0013, 0.09258, 0.4413, 0.07062, 0.01076, 0.00226, 0.04357, 0.07062, 0.03361, 0.00515, 0.00106, 0.00675, 0.01076, 0.00515, 0.00235, 0.00049, 0.0013, 0.00226, 0.00106, 0.00049, 0.00028], [0.00834, 0.04323, 0.0933, 0.04323, 0.00834, 0.01445, 0.06889, 0.45236, 0.06889, 0.01445, 0.0068, 0.03298, 0.07197, 0.03298, 0.0068, 0.00315, 0.00502, 0.01103, 0.00502, 0.00315, 0.00061, 0.00105, 0.00227, 0.00105, 0.00061], [0.0013, 0.00675, 0.04357, 0.09258, 0.05339, 0.00226, 0.01076, 0.07062, 0.4413, 0.09258, 0.00106, 0.00515, 0.03361, 0.07062, 0.04357, 0.00049, 0.00235, 0.00515, 0.01076, 0.00675, 0.00028, 0.00049, 0.00106, 0.00226, 0.0013], [0.0002, 0.00105, 0.0068, 0.04323, 0.11433, 0.00035, 0.00168, 0.01103, 0.06889, 0.59299, 0.00017, 0.0008, 0.00525, 0.03298, 0.0933, 8e-05, 0.00037, 0.0024, 0.00502, 0.01445, 4e-05, 0.00023, 0.0005, 0.00105, 0.00279], [0.01785, 0.00675, 0.00318, 0.00049, 9e-05, 0.09258, 0.03217, 0.00515, 0.00078, 0.00016, 0.59765, 0.07062, 0.01124, 0.00172, 0.00036, 0.09258, 0.03217, 0.00515, 0.00078, 0.00016, 0.01785, 0.00675, 0.00318, 0.00049, 9e-05], [0.00834, 0.01445, 0.0068, 0.00315, 0.00061, 0.04323, 0.06889, 0.03298, 0.00502, 0.00105, 0.0933, 0.45236, 0.07197, 0.01103, 0.00227, 0.04323, 0.06889, 0.03298, 0.00502, 0.00105, 0.00834, 0.01445, 0.0068, 0.00315, 0.00061], [0.00389, 0.00675, 0.01457, 0.00675, 0.00389, 0.00675, 0.03217, 0.07062, 0.03217, 0.00675, 0.01457, 0.07062, 0.46099, 0.07062, 0.01457, 0.00675, 0.03217, 0.07062, 0.03217, 0.00675, 0.00389, 0.00675, 0.01457, 0.00675, 0.00389], [0.00061, 0.00315, 0.0068, 0.01445, 0.00834, 0.00105, 0.00502, 0.03298, 0.06889, 0.04323, 0.00227, 0.01103, 0.07197, 0.45236, 0.0933, 0.00105, 0.00502, 0.03298, 0.06889, 0.04323, 0.00061, 0.00315, 0.0068, 0.01445, 0.00834], [9e-05, 0.00049, 0.00318, 0.00675, 0.01785, 0.00016, 0.00078, 0.00515, 0.03217, 0.09258, 0.00036, 0.00172, 0.01124, 0.07062, 0.59765, 0.00016, 0.00078, 0.00515, 0.03217, 0.09258, 9e-05, 0.00049, 0.00318, 0.00675, 0.01785], [0.00279, 0.00105, 0.0005, 0.00023, 4e-05, 0.01445, 0.00502, 0.0024, 0.00037, 8e-05, 0.0933, 0.03298, 0.00525, 0.0008, 0.00017, 0.59299, 0.06889, 0.01103, 0.00168, 0.00035, 0.11433, 0.04323, 0.0068, 0.00105, 0.0002], [0.0013, 0.00226, 0.00106, 0.00049, 0.00028, 0.00675, 0.01076, 0.00515, 0.00235, 0.00049, 0.04357, 0.07062, 0.03361, 0.00515, 0.00106, 0.09258, 0.4413, 0.07062, 0.01076, 0.00226, 0.05339, 0.09258, 0.04357, 0.00675, 0.0013], [0.00061, 0.00105, 0.00227, 0.00105, 0.00061, 0.00315, 0.00502, 0.01103, 0.00502, 0.00315, 0.0068, 0.03298, 0.07197, 0.03298, 0.0068, 0.01445, 0.06889, 0.45236, 0.06889, 0.01445, 0.00834, 0.04323, 0.0933, 0.04323, 0.00834], [0.00028, 0.00049, 0.00106, 0.00226, 0.0013, 0.00049, 0.00235, 0.00515, 0.01076, 0.00675, 0.00106, 0.00515, 0.03361, 0.07062, 0.04357, 0.00226, 0.01076, 0.07062, 0.4413, 0.09258, 0.0013, 0.00675, 0.04357, 0.09258, 0.05339], [4e-05, 0.00023, 0.0005, 0.00105, 0.00279, 8e-05, 0.00037, 0.0024, 0.00502, 0.01445, 0.00017, 0.0008, 0.00525, 0.03298, 0.0933, 0.00035, 0.00168, 0.01103, 0.06889, 0.59299, 0.0002, 0.00105, 0.0068, 0.04323, 0.11433], [0.00044, 0.00016, 8e-05, 4e-05, 2e-05, 0.00226, 0.00078, 0.00038, 0.00017, 4e-05, 0.01457, 0.00515, 0.00245, 0.00038, 8e-05, 0.09258, 0.03217, 0.00515, 0.00078, 0.00016, 0.73234, 0.09258, 0.01457, 0.00226, 0.00044], [0.0002, 0.00035, 0.00017, 8e-05, 4e-05, 0.00105, 0.00168, 0.0008, 0.00037, 0.00023, 0.0068, 0.01103, 0.00525, 0.0024, 0.0005, 0.04323, 0.06889, 0.03298, 0.00502, 0.00105, 0.11433, 0.59299, 0.0933, 0.01445, 0.00279], [9e-05, 0.00016, 0.00036, 0.00016, 9e-05, 0.00049, 0.00078, 0.00172, 0.00078, 0.00049, 0.00318, 0.00515, 0.01124, 0.00515, 0.00318, 0.00675, 0.03217, 0.07062, 0.03217, 0.00675, 0.01785, 0.09258, 0.59765, 0.09258, 0.01785], [4e-05, 8e-05, 0.00017, 0.00035, 0.0002, 0.00023, 0.00037, 0.0008, 0.00168, 0.00105, 0.0005, 0.0024, 0.00525, 0.01103, 0.0068, 0.00105, 0.00502, 0.03298, 0.06889, 0.04323, 0.00279, 0.01445, 0.0933, 0.59299, 0.11433], [2e-05, 4e-05, 8e-05, 0.00016, 0.00044, 4e-05, 0.00017, 0.00038, 0.00078, 0.00226, 8e-05, 0.00038, 0.00245, 0.00515, 0.01457, 0.00016, 0.00078, 0.00515, 0.03217, 0.09258, 0.00044, 0.00226, 0.01457, 0.09258, 0.73234]]