[[0.6765, 0.11449, 0.02471, 0.00533, 0.00147, 0.11449, 0.01938, 0.00418, 0.0009, 0.00025, 0.02471, 0.00418, 0.0009, 0.00019, 5e-05, 0.00533, 0.0009, 0.00019, 4e-05, 1e-05, 0.00147, 0.00025, 5e-05, 1e-05, 0], [0.146, 0.5305, 0.11449, 0.02471, 0.0068, 0.02471, 0.08978, 0.01938, 0.00418, 0.00115, 0.00533, 0.01938, 0.00418, 0.0009, 0.00025, 0.00115, 0.00418, 0.0009, 0.00019, 5e-05, 0.00032, 0.00115, 0.00025, 5e-05, 1e-05], [0.03151, 0.11449, 0.5305, 0.11449, 0.03151, 0.00533, 0.01938, 0.08978, 0.01938, 0.00533, 0.00115, 0.00418, 0.01938, 0.00418, 0.00115, 0.00025, 0.0009, 0.00418, 0.0009, 0.00025, 7e-05, 0.00025, 0.00115, 0.00025, 7e-05], [0.0068, 0.02471, 0.11449, 0.5305, 0.146, 0.00115, 0.00418, 0.01938, 0.08978, 0.02471, 0.00025, 0.0009, 0.00418, 0.01938, 0.00533, 5e-05, 0.00019, 0.0009, 0.00418, 0.00115, 1e-05, 5e-05, 0.00025, 0.00115, 0.00032], [0.00147, 0.00533, 0.02471, 0.11449, 0.6765, 0.00025, 0.0009, 0.00418, 0.01938, 0.11449, 5e-05, 0.00019, 0.0009, 0.00418, 0.02471, 1e-05, 4e-05, 0.00019, 0.0009, 0.00533, 0, 1e-05, 5e-05, 0.00025, 0.00147], [0.146, 0.02471, 0.00533, 0.00115, 0.00032, 0.5305, 0.08978, 0.01938, 0.00418, 0.00115, 0.11449, 0.01938, 0.00418, 0.0009, 0.00025, 0.02471, 0.00418, 0.0009, 0.00019, 5e-05, 0.0068, 0.00115, 0.00025, 5e-05, 1e-05], [0.03151, 0.11449, 0.02471, 0.00533, 0.00147, 0.11449, 0.41601, 0.08978, 0.01938, 0.00533, 0.02471, 0.08978, 0.01938, 0.00418, 0.00115, 0.00533, 0.01938, 0.00418, 0.0009, 0.00025, 0.00147, 0.00533, 0.00115, 0.00025, 7e-05], [0.0068, 0.02471, 0.11449, 0.02471, 0.0068, 0.02471, 0.08978, 0.41601, 0.08978, 0.02471, 0.00533, 0.01938, 0.08978, 0.01938, 0.00533, 0.00115, 0.00418, 0.01938, 0.00418, 0.00115, 0.00032, 0.00115, 0.00533, 0.00115, 0.00032], [0.00147, 0.00533, 0.02471, 0.11449, 0.03151, 0.00533, 0.01938, 0.08978, 0.41601, 0.11449, 0.00115, 0.00418, 0.01938, 0.08978, 0.02471, 0.00025, 0.0009, 0.00418, 0.01938, 0.00533, 7e-05, 0.00025, 0.00115, 0.00533, 0.00147], [0.00032, 0.00115, 0.00533, 0.02471, 0.146, 0.00115, 0.00418, 0.01938, 0.08978, 0.5305, 0.00025, 0.0009, 0.00418, 0.01938, 0.11449, 5e-05, 0.00019, 0.0009, 0.00418, 0.02471, 1e-05, 5e-05, 0.00025, 0.00115, 0.0068], [0.03151, 0.00533, 0.00115, 0.00025, 7e-05, 0.11449, 0.01938, 0.00418, 0.0009, 0.00025, 0.5305, 0.08978, 0.01938, 0.00418, 0.00115, 0.11449, 0.01938, 0.00418, 0.0009, 0.00025, 0.03151, 0.00533, 0.00115, 0.00025, 7e-05], [0.0068, 0.02471, 0.00533, 0.00115, 0.00032, 0.02471, 0.08978, 0.01938, 0.00418, 0.00115, 0.11449, 0.41601, 0.08978, 0.01938, 0.00533, 0.02471, 0.08978, 0.01938, 0.00418, 0.00115, 0.0068, 0.02471, 0.00533, 0.00115, 0.00032], [0.00147, 0.00533, 0.02471, 0.00533, 0.00147, 0.00533, 0.01938, 0.08978, 0.01938, 0.00533, 0.02471, 0.08978, 0.41601, 0.08978, 0.02471, 0.00533, 0.01938, 0.08978, 0.01938, 0.00533, 0.00147, 0.00533, 0.02471, 0.00533, 0.00147], [0.00032, 0.00115, 0.00533, 0.02471, 0.0068, 0.00115, 0.00418, 0.01938, 0.08978, 0.02471, 0.00533, 0.01938, 0.08978, 0.41601, 0.11449, 0.00115, 0.00418, 0.01938, 0.08978, 0.02471, 0.00032, 0.00115, 0.00533, 0.02471, 0.0068], [7e-05, 0.00025, 0.00115, 0.00533, 0.03151, 0.00025, 0.0009, 0.00418, 0.01938, 0.11449, 0.00115, 0.00418, 0.01938, 0.08978, 0.5305, 0.00025, 0.0009, 0.00418, 0.01938, 0.11449, 7e-05, 0.00025, 0.00115, 0.00533, 0.03151], [0.0068, 0.00115, 0.00025, 5e-05, 1e-05, 0.02471, 0.00418, 0.0009, 0.00019, 5e-05, 0.11449, 0.01938, 0.00418, 0.0009, 0.00025, 0.5305, 0.08978, 0.01938, 0.00418, 0.00115, 0.146, 0.02471, 0.00533, 0.00115, 0.00032], [0.00147, 0.00533, 0.00115, 0.00025, 7e-05, 0.00533, 0.01938, 0.00418, 0.0009, 0.00025, 0.02471, 0.08978, 0.01938, 0.00418, 0.00115, 0.11449, 0.41601, 0.08978, 0.01938, 0.00533, 0.03151, 0.11449, 0.02471, 0.00533, 0.00147], [0.00032, 0.00115, 0.00533, 0.00115, 0.00032, 0.00115, 0.00418, 0.01938, 0.00418, 0.00115, 0.00533, 0.01938, 0.08978, 0.01938, 0.00533, 0.02471, 0.08978, 0.41601, 0.08978, 0.02471, 0.0068, 0.02471, 0.11449, 0.02471, 0.0068], [7e-05, 0.00025, 0.00115, 0.00533, 0.00147, 0.00025, 0.0009, 0.00418, 0.01938, 0.00533, 0.00115, 0.00418, 0.01938, 0.08978, 0.02471, 0.00533, 0.01938, 0.08978, 0.41601, 0.11449, 0.00147, 0.00533, 0.02471, 0.11449, 0.03151], [1e-05, 5e-05, 0.00025, 0.00115, 0.0068, 5e-05, 0.00019, 0.0009, 0.00418, 0.02471, 0.00025, 0.0009, 0.00418, 0.01938, 0.11449, 0.00115, 0.00418, 0.01938, 0.08978, 0.5305, 0.00032, 0.00115, 0.00533, 0.02471, 0.146], [0.00147, 0.00025, 5e-05, 1e-05, 0, 0.00533, 0.0009, 0.00019, 4e-05, 1e-05, 0.02471, 0.00418, 0.0009, 0.00019, 5e-05, 0.11449, 0.01938, 0.00418, 0.0009, 0.00025, 0.6765, 0.11449, 0.02471, 0.00533, 0.00147], [0.00032, 0.00115, 0.00025, 5e-05, 1e-05, 0.00115, 0.00418, 0.0009, 0.00019, 5e-05, 0.00533, 0.01938, 0.00418, 0.0009, 0.00025, 0.02471, 0.08978, 0.01938, 0.00418, 0.00115, 0.146, 0.5305, 0.11449, 0.02471, 0.0068], [7e-05, 0.00025, 0.00115, 0.00025, 7e-05, 0.00025, 0.0009, 0.00418, 0.0009, 0.00025, 0.00115, 0.00418, 0.01938, 0.00418, 0.00115, 0.00533, 0.01938, 0.08978, 0.01938, 0.00533, 0.03151, 0.11449, 0.5305, 0.11449, 0.03151], [1e-05, 5e-05, 0.00025, 0.00115, 0.00032, 5e-05, 0.00019, 0.0009, 0.00418, 0.00115, 0.00025, 0.0009, 0.00418, 0.01938, 0.00533, 0.00115, 0.00418, 0.01938, 0.08978, 0.02471, 0.0068, 0.02471, 0.11449, 0.5305, 0.146], [0, 1e-05, 5e-05, 0.00025, 0.00147, 1e-05, 4e-05, 0.00019, 0.0009, 0.00533, 5e-05, 0.00019, 0.0009, 0.00418, 0.02471, 0.00025, 0.0009, 0.00418, 0.01938, 0.11449, 0.00147, 0.00533, 0.02471, 0.11449, 0.6765]]