[[0.88332, 0.04765, 0.00277, 0.00016, 1e-05, 0.04765, 0.01354, 0.00079, 5e-05, 0, 0.00277, 0.00079, 0.00025, 1e-05, 0, 0.00016, 5e-05, 1e-05, 0, 0, 1e-05, 0, 0, 0, 0], [0.05129, 0.82061, 0.0477, 0.00277, 0.00017, 0.01483, 0.0435, 0.01357, 0.00079, 5e-05, 0.00086, 0.00253, 0.00079, 0.00025, 2e-05, 5e-05, 0.00015, 5e-05, 1e-05, 0, 0, 0, 0, 0, 0], [0.00298, 0.04765, 0.82141, 0.04765, 0.00298, 0.00086, 0.01354, 0.04359, 0.01354, 0.00086, 0.00027, 0.00079, 0.00254, 0.00079, 0.00027, 2e-05, 5e-05, 0.00015, 5e-05, 2e-05, 0, 0, 0, 0, 0], [0.00017, 0.00277, 0.0477, 0.82061, 0.05129, 5e-05, 0.00079, 0.01357, 0.0435, 0.01483, 2e-05, 0.00025, 0.00079, 0.00253, 0.00086, 0, 1e-05, 5e-05, 0.00015, 5e-05, 0, 0, 0, 0, 0], [1e-05, 0.00016, 0.00277, 0.04765, 0.88332, 0, 5e-05, 0.00079, 0.01354, 0.04765, 0, 1e-05, 0.00025, 0.00079, 0.00277, 0, 0, 1e-05, 5e-05, 0.00016, 0, 0, 0, 0, 1e-05], [0.05129, 0.01483, 0.00086, 5e-05, 0, 0.82061, 0.0435, 0.00253, 0.00015, 0, 0.0477, 0.01357, 0.00079, 5e-05, 0, 0.00277, 0.00079, 0.00025, 1e-05, 0, 0.00017, 5e-05, 2e-05, 0, 0], [0.01597, 0.04765, 0.01485, 0.00086, 5e-05, 0.04765, 0.74908, 0.04359, 0.00253, 0.00016, 0.01485, 0.04359, 0.0136, 0.00079, 5e-05, 0.00086, 0.00253, 0.00079, 0.00024, 2e-05, 5e-05, 0.00016, 5e-05, 2e-05, 0], [0.00093, 0.01483, 0.0477, 0.01483, 0.00093, 0.00277, 0.0435, 0.75076, 0.0435, 0.00277, 0.00086, 0.01357, 0.04369, 0.01357, 0.00086, 0.00027, 0.00079, 0.00253, 0.00079, 0.00027, 2e-05, 5e-05, 0.00016, 5e-05, 2e-05], [5e-05, 0.00086, 0.01485, 0.04765, 0.01597, 0.00016, 0.00253, 0.04359, 0.74908, 0.04765, 5e-05, 0.00079, 0.0136, 0.04359, 0.01485, 2e-05, 0.00024, 0.00079, 0.00253, 0.00086, 0, 2e-05, 5e-05, 0.00016, 5e-05], [0, 5e-05, 0.00086, 0.01483, 0.05129, 0, 0.00015, 0.00253, 0.0435, 0.82061, 0, 5e-05, 0.00079, 0.01357, 0.0477, 0, 1e-05, 0.00025, 0.00079, 0.00277, 0, 0, 2e-05, 5e-05, 0.00017], [0.00298, 0.00086, 0.00027, 2e-05, 0, 0.04765, 0.01354, 0.00079, 5e-05, 0, 0.82141, 0.04359, 0.00254, 0.00015, 0, 0.04765, 0.01354, 0.00079, 5e-05, 0, 0.00298, 0.00086, 0.00027, 2e-05, 0], [0.00093, 0.00277, 0.00086, 0.00027, 2e-05, 0.01483, 0.0435, 0.01357, 0.00079, 5e-05, 0.0477, 0.75076, 0.04369, 0.00253, 0.00016, 0.01483, 0.0435, 0.01357, 0.00079, 5e-05, 0.00093, 0.00277, 0.00086, 0.00027, 2e-05], [0.00029, 0.00086, 0.00277, 0.00086, 0.00029, 0.00086, 0.01354, 0.04359, 0.01354, 0.00086, 0.00277, 0.04359, 0.75233, 0.04359, 0.00277, 0.00086, 0.01354, 0.04359, 0.01354, 0.00086, 0.00029, 0.00086, 0.00277, 0.00086, 0.00029], [2e-05, 0.00027, 0.00086, 0.00277, 0.00093, 5e-05, 0.00079, 0.01357, 0.0435, 0.01483, 0.00016, 0.00253, 0.04369, 0.75076, 0.0477, 5e-05, 0.00079, 0.01357, 0.0435, 0.01483, 2e-05, 0.00027, 0.00086, 0.00277, 0.00093], [0, 2e-05, 0.00027, 0.00086, 0.00298, 0, 5e-05, 0.00079, 0.01354, 0.04765, 0, 0.00015, 0.00254, 0.04359, 0.82141, 0, 5e-05, 0.00079, 0.01354, 0.04765, 0, 2e-05, 0.00027, 0.00086, 0.00298], [0.00017, 5e-05, 2e-05, 0, 0, 0.00277, 0.00079, 0.00025, 1e-05, 0, 0.0477, 0.01357, 0.00079, 5e-05, 0, 0.82061, 0.0435, 0.00253, 0.00015, 0, 0.05129, 0.01483, 0.00086, 5e-05, 0], [5e-05, 0.00016, 5e-05, 2e-05, 0, 0.00086, 0.00253, 0.00079, 0.00024, 2e-05, 0.01485, 0.04359, 0.0136, 0.00079, 5e-05, 0.04765, 0.74908, 0.04359, 0.00253, 0.00016, 0.01597, 0.04765, 0.01485, 0.00086, 5e-05], [2e-05, 5e-05, 0.00016, 5e-05, 2e-05, 0.00027, 0.00079, 0.00253, 0.00079, 0.00027, 0.00086, 0.01357, 0.04369, 0.01357, 0.00086, 0.00277, 0.0435, 0.75076, 0.0435, 0.00277, 0.00093, 0.01483, 0.0477, 0.01483, 0.00093], [0, 2e-05, 5e-05, 0.00016, 5e-05, 2e-05, 0.00024, 0.00079, 0.00253, 0.00086, 5e-05, 0.00079, 0.0136, 0.04359, 0.01485, 0.00016, 0.00253, 0.04359, 0.74908, 0.04765, 5e-05, 0.00086, 0.01485, 0.04765, 0.01597], [0, 0, 2e-05, 5e-05, 0.00017, 0, 1e-05, 0.00025, 0.00079, 0.00277, 0, 5e-05, 0.00079, 0.01357, 0.0477, 0, 0.00015, 0.00253, 0.0435, 0.82061, 0, 5e-05, 0.00086, 0.01483, 0.05129], [1e-05, 0, 0, 0, 0, 0.00016, 5e-05, 1e-05, 0, 0, 0.00277, 0.00079, 0.00025, 1e-05, 0, 0.04765, 0.01354, 0.00079, 5e-05, 0, 0.88332, 0.04765, 0.00277, 0.00016, 1e-05], [0, 0, 0, 0, 0, 5e-05, 0.00015, 5e-05, 1e-05, 0, 0.00086, 0.00253, 0.00079, 0.00025, 2e-05, 0.01483, 0.0435, 0.01357, 0.00079, 5e-05, 0.05129, 0.82061, 0.0477, 0.00277, 0.00017], [0, 0, 0, 0, 0, 2e-05, 5e-05, 0.00015, 5e-05, 2e-05, 0.00027, 0.00079, 0.00254, 0.00079, 0.00027, 0.00086, 0.01354, 0.04359, 0.01354, 0.00086, 0.00298, 0.04765, 0.82141, 0.04765, 0.00298], [0, 0, 0, 0, 0, 0, 1e-05, 5e-05, 0.00015, 5e-05, 2e-05, 0.00025, 0.00079, 0.00253, 0.00086, 5e-05, 0.00079, 0.01357, 0.0435, 0.01483, 0.00017, 0.00277, 0.0477, 0.82061, 0.05129], [0, 0, 0, 0, 1e-05, 0, 0, 1e-05, 5e-05, 0.00016, 0, 1e-05, 0.00025, 0.00079, 0.00277, 0, 5e-05, 0.00079, 0.01354, 0.04765, 1e-05, 0.00016, 0.00277, 0.04765, 0.88332]]