[[0.80965, 0.07103, 0.00714, 0.00071, 8e-05, 0.07103, 0.02325, 0.00346, 0.00042, 5e-05, 0.00714, 0.00346, 0.00092, 0.00015, 2e-05, 0.00071, 0.00042, 0.00015, 4e-05, 0, 8e-05, 5e-05, 2e-05, 0, 0], [0.08117, 0.70844, 0.07117, 0.00712, 0.00082, 0.02766, 0.05971, 0.02336, 0.00345, 0.00049, 0.00411, 0.00601, 0.00348, 0.00091, 0.00018, 0.00049, 0.0006, 0.00042, 0.00015, 4e-05, 6e-05, 7e-05, 5e-05, 2e-05, 0], [0.00814, 0.07103, 0.70984, 0.07103, 0.00814, 0.0041, 0.02325, 0.05997, 0.02325, 0.0041, 0.00108, 0.00346, 0.00604, 0.00346, 0.00108, 0.00018, 0.00042, 0.0006, 0.00042, 0.00018, 3e-05, 5e-05, 7e-05, 5e-05, 3e-05], [0.00082, 0.00712, 0.07117, 0.70844, 0.08117, 0.00049, 0.00345, 0.02336, 0.05971, 0.02766, 0.00018, 0.00091, 0.00348, 0.00601, 0.00411, 4e-05, 0.00015, 0.00042, 0.0006, 0.00049, 0, 2e-05, 5e-05, 7e-05, 6e-05], [8e-05, 0.00071, 0.00714, 0.07103, 0.80965, 5e-05, 0.00042, 0.00346, 0.02325, 0.07103, 2e-05, 0.00015, 0.00092, 0.00346, 0.00714, 0, 4e-05, 0.00015, 0.00042, 0.00071, 0, 0, 2e-05, 5e-05, 8e-05], [0.08117, 0.02766, 0.00411, 0.00049, 6e-05, 0.70844, 0.05971, 0.00601, 0.0006, 7e-05, 0.07117, 0.02336, 0.00348, 0.00042, 5e-05, 0.00712, 0.00345, 0.00091, 0.00015, 2e-05, 0.00082, 0.00049, 0.00018, 4e-05, 0], [0.03161, 0.07103, 0.02772, 0.0041, 0.00056, 0.07103, 0.59555, 0.05997, 0.00599, 0.00071, 0.02772, 0.05997, 0.02346, 0.00346, 0.0005, 0.0041, 0.00599, 0.00346, 0.00091, 0.00018, 0.00056, 0.00071, 0.0005, 0.00018, 5e-05], [0.00469, 0.02766, 0.07117, 0.02766, 0.00469, 0.00712, 0.05971, 0.59814, 0.05971, 0.00712, 0.00411, 0.02336, 0.06024, 0.02336, 0.00411, 0.00108, 0.00345, 0.00601, 0.00345, 0.00108, 0.0002, 0.00049, 0.00072, 0.00049, 0.0002], [0.00056, 0.0041, 0.02772, 0.07103, 0.03161, 0.00071, 0.00599, 0.05997, 0.59555, 0.07103, 0.0005, 0.00346, 0.02346, 0.05997, 0.02772, 0.00018, 0.00091, 0.00346, 0.00599, 0.0041, 5e-05, 0.00018, 0.0005, 0.00071, 0.00056], [6e-05, 0.00049, 0.00411, 0.02766, 0.08117, 7e-05, 0.0006, 0.00601, 0.05971, 0.70844, 5e-05, 0.00042, 0.00348, 0.02336, 0.07117, 2e-05, 0.00015, 0.00091, 0.00345, 0.00712, 0, 4e-05, 0.00018, 0.00049, 0.00082], [0.00814, 0.0041, 0.00108, 0.00018, 3e-05, 0.07103, 0.02325, 0.00346, 0.00042, 5e-05, 0.70984, 0.05997, 0.00604, 0.0006, 7e-05, 0.07103, 0.02325, 0.00346, 0.00042, 5e-05, 0.00814, 0.0041, 0.00108, 0.00018, 3e-05], [0.00469, 0.00712, 0.00411, 0.00108, 0.0002, 0.02766, 0.05971, 0.02336, 0.00345, 0.00049, 0.07117, 0.59814, 0.06024, 0.00601, 0.00072, 0.02766, 0.05971, 0.02336, 0.00345, 0.00049, 0.00469, 0.00712, 0.00411, 0.00108, 0.0002], [0.00123, 0.0041, 0.00714, 0.0041, 0.00123, 0.0041, 0.02325, 0.05997, 0.02325, 0.0041, 0.00714, 0.05997, 0.60083, 0.05997, 0.00714, 0.0041, 0.02325, 0.05997, 0.02325, 0.0041, 0.00123, 0.0041, 0.00714, 0.0041, 0.00123], [0.0002, 0.00108, 0.00411, 0.00712, 0.00469, 0.00049, 0.00345, 0.02336, 0.05971, 0.02766, 0.00072, 0.00601, 0.06024, 0.59814, 0.07117, 0.00049, 0.00345, 0.02336, 0.05971, 0.02766, 0.0002, 0.00108, 0.00411, 0.00712, 0.00469], [3e-05, 0.00018, 0.00108, 0.0041, 0.00814, 5e-05, 0.00042, 0.00346, 0.02325, 0.07103, 7e-05, 0.0006, 0.00604, 0.05997, 0.70984, 5e-05, 0.00042, 0.00346, 0.02325, 0.07103, 3e-05, 0.00018, 0.00108, 0.0041, 0.00814], [0.00082, 0.00049, 0.00018, 4e-05, 0, 0.00712, 0.00345, 0.00091, 0.00015, 2e-05, 0.07117, 0.02336, 0.00348, 0.00042, 5e-05, 0.70844, 0.05971, 0.00601, 0.0006, 7e-05, 0.08117, 0.02766, 0.00411, 0.00049, 6e-05], [0.00056, 0.00071, 0.0005, 0.00018, 5e-05, 0.0041, 0.00599, 0.00346, 0.00091, 0.00018, 0.02772, 0.05997, 0.02346, 0.00346, 0.0005, 0.07103, 0.59555, 0.05997, 0.00599, 0.00071, 0.03161, 0.07103, 0.02772, 0.0041, 0.00056], [0.0002, 0.00049, 0.00072, 0.00049, 0.0002, 0.00108, 0.00345, 0.00601, 0.00345, 0.00108, 0.00411, 0.02336, 0.06024, 0.02336, 0.00411, 0.00712, 0.05971, 0.59814, 0.05971, 0.00712, 0.00469, 0.02766, 0.07117, 0.02766, 0.00469], [5e-05, 0.00018, 0.0005, 0.00071, 0.00056, 0.00018, 0.00091, 0.00346, 0.00599, 0.0041, 0.0005, 0.00346, 0.02346, 0.05997, 0.02772, 0.00071, 0.00599, 0.05997, 0.59555, 0.07103, 0.00056, 0.0041, 0.02772, 0.07103, 0.03161], [0, 4e-05, 0.00018, 0.00049, 0.00082, 2e-05, 0.00015, 0.00091, 0.00345, 0.00712, 5e-05, 0.00042, 0.00348, 0.02336, 0.07117, 7e-05, 0.0006, 0.00601, 0.05971, 0.70844, 6e-05, 0.00049, 0.00411, 0.02766, 0.08117], [8e-05, 5e-05, 2e-05, 0, 0, 0.00071, 0.00042, 0.00015, 4e-05, 0, 0.00714, 0.00346, 0.00092, 0.00015, 2e-05, 0.07103, 0.02325, 0.00346, 0.00042, 5e-05, 0.80965, 0.07103, 0.00714, 0.00071, 8e-05], [6e-05, 7e-05, 5e-05, 2e-05, 0, 0.00049, 0.0006, 0.00042, 0.00015, 4e-05, 0.00411, 0.00601, 0.00348, 0.00091, 0.00018, 0.02766, 0.05971, 0.02336, 0.00345, 0.00049, 0.08117, 0.70844, 0.07117, 0.00712, 0.00082], [3e-05, 5e-05, 7e-05, 5e-05, 3e-05, 0.00018, 0.00042, 0.0006, 0.00042, 0.00018, 0.00108, 0.00346, 0.00604, 0.00346, 0.00108, 0.0041, 0.02325, 0.05997, 0.02325, 0.0041, 0.00814, 0.07103, 0.70984, 0.07103, 0.00814], [0, 2e-05, 5e-05, 7e-05, 6e-05, 4e-05, 0.00015, 0.00042, 0.0006, 0.00049, 0.00018, 0.00091, 0.00348, 0.00601, 0.00411, 0.00049, 0.00345, 0.02336, 0.05971, 0.02766, 0.00082, 0.00712, 0.07117, 0.70844, 0.08117], [0, 0, 2e-05, 5e-05, 8e-05, 0, 4e-05, 0.00015, 0.00042, 0.00071, 2e-05, 0.00015, 0.00092, 0.00346, 0.00714, 5e-05, 0.00042, 0.00346, 0.02325, 0.07103, 8e-05, 0.00071, 0.00714, 0.07103, 0.80965]]