[[0.78753, 0.07835, 0.00913, 0.00105, 0.00014, 0.07835, 0.02639, 0.0031, 0.00036, 5e-05, 0.00913, 0.0031, 0.00129, 0.00015, 2e-05, 0.00105, 0.00036, 0.00015, 6e-05, 0, 0.00014, 5e-05, 2e-05, 0, 0], [0.09138, 0.67518, 0.07869, 0.00909, 0.00123, 0.0324, 0.06383, 0.02671, 0.00306, 0.00044, 0.00378, 0.00749, 0.00313, 0.00128, 0.00018, 0.00044, 0.00086, 0.00036, 0.00015, 7e-05, 6e-05, 0.00012, 5e-05, 2e-05, 1e-05], [0.0106, 0.07835, 0.6781, 0.07835, 0.0106, 0.00376, 0.02639, 0.06459, 0.02639, 0.00376, 0.00156, 0.0031, 0.00757, 0.0031, 0.00156, 0.00018, 0.00036, 0.00087, 0.00036, 0.00018, 2e-05, 5e-05, 0.00012, 5e-05, 2e-05], [0.00123, 0.00909, 0.07869, 0.67518, 0.09138, 0.00044, 0.00306, 0.02671, 0.06383, 0.0324, 0.00018, 0.00128, 0.00313, 0.00749, 0.00378, 7e-05, 0.00015, 0.00036, 0.00086, 0.00044, 1e-05, 2e-05, 5e-05, 0.00012, 6e-05], [0.00014, 0.00105, 0.00913, 0.07835, 0.78753, 5e-05, 0.00036, 0.0031, 0.02639, 0.07835, 2e-05, 0.00015, 0.00129, 0.0031, 0.00913, 0, 6e-05, 0.00015, 0.00036, 0.00105, 0, 0, 2e-05, 5e-05, 0.00014], [0.09138, 0.0324, 0.00378, 0.00044, 6e-05, 0.67518, 0.06383, 0.00749, 0.00086, 0.00012, 0.07869, 0.02671, 0.00313, 0.00036, 5e-05, 0.00909, 0.00306, 0.00128, 0.00015, 2e-05, 0.00123, 0.00044, 0.00018, 7e-05, 1e-05], [0.03779, 0.07835, 0.03254, 0.00376, 0.00051, 0.07835, 0.55004, 0.06459, 0.00741, 0.00105, 0.03254, 0.06459, 0.02698, 0.0031, 0.00044, 0.00376, 0.00741, 0.0031, 0.00127, 0.00018, 0.00051, 0.00105, 0.00044, 0.00018, 9e-05], [0.00438, 0.0324, 0.07869, 0.0324, 0.00438, 0.00909, 0.06383, 0.55663, 0.06383, 0.00909, 0.00378, 0.02671, 0.06524, 0.02671, 0.00378, 0.00155, 0.00306, 0.00749, 0.00306, 0.00155, 0.00021, 0.00044, 0.00106, 0.00044, 0.00021], [0.00051, 0.00376, 0.03254, 0.07835, 0.03779, 0.00105, 0.00741, 0.06459, 0.55004, 0.07835, 0.00044, 0.0031, 0.02698, 0.06459, 0.03254, 0.00018, 0.00127, 0.0031, 0.00741, 0.00376, 9e-05, 0.00018, 0.00044, 0.00105, 0.00051], [6e-05, 0.00044, 0.00378, 0.0324, 0.09138, 0.00012, 0.00086, 0.00749, 0.06383, 0.67518, 5e-05, 0.00036, 0.00313, 0.02671, 0.07869, 2e-05, 0.00015, 0.00128, 0.00306, 0.00909, 1e-05, 7e-05, 0.00018, 0.00044, 0.00123], [0.0106, 0.00376, 0.00156, 0.00018, 2e-05, 0.07835, 0.02639, 0.0031, 0.00036, 5e-05, 0.6781, 0.06459, 0.00757, 0.00087, 0.00012, 0.07835, 0.02639, 0.0031, 0.00036, 5e-05, 0.0106, 0.00376, 0.00156, 0.00018, 2e-05], [0.00438, 0.00909, 0.00378, 0.00155, 0.00021, 0.0324, 0.06383, 0.02671, 0.00306, 0.00044, 0.07869, 0.55663, 0.06524, 0.00749, 0.00106, 0.0324, 0.06383, 0.02671, 0.00306, 0.00044, 0.00438, 0.00909, 0.00378, 0.00155, 0.00021], [0.00181, 0.00376, 0.00913, 0.00376, 0.00181, 0.00376, 0.02639, 0.06459, 0.02639, 0.00376, 0.00913, 0.06459, 0.56222, 0.06459, 0.00913, 0.00376, 0.02639, 0.06459, 0.02639, 0.00376, 0.00181, 0.00376, 0.00913, 0.00376, 0.00181], [0.00021, 0.00155, 0.00378, 0.00909, 0.00438, 0.00044, 0.00306, 0.02671, 0.06383, 0.0324, 0.00106, 0.00749, 0.06524, 0.55663, 0.07869, 0.00044, 0.00306, 0.02671, 0.06383, 0.0324, 0.00021, 0.00155, 0.00378, 0.00909, 0.00438], [2e-05, 0.00018, 0.00156, 0.00376, 0.0106, 5e-05, 0.00036, 0.0031, 0.02639, 0.07835, 0.00012, 0.00087, 0.00757, 0.06459, 0.6781, 5e-05, 0.00036, 0.0031, 0.02639, 0.07835, 2e-05, 0.00018, 0.00156, 0.00376, 0.0106], [0.00123, 0.00044, 0.00018, 7e-05, 1e-05, 0.00909, 0.00306, 0.00128, 0.00015, 2e-05, 0.07869, 0.02671, 0.00313, 0.00036, 5e-05, 0.67518, 0.06383, 0.00749, 0.00086, 0.00012, 0.09138, 0.0324, 0.00378, 0.00044, 6e-05], [0.00051, 0.00105, 0.00044, 0.00018, 9e-05, 0.00376, 0.00741, 0.0031, 0.00127, 0.00018, 0.03254, 0.06459, 0.02698, 0.0031, 0.00044, 0.07835, 0.55004, 0.06459, 0.00741, 0.00105, 0.03779, 0.07835, 0.03254, 0.00376, 0.00051], [0.00021, 0.00044, 0.00106, 0.00044, 0.00021, 0.00155, 0.00306, 0.00749, 0.00306, 0.00155, 0.00378, 0.02671, 0.06524, 0.02671, 0.00378, 0.00909, 0.06383, 0.55663, 0.06383, 0.00909, 0.00438, 0.0324, 0.07869, 0.0324, 0.00438], [9e-05, 0.00018, 0.00044, 0.00105, 0.00051, 0.00018, 0.00127, 0.0031, 0.00741, 0.00376, 0.00044, 0.0031, 0.02698, 0.06459, 0.03254, 0.00105, 0.00741, 0.06459, 0.55004, 0.07835, 0.00051, 0.00376, 0.03254, 0.07835, 0.03779], [1e-05, 7e-05, 0.00018, 0.00044, 0.00123, 2e-05, 0.00015, 0.00128, 0.00306, 0.00909, 5e-05, 0.00036, 0.00313, 0.02671, 0.07869, 0.00012, 0.00086, 0.00749, 0.06383, 0.67518, 6e-05, 0.00044, 0.00378, 0.0324, 0.09138], [0.00014, 5e-05, 2e-05, 0, 0, 0.00105, 0.00036, 0.00015, 6e-05, 0, 0.00913, 0.0031, 0.00129, 0.00015, 2e-05, 0.07835, 0.02639, 0.0031, 0.00036, 5e-05, 0.78753, 0.07835, 0.00913, 0.00105, 0.00014], [6e-05, 0.00012, 5e-05, 2e-05, 1e-05, 0.00044, 0.00086, 0.00036, 0.00015, 7e-05, 0.00378, 0.00749, 0.00313, 0.00128, 0.00018, 0.0324, 0.06383, 0.02671, 0.00306, 0.00044, 0.09138, 0.67518, 0.07869, 0.00909, 0.00123], [2e-05, 5e-05, 0.00012, 5e-05, 2e-05, 0.00018, 0.00036, 0.00087, 0.00036, 0.00018, 0.00156, 0.0031, 0.00757, 0.0031, 0.00156, 0.00376, 0.02639, 0.06459, 0.02639, 0.00376, 0.0106, 0.07835, 0.6781, 0.07835, 0.0106], [1e-05, 2e-05, 5e-05, 0.00012, 6e-05, 7e-05, 0.00015, 0.00036, 0.00086, 0.00044, 0.00018, 0.00128, 0.00313, 0.00749, 0.00378, 0.00044, 0.00306, 0.02671, 0.06383, 0.0324, 0.00123, 0.00909, 0.07869, 0.67518, 0.09138], [0, 0, 2e-05, 5e-05, 0.00014, 0, 6e-05, 0.00015, 0.00036, 0.00105, 2e-05, 0.00015, 0.00129, 0.0031, 0.00913, 5e-05, 0.00036, 0.0031, 0.02639, 0.07835, 0.00014, 0.00105, 0.00913, 0.07835, 0.78753]]