[[0.69821, 0.09995, 0.0186, 0.00339, 0.0008, 0.09995, 0.03466, 0.00662, 0.00117, 0.00031, 0.0186, 0.00662, 0.0034, 0.00061, 0.00016, 0.00339, 0.00117, 0.00061, 0.00029, 8e-05, 0.0008, 0.00031, 0.00016, 8e-05, 5e-05], [0.12854, 0.54293, 0.10102, 0.0184, 0.00436, 0.04994, 0.06936, 0.03599, 0.00638, 0.00169, 0.00929, 0.01326, 0.0068, 0.00331, 0.00085, 0.00169, 0.00235, 0.00122, 0.00059, 0.00042, 0.0004, 0.00062, 0.00031, 0.00016, 0.0001], [0.02366, 0.09995, 0.54876, 0.09995, 0.02366, 0.00919, 0.03466, 0.07202, 0.03466, 0.00919, 0.00464, 0.00662, 0.01361, 0.00662, 0.00464, 0.00085, 0.00117, 0.00244, 0.00117, 0.00085, 0.0002, 0.00031, 0.00063, 0.00031, 0.0002], [0.00436, 0.0184, 0.10102, 0.54293, 0.12854, 0.00169, 0.00638, 0.03599, 0.06936, 0.04994, 0.00085, 0.00331, 0.0068, 0.01326, 0.00929, 0.00042, 0.00059, 0.00122, 0.00235, 0.00169, 0.0001, 0.00016, 0.00031, 0.00062, 0.0004], [0.0008, 0.00339, 0.0186, 0.09995, 0.69821, 0.00031, 0.00117, 0.00662, 0.03466, 0.09995, 0.00016, 0.00061, 0.0034, 0.00662, 0.0186, 8e-05, 0.00029, 0.00061, 0.00117, 0.00339, 5e-05, 8e-05, 0.00016, 0.00031, 0.0008], [0.12854, 0.04994, 0.00929, 0.00169, 0.0004, 0.54293, 0.06936, 0.01326, 0.00235, 0.00062, 0.10102, 0.03599, 0.0068, 0.00122, 0.00031, 0.0184, 0.00638, 0.00331, 0.00059, 0.00016, 0.00436, 0.00169, 0.00085, 0.00042, 0.0001], [0.06422, 0.09995, 0.05048, 0.00919, 0.00218, 0.09995, 0.37678, 0.07202, 0.01277, 0.00339, 0.05048, 0.07202, 0.03695, 0.00662, 0.00171, 0.00919, 0.01277, 0.00662, 0.00319, 0.00085, 0.00218, 0.00339, 0.00171, 0.00085, 0.00054], [0.01182, 0.04994, 0.10102, 0.04994, 0.01182, 0.0184, 0.06936, 0.39122, 0.06936, 0.0184, 0.00929, 0.03599, 0.07395, 0.03599, 0.00929, 0.00459, 0.00638, 0.01326, 0.00638, 0.00459, 0.00109, 0.00169, 0.00342, 0.00169, 0.00109], [0.00218, 0.00919, 0.05048, 0.09995, 0.06422, 0.00339, 0.01277, 0.07202, 0.37678, 0.09995, 0.00171, 0.00662, 0.03695, 0.07202, 0.05048, 0.00085, 0.00319, 0.00662, 0.01277, 0.00919, 0.00054, 0.00085, 0.00171, 0.00339, 0.00218], [0.0004, 0.00169, 0.00929, 0.04994, 0.12854, 0.00062, 0.00235, 0.01326, 0.06936, 0.54293, 0.00031, 0.00122, 0.0068, 0.03599, 0.10102, 0.00016, 0.00059, 0.00331, 0.00638, 0.0184, 0.0001, 0.00042, 0.00085, 0.00169, 0.00436], [0.02366, 0.00919, 0.00464, 0.00085, 0.0002, 0.09995, 0.03466, 0.00662, 0.00117, 0.00031, 0.54876, 0.07202, 0.01361, 0.00244, 0.00063, 0.09995, 0.03466, 0.00662, 0.00117, 0.00031, 0.02366, 0.00919, 0.00464, 0.00085, 0.0002], [0.01182, 0.0184, 0.00929, 0.00459, 0.00109, 0.04994, 0.06936, 0.03599, 0.00638, 0.00169, 0.10102, 0.39122, 0.07395, 0.01326, 0.00342, 0.04994, 0.06936, 0.03599, 0.00638, 0.00169, 0.01182, 0.0184, 0.00929, 0.00459, 0.00109], [0.00591, 0.00919, 0.0186, 0.00919, 0.00591, 0.00919, 0.03466, 0.07202, 0.03466, 0.00919, 0.0186, 0.07202, 0.40171, 0.07202, 0.0186, 0.00919, 0.03466, 0.07202, 0.03466, 0.00919, 0.00591, 0.00919, 0.0186, 0.00919, 0.00591], [0.00109, 0.00459, 0.00929, 0.0184, 0.01182, 0.00169, 0.00638, 0.03599, 0.06936, 0.04994, 0.00342, 0.01326, 0.07395, 0.39122, 0.10102, 0.00169, 0.00638, 0.03599, 0.06936, 0.04994, 0.00109, 0.00459, 0.00929, 0.0184, 0.01182], [0.0002, 0.00085, 0.00464, 0.00919, 0.02366, 0.00031, 0.00117, 0.00662, 0.03466, 0.09995, 0.00063, 0.00244, 0.01361, 0.07202, 0.54876, 0.00031, 0.00117, 0.00662, 0.03466, 0.09995, 0.0002, 0.00085, 0.00464, 0.00919, 0.02366], [0.00436, 0.00169, 0.00085, 0.00042, 0.0001, 0.0184, 0.00638, 0.00331, 0.00059, 0.00016, 0.10102, 0.03599, 0.0068, 0.00122, 0.00031, 0.54293, 0.06936, 0.01326, 0.00235, 0.00062, 0.12854, 0.04994, 0.00929, 0.00169, 0.0004], [0.00218, 0.00339, 0.00171, 0.00085, 0.00054, 0.00919, 0.01277, 0.00662, 0.00319, 0.00085, 0.05048, 0.07202, 0.03695, 0.00662, 0.00171, 0.09995, 0.37678, 0.07202, 0.01277, 0.00339, 0.06422, 0.09995, 0.05048, 0.00919, 0.00218], [0.00109, 0.00169, 0.00342, 0.00169, 0.00109, 0.00459, 0.00638, 0.01326, 0.00638, 0.00459, 0.00929, 0.03599, 0.07395, 0.03599, 0.00929, 0.0184, 0.06936, 0.39122, 0.06936, 0.0184, 0.01182, 0.04994, 0.10102, 0.04994, 0.01182], [0.00054, 0.00085, 0.00171, 0.00339, 0.00218, 0.00085, 0.00319, 0.00662, 0.01277, 0.00919, 0.00171, 0.00662, 0.03695, 0.07202, 0.05048, 0.00339, 0.01277, 0.07202, 0.37678, 0.09995, 0.00218, 0.00919, 0.05048, 0.09995, 0.06422], [0.0001, 0.00042, 0.00085, 0.00169, 0.00436, 0.00016, 0.00059, 0.00331, 0.00638, 0.0184, 0.00031, 0.00122, 0.0068, 0.03599, 0.10102, 0.00062, 0.00235, 0.01326, 0.06936, 0.54293, 0.0004, 0.00169, 0.00929, 0.04994, 0.12854], [0.0008, 0.00031, 0.00016, 8e-05, 5e-05, 0.00339, 0.00117, 0.00061, 0.00029, 8e-05, 0.0186, 0.00662, 0.0034, 0.00061, 0.00016, 0.09995, 0.03466, 0.00662, 0.00117, 0.00031, 0.69821, 0.09995, 0.0186, 0.00339, 0.0008], [0.0004, 0.00062, 0.00031, 0.00016, 0.0001, 0.00169, 0.00235, 0.00122, 0.00059, 0.00042, 0.00929, 0.01326, 0.0068, 0.00331, 0.00085, 0.04994, 0.06936, 0.03599, 0.00638, 0.00169, 0.12854, 0.54293, 0.10102, 0.0184, 0.00436], [0.0002, 0.00031, 0.00063, 0.00031, 0.0002, 0.00085, 0.00117, 0.00244, 0.00117, 0.00085, 0.00464, 0.00662, 0.01361, 0.00662, 0.00464, 0.00919, 0.03466, 0.07202, 0.03466, 0.00919, 0.02366, 0.09995, 0.54876, 0.09995, 0.02366], [0.0001, 0.00016, 0.00031, 0.00062, 0.0004, 0.00042, 0.00059, 0.00122, 0.00235, 0.00169, 0.00085, 0.00331, 0.0068, 0.01326, 0.00929, 0.00169, 0.00638, 0.03599, 0.06936, 0.04994, 0.00436, 0.0184, 0.10102, 0.54293, 0.12854], [5e-05, 8e-05, 0.00016, 0.00031, 0.0008, 8e-05, 0.00029, 0.00061, 0.00117, 0.00339, 0.00016, 0.00061, 0.0034, 0.00662, 0.0186, 0.00031, 0.00117, 0.00662, 0.03466, 0.09995, 0.0008, 0.00339, 0.0186, 0.09995, 0.69821]]