[[0.57648, 0.12093, 0.02897, 0.01173, 0.00542, 0.12093, 0.03411, 0.0127, 0.00331, 0.00226, 0.02897, 0.0127, 0.00789, 0.00245, 0.00108, 0.01173, 0.00331, 0.00245, 0.00127, 0.00087, 0.00542, 0.00226, 0.00108, 0.00087, 0.0008], [0.17952, 0.38835, 0.09303, 0.03766, 0.01741, 0.07496, 0.05503, 0.04079, 0.01062, 0.00727, 0.01796, 0.02049, 0.01273, 0.00787, 0.00347, 0.00727, 0.00534, 0.00396, 0.00205, 0.00279, 0.00336, 0.00365, 0.00174, 0.0014, 0.00129], [0.0559, 0.12093, 0.29873, 0.12093, 0.0559, 0.02334, 0.03411, 0.13098, 0.03411, 0.02334, 0.01113, 0.0127, 0.02054, 0.0127, 0.01113, 0.00451, 0.00331, 0.00638, 0.00331, 0.00451, 0.00208, 0.00226, 0.00281, 0.00226, 0.00208], [0.01741, 0.03766, 0.09303, 0.38835, 0.17952, 0.00727, 0.01062, 0.04079, 0.05503, 0.07496, 0.00347, 0.00787, 0.01273, 0.02049, 0.01796, 0.00279, 0.00205, 0.00396, 0.00534, 0.00727, 0.00129, 0.0014, 0.00174, 0.00365, 0.00336], [0.00542, 0.01173, 0.02897, 0.12093, 0.57648, 0.00226, 0.00331, 0.0127, 0.03411, 0.12093, 0.00108, 0.00245, 0.00789, 0.0127, 0.02897, 0.00087, 0.00127, 0.00245, 0.00331, 0.01173, 0.0008, 0.00087, 0.00108, 0.00226, 0.00542], [0.17952, 0.07496, 0.01796, 0.00727, 0.00336, 0.38835, 0.05503, 0.02049, 0.00534, 0.00365, 0.09303, 0.04079, 0.01273, 0.00396, 0.00174, 0.03766, 0.01062, 0.00787, 0.00205, 0.0014, 0.01741, 0.00727, 0.00347, 0.00279, 0.00129], [0.11127, 0.12093, 0.05766, 0.02334, 0.01079, 0.12093, 0.17673, 0.06581, 0.01714, 0.01173, 0.05766, 0.06581, 0.04088, 0.0127, 0.00559, 0.02334, 0.01714, 0.0127, 0.00658, 0.00451, 0.01079, 0.01173, 0.00559, 0.00451, 0.00415], [0.03465, 0.07496, 0.09303, 0.07496, 0.03465, 0.03766, 0.05503, 0.21132, 0.05503, 0.03766, 0.01796, 0.04079, 0.06596, 0.04079, 0.01796, 0.01447, 0.01062, 0.02049, 0.01062, 0.01447, 0.00669, 0.00727, 0.00902, 0.00727, 0.00669], [0.01079, 0.02334, 0.05766, 0.12093, 0.11127, 0.01173, 0.01714, 0.06581, 0.17673, 0.12093, 0.00559, 0.0127, 0.04088, 0.06581, 0.05766, 0.00451, 0.00658, 0.0127, 0.01714, 0.02334, 0.00415, 0.00451, 0.00559, 0.01173, 0.01079], [0.00336, 0.00727, 0.01796, 0.07496, 0.17952, 0.00365, 0.00534, 0.02049, 0.05503, 0.38835, 0.00174, 0.00396, 0.01273, 0.04079, 0.09303, 0.0014, 0.00205, 0.00787, 0.01062, 0.03766, 0.00129, 0.00279, 0.00347, 0.00727, 0.01741], [0.0559, 0.02334, 0.01113, 0.00451, 0.00208, 0.12093, 0.03411, 0.0127, 0.00331, 0.00226, 0.29873, 0.13098, 0.02054, 0.00638, 0.00281, 0.12093, 0.03411, 0.0127, 0.00331, 0.00226, 0.0559, 0.02334, 0.01113, 0.00451, 0.00208], [0.03465, 0.03766, 0.01796, 0.01447, 0.00669, 0.07496, 0.05503, 0.04079, 0.01062, 0.00727, 0.09303, 0.21132, 0.06596, 0.02049, 0.00902, 0.07496, 0.05503, 0.04079, 0.01062, 0.00727, 0.03465, 0.03766, 0.01796, 0.01447, 0.00669], [0.02148, 0.02334, 0.02897, 0.02334, 0.02148, 0.02334, 0.03411, 0.06581, 0.03411, 0.02334, 0.02897, 0.06581, 0.21182, 0.06581, 0.02897, 0.02334, 0.03411, 0.06581, 0.03411, 0.02334, 0.02148, 0.02334, 0.02897, 0.02334, 0.02148], [0.00669, 0.01447, 0.01796, 0.03766, 0.03465, 0.00727, 0.01062, 0.04079, 0.05503, 0.07496, 0.00902, 0.02049, 0.06596, 0.21132, 0.09303, 0.00727, 0.01062, 0.04079, 0.05503, 0.07496, 0.00669, 0.01447, 0.01796, 0.03766, 0.03465], [0.00208, 0.00451, 0.01113, 0.02334, 0.0559, 0.00226, 0.00331, 0.0127, 0.03411, 0.12093, 0.00281, 0.00638, 0.02054, 0.13098, 0.29873, 0.00226, 0.00331, 0.0127, 0.03411, 0.12093, 0.00208, 0.00451, 0.01113, 0.02334, 0.0559], [0.01741, 0.00727, 0.00347, 0.00279, 0.00129, 0.03766, 0.01062, 0.00787, 0.00205, 0.0014, 0.09303, 0.04079, 0.01273, 0.00396, 0.00174, 0.38835, 0.05503, 0.02049, 0.00534, 0.00365, 0.17952, 0.07496, 0.01796, 0.00727, 0.00336], [0.01079, 0.01173, 0.00559, 0.00451, 0.00415, 0.02334, 0.01714, 0.0127, 0.00658, 0.00451, 0.05766, 0.06581, 0.04088, 0.0127, 0.00559, 0.12093, 0.17673, 0.06581, 0.01714, 0.01173, 0.11127, 0.12093, 0.05766, 0.02334, 0.01079], [0.00669, 0.00727, 0.00902, 0.00727, 0.00669, 0.01447, 0.01062, 0.02049, 0.01062, 0.01447, 0.01796, 0.04079, 0.06596, 0.04079, 0.01796, 0.03766, 0.05503, 0.21132, 0.05503, 0.03766, 0.03465, 0.07496, 0.09303, 0.07496, 0.03465], [0.00415, 0.00451, 0.00559, 0.01173, 0.01079, 0.00451, 0.00658, 0.0127, 0.01714, 0.02334, 0.00559, 0.0127, 0.04088, 0.06581, 0.05766, 0.01173, 0.01714, 0.06581, 0.17673, 0.12093, 0.01079, 0.02334, 0.05766, 0.12093, 0.11127], [0.00129, 0.00279, 0.00347, 0.00727, 0.01741, 0.0014, 0.00205, 0.00787, 0.01062, 0.03766, 0.00174, 0.00396, 0.01273, 0.04079, 0.09303, 0.00365, 0.00534, 0.02049, 0.05503, 0.38835, 0.00336, 0.00727, 0.01796, 0.07496, 0.17952], [0.00542, 0.00226, 0.00108, 0.00087, 0.0008, 0.01173, 0.00331, 0.00245, 0.00127, 0.00087, 0.02897, 0.0127, 0.00789, 0.00245, 0.00108, 0.12093, 0.03411, 0.0127, 0.00331, 0.00226, 0.57648, 0.12093, 0.02897, 0.01173, 0.00542], [0.00336, 0.00365, 0.00174, 0.0014, 0.00129, 0.00727, 0.00534, 0.00396, 0.00205, 0.00279, 0.01796, 0.02049, 0.01273, 0.00787, 0.00347, 0.07496, 0.05503, 0.04079, 0.01062, 0.00727, 0.17952, 0.38835, 0.09303, 0.03766, 0.01741], [0.00208, 0.00226, 0.00281, 0.00226, 0.00208, 0.00451, 0.00331, 0.00638, 0.00331, 0.00451, 0.01113, 0.0127, 0.02054, 0.0127, 0.01113, 0.02334, 0.03411, 0.13098, 0.03411, 0.02334, 0.0559, 0.12093, 0.29873, 0.12093, 0.0559], [0.00129, 0.0014, 0.00174, 0.00365, 0.00336, 0.00279, 0.00205, 0.00396, 0.00534, 0.00727, 0.00347, 0.00787, 0.01273, 0.02049, 0.01796, 0.00727, 0.01062, 0.04079, 0.05503, 0.07496, 0.01741, 0.03766, 0.09303, 0.38835, 0.17952], [0.0008, 0.00087, 0.00108, 0.00226, 0.00542, 0.00087, 0.00127, 0.00245, 0.00331, 0.01173, 0.00108, 0.00245, 0.00789, 0.0127, 0.02897, 0.00226, 0.00331, 0.0127, 0.03411, 0.12093, 0.00542, 0.01173, 0.02897, 0.12093, 0.57648]]