[[0.94491, 0.02412, 0.00064, 2e-05, 0, 0.02412, 0.00523, 0.00014, 0, 0, 0.00064, 0.00014, 3e-05, 0, 0, 2e-05, 0, 0, 0, 0, 0, 0, 0, 0, 0], [0.0249, 0.91534, 0.02412, 0.00064, 2e-05, 0.00543, 0.02323, 0.00523, 0.00014, 0, 0.00014, 0.00061, 0.00014, 3e-05, 0, 0, 2e-05, 0, 0, 0, 0, 0, 0, 0, 0], [0.00066, 0.02412, 0.91549, 0.02412, 0.00066, 0.00014, 0.00523, 0.02324, 0.00523, 0.00014, 3e-05, 0.00014, 0.00061, 0.00014, 3e-05, 0, 0, 2e-05, 0, 0, 0, 0, 0, 0, 0], [2e-05, 0.00064, 0.02412, 0.91534, 0.0249, 0, 0.00014, 0.00523, 0.02323, 0.00543, 0, 3e-05, 0.00014, 0.00061, 0.00014, 0, 0, 0, 2e-05, 0, 0, 0, 0, 0, 0], [0, 2e-05, 0.00064, 0.02412, 0.94491, 0, 0, 0.00014, 0.00523, 0.02412, 0, 0, 3e-05, 0.00014, 0.00064, 0, 0, 0, 0, 2e-05, 0, 0, 0, 0, 0], [0.0249, 0.00543, 0.00014, 0, 0, 0.91534, 0.02323, 0.00061, 2e-05, 0, 0.02412, 0.00523, 0.00014, 0, 0, 0.00064, 0.00014, 3e-05, 0, 0, 2e-05, 0, 0, 0, 0], [0.00561, 0.02412, 0.00543, 0.00014, 0, 0.02412, 0.88172, 0.02324, 0.00061, 2e-05, 0.00543, 0.02324, 0.00523, 0.00014, 0, 0.00014, 0.00061, 0.00014, 3e-05, 0, 0, 2e-05, 0, 0, 0], [0.00015, 0.00543, 0.02412, 0.00543, 0.00015, 0.00064, 0.02323, 0.88201, 0.02323, 0.00064, 0.00014, 0.00523, 0.02325, 0.00523, 0.00014, 3e-05, 0.00014, 0.00061, 0.00014, 3e-05, 0, 0, 2e-05, 0, 0], [0, 0.00014, 0.00543, 0.02412, 0.00561, 2e-05, 0.00061, 0.02324, 0.88172, 0.02412, 0, 0.00014, 0.00523, 0.02324, 0.00543, 0, 3e-05, 0.00014, 0.00061, 0.00014, 0, 0, 0, 2e-05, 0], [0, 0, 0.00014, 0.00543, 0.0249, 0, 2e-05, 0.00061, 0.02323, 0.91534, 0, 0, 0.00014, 0.00523, 0.02412, 0, 0, 3e-05, 0.00014, 0.00064, 0, 0, 0, 0, 2e-05], [0.00066, 0.00014, 3e-05, 0, 0, 0.02412, 0.00523, 0.00014, 0, 0, 0.91549, 0.02324, 0.00061, 2e-05, 0, 0.02412, 0.00523, 0.00014, 0, 0, 0.00066, 0.00014, 3e-05, 0, 0], [0.00015, 0.00064, 0.00014, 3e-05, 0, 0.00543, 0.02323, 0.00523, 0.00014, 0, 0.02412, 0.88201, 0.02325, 0.00061, 2e-05, 0.00543, 0.02323, 0.00523, 0.00014, 0, 0.00015, 0.00064, 0.00014, 3e-05, 0], [3e-05, 0.00014, 0.00064, 0.00014, 3e-05, 0.00014, 0.00523, 0.02324, 0.00523, 0.00014, 0.00064, 0.02324, 0.8823, 0.02324, 0.00064, 0.00014, 0.00523, 0.02324, 0.00523, 0.00014, 3e-05, 0.00014, 0.00064, 0.00014, 3e-05], [0, 3e-05, 0.00014, 0.00064, 0.00015, 0, 0.00014, 0.00523, 0.02323, 0.00543, 2e-05, 0.00061, 0.02325, 0.88201, 0.02412, 0, 0.00014, 0.00523, 0.02323, 0.00543, 0, 3e-05, 0.00014, 0.00064, 0.00015], [0, 0, 3e-05, 0.00014, 0.00066, 0, 0, 0.00014, 0.00523, 0.02412, 0, 2e-05, 0.00061, 0.02324, 0.91549, 0, 0, 0.00014, 0.00523, 0.02412, 0, 0, 3e-05, 0.00014, 0.00066], [2e-05, 0, 0, 0, 0, 0.00064, 0.00014, 3e-05, 0, 0, 0.02412, 0.00523, 0.00014, 0, 0, 0.91534, 0.02323, 0.00061, 2e-05, 0, 0.0249, 0.00543, 0.00014, 0, 0], [0, 2e-05, 0, 0, 0, 0.00014, 0.00061, 0.00014, 3e-05, 0, 0.00543, 0.02324, 0.00523, 0.00014, 0, 0.02412, 0.88172, 0.02324, 0.00061, 2e-05, 0.00561, 0.02412, 0.00543, 0.00014, 0], [0, 0, 2e-05, 0, 0, 3e-05, 0.00014, 0.00061, 0.00014, 3e-05, 0.00014, 0.00523, 0.02325, 0.00523, 0.00014, 0.00064, 0.02323, 0.88201, 0.02323, 0.00064, 0.00015, 0.00543, 0.02412, 0.00543, 0.00015], [0, 0, 0, 2e-05, 0, 0, 3e-05, 0.00014, 0.00061, 0.00014, 0, 0.00014, 0.00523, 0.02324, 0.00543, 2e-05, 0.00061, 0.02324, 0.88172, 0.02412, 0, 0.00014, 0.00543, 0.02412, 0.00561], [0, 0, 0, 0, 2e-05, 0, 0, 3e-05, 0.00014, 0.00064, 0, 0, 0.00014, 0.00523, 0.02412, 0, 2e-05, 0.00061, 0.02323, 0.91534, 0, 0, 0.00014, 0.00543, 0.0249], [0, 0, 0, 0, 0, 2e-05, 0, 0, 0, 0, 0.00064, 0.00014, 3e-05, 0, 0, 0.02412, 0.00523, 0.00014, 0, 0, 0.94491, 0.02412, 0.00064, 2e-05, 0], [0, 0, 0, 0, 0, 0, 2e-05, 0, 0, 0, 0.00014, 0.00061, 0.00014, 3e-05, 0, 0.00543, 0.02323, 0.00523, 0.00014, 0, 0.0249, 0.91534, 0.02412, 0.00064, 2e-05], [0, 0, 0, 0, 0, 0, 0, 2e-05, 0, 0, 3e-05, 0.00014, 0.00061, 0.00014, 3e-05, 0.00014, 0.00523, 0.02324, 0.00523, 0.00014, 0.00066, 0.02412, 0.91549, 0.02412, 0.00066], [0, 0, 0, 0, 0, 0, 0, 0, 2e-05, 0, 0, 3e-05, 0.00014, 0.00061, 0.00014, 0, 0.00014, 0.00523, 0.02323, 0.00543, 2e-05, 0.00064, 0.02412, 0.91534, 0.0249], [0, 0, 0, 0, 0, 0, 0, 0, 0, 2e-05, 0, 0, 3e-05, 0.00014, 0.00064, 0, 0, 0.00014, 0.00523, 0.02412, 0, 2e-05, 0.00064, 0.02412, 0.94491]]