[[0.60619, 0.11135, 0.03101, 0.00827, 0.00334, 0.11135, 0.03427, 0.01256, 0.00352, 0.00193, 0.03101, 0.01256, 0.00632, 0.00212, 0.00125, 0.00827, 0.00352, 0.00212, 0.00088, 0.00061, 0.00334, 0.00193, 0.00125, 0.00061, 0.0004], [0.16521, 0.40859, 0.11377, 0.03035, 0.01227, 0.06535, 0.0584, 0.03696, 0.01165, 0.00672, 0.0227, 0.01716, 0.01344, 0.00591, 0.00382, 0.00672, 0.00434, 0.0038, 0.00196, 0.00167, 0.00286, 0.00225, 0.00197, 0.00122, 0.00091], [0.04502, 0.11135, 0.41745, 0.11135, 0.04502, 0.02221, 0.03427, 0.06298, 0.03427, 0.02221, 0.01068, 0.01256, 0.01836, 0.01256, 0.01068, 0.00374, 0.00352, 0.00468, 0.00352, 0.00374, 0.00182, 0.00193, 0.0023, 0.00193, 0.00182], [0.01227, 0.03035, 0.11377, 0.40859, 0.16521, 0.00672, 0.01165, 0.03696, 0.0584, 0.06535, 0.00382, 0.00591, 0.01344, 0.01716, 0.0227, 0.00167, 0.00196, 0.0038, 0.00434, 0.00672, 0.00091, 0.00122, 0.00197, 0.00225, 0.00286], [0.00334, 0.00827, 0.03101, 0.11135, 0.60619, 0.00193, 0.00352, 0.01256, 0.03427, 0.11135, 0.00125, 0.00212, 0.00632, 0.01256, 0.03101, 0.00061, 0.00088, 0.00212, 0.00352, 0.00827, 0.0004, 0.00061, 0.00125, 0.00193, 0.00334], [0.16521, 0.06535, 0.0227, 0.00672, 0.00286, 0.40859, 0.0584, 0.01716, 0.00434, 0.00225, 0.11377, 0.03696, 0.01344, 0.0038, 0.00197, 0.03035, 0.01165, 0.00591, 0.00196, 0.00122, 0.01227, 0.00672, 0.00382, 0.00167, 0.00091], [0.09695, 0.11135, 0.06676, 0.02221, 0.00997, 0.11135, 0.21428, 0.06298, 0.01592, 0.00827, 0.06676, 0.06298, 0.03954, 0.01256, 0.00686, 0.02221, 0.01592, 0.01256, 0.00548, 0.00374, 0.00997, 0.00827, 0.00686, 0.00374, 0.00248], [0.03296, 0.06535, 0.11377, 0.06535, 0.03296, 0.03035, 0.0584, 0.23108, 0.0584, 0.03035, 0.0227, 0.03696, 0.06738, 0.03696, 0.0227, 0.01045, 0.01165, 0.01716, 0.01165, 0.01045, 0.00555, 0.00672, 0.00845, 0.00672, 0.00555], [0.00997, 0.02221, 0.06676, 0.11135, 0.09695, 0.00827, 0.01592, 0.06298, 0.21428, 0.11135, 0.00686, 0.01256, 0.03954, 0.06298, 0.06676, 0.00374, 0.00548, 0.01256, 0.01592, 0.02221, 0.00248, 0.00374, 0.00686, 0.00827, 0.00997], [0.00286, 0.00672, 0.0227, 0.06535, 0.16521, 0.00225, 0.00434, 0.01716, 0.0584, 0.40859, 0.00197, 0.0038, 0.01344, 0.03696, 0.11377, 0.00122, 0.00196, 0.00591, 0.01165, 0.03035, 0.00091, 0.00167, 0.00382, 0.00672, 0.01227], [0.04502, 0.02221, 0.01068, 0.00374, 0.00182, 0.11135, 0.03427, 0.01256, 0.00352, 0.00193, 0.41745, 0.06298, 0.01836, 0.00468, 0.0023, 0.11135, 0.03427, 0.01256, 0.00352, 0.00193, 0.04502, 0.02221, 0.01068, 0.00374, 0.00182], [0.03296, 0.03035, 0.0227, 0.01045, 0.00555, 0.06535, 0.0584, 0.03696, 0.01165, 0.00672, 0.11377, 0.23108, 0.06738, 0.01716, 0.00845, 0.06535, 0.0584, 0.03696, 0.01165, 0.00672, 0.03296, 0.03035, 0.0227, 0.01045, 0.00555], [0.01551, 0.02221, 0.03101, 0.02221, 0.01551, 0.02221, 0.03427, 0.06298, 0.03427, 0.02221, 0.03101, 0.06298, 0.24725, 0.06298, 0.03101, 0.02221, 0.03427, 0.06298, 0.03427, 0.02221, 0.01551, 0.02221, 0.03101, 0.02221, 0.01551], [0.00555, 0.01045, 0.0227, 0.03035, 0.03296, 0.00672, 0.01165, 0.03696, 0.0584, 0.06535, 0.00845, 0.01716, 0.06738, 0.23108, 0.11377, 0.00672, 0.01165, 0.03696, 0.0584, 0.06535, 0.00555, 0.01045, 0.0227, 0.03035, 0.03296], [0.00182, 0.00374, 0.01068, 0.02221, 0.04502, 0.00193, 0.00352, 0.01256, 0.03427, 0.11135, 0.0023, 0.00468, 0.01836, 0.06298, 0.41745, 0.00193, 0.00352, 0.01256, 0.03427, 0.11135, 0.00182, 0.00374, 0.01068, 0.02221, 0.04502], [0.01227, 0.00672, 0.00382, 0.00167, 0.00091, 0.03035, 0.01165, 0.00591, 0.00196, 0.00122, 0.11377, 0.03696, 0.01344, 0.0038, 0.00197, 0.40859, 0.0584, 0.01716, 0.00434, 0.00225, 0.16521, 0.06535, 0.0227, 0.00672, 0.00286], [0.00997, 0.00827, 0.00686, 0.00374, 0.00248, 0.02221, 0.01592, 0.01256, 0.00548, 0.00374, 0.06676, 0.06298, 0.03954, 0.01256, 0.00686, 0.11135, 0.21428, 0.06298, 0.01592, 0.00827, 0.09695, 0.11135, 0.06676, 0.02221, 0.00997], [0.00555, 0.00672, 0.00845, 0.00672, 0.00555, 0.01045, 0.01165, 0.01716, 0.01165, 0.01045, 0.0227, 0.03696, 0.06738, 0.03696, 0.0227, 0.03035, 0.0584, 0.23108, 0.0584, 0.03035, 0.03296, 0.06535, 0.11377, 0.06535, 0.03296], [0.00248, 0.00374, 0.00686, 0.00827, 0.00997, 0.00374, 0.00548, 0.01256, 0.01592, 0.02221, 0.00686, 0.01256, 0.03954, 0.06298, 0.06676, 0.00827, 0.01592, 0.06298, 0.21428, 0.11135, 0.00997, 0.02221, 0.06676, 0.11135, 0.09695], [0.00091, 0.00167, 0.00382, 0.00672, 0.01227, 0.00122, 0.00196, 0.00591, 0.01165, 0.03035, 0.00197, 0.0038, 0.01344, 0.03696, 0.11377, 0.00225, 0.00434, 0.01716, 0.0584, 0.40859, 0.00286, 0.00672, 0.0227, 0.06535, 0.16521], [0.00334, 0.00193, 0.00125, 0.00061, 0.0004, 0.00827, 0.00352, 0.00212, 0.00088, 0.00061, 0.03101, 0.01256, 0.00632, 0.00212, 0.00125, 0.11135, 0.03427, 0.01256, 0.00352, 0.00193, 0.60619, 0.11135, 0.03101, 0.00827, 0.00334], [0.00286, 0.00225, 0.00197, 0.00122, 0.00091, 0.00672, 0.00434, 0.0038, 0.00196, 0.00167, 0.0227, 0.01716, 0.01344, 0.00591, 0.00382, 0.06535, 0.0584, 0.03696, 0.01165, 0.00672, 0.16521, 0.40859, 0.11377, 0.03035, 0.01227], [0.00182, 0.00193, 0.0023, 0.00193, 0.00182, 0.00374, 0.00352, 0.00468, 0.00352, 0.00374, 0.01068, 0.01256, 0.01836, 0.01256, 0.01068, 0.02221, 0.03427, 0.06298, 0.03427, 0.02221, 0.04502, 0.11135, 0.41745, 0.11135, 0.04502], [0.00091, 0.00122, 0.00197, 0.00225, 0.00286, 0.00167, 0.00196, 0.0038, 0.00434, 0.00672, 0.00382, 0.00591, 0.01344, 0.01716, 0.0227, 0.00672, 0.01165, 0.03696, 0.0584, 0.06535, 0.01227, 0.03035, 0.11377, 0.40859, 0.16521], [0.0004, 0.00061, 0.00125, 0.00193, 0.00334, 0.00061, 0.00088, 0.00212, 0.00352, 0.00827, 0.00125, 0.00212, 0.00632, 0.01256, 0.03101, 0.00193, 0.00352, 0.01256, 0.03427, 0.11135, 0.00334, 0.00827, 0.03101, 0.11135, 0.60619]]