[[0.79319, 0.07574, 0.00841, 0.00093, 0.00012, 0.07574, 0.02527, 0.00409, 0.00054, 8e-05, 0.00841, 0.00409, 0.00115, 0.0002, 4e-05, 0.00093, 0.00054, 0.0002, 5e-05, 1e-05, 0.00012, 8e-05, 4e-05, 1e-05, 0], [0.08789, 0.68359, 0.07594, 0.00839, 0.00108, 0.03073, 0.06228, 0.02542, 0.00407, 0.00065, 0.00496, 0.00694, 0.00412, 0.00114, 0.00024, 0.00065, 0.00076, 0.00054, 0.0002, 6e-05, 9e-05, 0.0001, 8e-05, 4e-05, 1e-05], [0.00974, 0.07574, 0.68533, 0.07574, 0.00974, 0.00495, 0.02527, 0.06264, 0.02527, 0.00495, 0.00139, 0.00409, 0.00698, 0.00409, 0.00139, 0.00024, 0.00054, 0.00077, 0.00054, 0.00024, 4e-05, 8e-05, 0.0001, 8e-05, 4e-05], [0.00108, 0.00839, 0.07594, 0.68359, 0.08789, 0.00065, 0.00407, 0.02542, 0.06228, 0.03073, 0.00024, 0.00114, 0.00412, 0.00694, 0.00496, 6e-05, 0.0002, 0.00054, 0.00076, 0.00065, 1e-05, 4e-05, 8e-05, 0.0001, 9e-05], [0.00012, 0.00093, 0.00841, 0.07574, 0.79319, 8e-05, 0.00054, 0.00409, 0.02527, 0.07574, 4e-05, 0.0002, 0.00115, 0.00409, 0.00841, 1e-05, 5e-05, 0.0002, 0.00054, 0.00093, 0, 1e-05, 4e-05, 8e-05, 0.00012], [0.08789, 0.03073, 0.00496, 0.00065, 9e-05, 0.68359, 0.06228, 0.00694, 0.00076, 0.0001, 0.07594, 0.02542, 0.00412, 0.00054, 8e-05, 0.00839, 0.00407, 0.00114, 0.0002, 4e-05, 0.00108, 0.00065, 0.00024, 6e-05, 1e-05], [0.03566, 0.07574, 0.03081, 0.00495, 0.00076, 0.07574, 0.5621, 0.06264, 0.0069, 0.00093, 0.03081, 0.06264, 0.02557, 0.00409, 0.00066, 0.00495, 0.0069, 0.00409, 0.00114, 0.00024, 0.00076, 0.00093, 0.00066, 0.00024, 7e-05], [0.00574, 0.03073, 0.07594, 0.03073, 0.00574, 0.00839, 0.06228, 0.56534, 0.06228, 0.00839, 0.00496, 0.02542, 0.06301, 0.02542, 0.00496, 0.00138, 0.00407, 0.00694, 0.00407, 0.00138, 0.00028, 0.00065, 0.00093, 0.00065, 0.00028], [0.00076, 0.00495, 0.03081, 0.07574, 0.03566, 0.00093, 0.0069, 0.06264, 0.5621, 0.07574, 0.00066, 0.00409, 0.02557, 0.06264, 0.03081, 0.00024, 0.00114, 0.00409, 0.0069, 0.00495, 7e-05, 0.00024, 0.00066, 0.00093, 0.00076], [9e-05, 0.00065, 0.00496, 0.03073, 0.08789, 0.0001, 0.00076, 0.00694, 0.06228, 0.68359, 8e-05, 0.00054, 0.00412, 0.02542, 0.07594, 4e-05, 0.0002, 0.00114, 0.00407, 0.00839, 1e-05, 6e-05, 0.00024, 0.00065, 0.00108], [0.00974, 0.00495, 0.00139, 0.00024, 4e-05, 0.07574, 0.02527, 0.00409, 0.00054, 8e-05, 0.68533, 0.06264, 0.00698, 0.00077, 0.0001, 0.07574, 0.02527, 0.00409, 0.00054, 8e-05, 0.00974, 0.00495, 0.00139, 0.00024, 4e-05], [0.00574, 0.00839, 0.00496, 0.00138, 0.00028, 0.03073, 0.06228, 0.02542, 0.00407, 0.00065, 0.07594, 0.56534, 0.06301, 0.00694, 0.00093, 0.03073, 0.06228, 0.02542, 0.00407, 0.00065, 0.00574, 0.00839, 0.00496, 0.00138, 0.00028], [0.0016, 0.00495, 0.00841, 0.00495, 0.0016, 0.00495, 0.02527, 0.06264, 0.02527, 0.00495, 0.00841, 0.06264, 0.56868, 0.06264, 0.00841, 0.00495, 0.02527, 0.06264, 0.02527, 0.00495, 0.0016, 0.00495, 0.00841, 0.00495, 0.0016], [0.00028, 0.00138, 0.00496, 0.00839, 0.00574, 0.00065, 0.00407, 0.02542, 0.06228, 0.03073, 0.00093, 0.00694, 0.06301, 0.56534, 0.07594, 0.00065, 0.00407, 0.02542, 0.06228, 0.03073, 0.00028, 0.00138, 0.00496, 0.00839, 0.00574], [4e-05, 0.00024, 0.00139, 0.00495, 0.00974, 8e-05, 0.00054, 0.00409, 0.02527, 0.07574, 0.0001, 0.00077, 0.00698, 0.06264, 0.68533, 8e-05, 0.00054, 0.00409, 0.02527, 0.07574, 4e-05, 0.00024, 0.00139, 0.00495, 0.00974], [0.00108, 0.00065, 0.00024, 6e-05, 1e-05, 0.00839, 0.00407, 0.00114, 0.0002, 4e-05, 0.07594, 0.02542, 0.00412, 0.00054, 8e-05, 0.68359, 0.06228, 0.00694, 0.00076, 0.0001, 0.08789, 0.03073, 0.00496, 0.00065, 9e-05], [0.00076, 0.00093, 0.00066, 0.00024, 7e-05, 0.00495, 0.0069, 0.00409, 0.00114, 0.00024, 0.03081, 0.06264, 0.02557, 0.00409, 0.00066, 0.07574, 0.5621, 0.06264, 0.0069, 0.00093, 0.03566, 0.07574, 0.03081, 0.00495, 0.00076], [0.00028, 0.00065, 0.00093, 0.00065, 0.00028, 0.00138, 0.00407, 0.00694, 0.00407, 0.00138, 0.00496, 0.02542, 0.06301, 0.02542, 0.00496, 0.00839, 0.06228, 0.56534, 0.06228, 0.00839, 0.00574, 0.03073, 0.07594, 0.03073, 0.00574], [7e-05, 0.00024, 0.00066, 0.00093, 0.00076, 0.00024, 0.00114, 0.00409, 0.0069, 0.00495, 0.00066, 0.00409, 0.02557, 0.06264, 0.03081, 0.00093, 0.0069, 0.06264, 0.5621, 0.07574, 0.00076, 0.00495, 0.03081, 0.07574, 0.03566], [1e-05, 6e-05, 0.00024, 0.00065, 0.00108, 4e-05, 0.0002, 0.00114, 0.00407, 0.00839, 8e-05, 0.00054, 0.00412, 0.02542, 0.07594, 0.0001, 0.00076, 0.00694, 0.06228, 0.68359, 9e-05, 0.00065, 0.00496, 0.03073, 0.08789], [0.00012, 8e-05, 4e-05, 1e-05, 0, 0.00093, 0.00054, 0.0002, 5e-05, 1e-05, 0.00841, 0.00409, 0.00115, 0.0002, 4e-05, 0.07574, 0.02527, 0.00409, 0.00054, 8e-05, 0.79319, 0.07574, 0.00841, 0.00093, 0.00012], [9e-05, 0.0001, 8e-05, 4e-05, 1e-05, 0.00065, 0.00076, 0.00054, 0.0002, 6e-05, 0.00496, 0.00694, 0.00412, 0.00114, 0.00024, 0.03073, 0.06228, 0.02542, 0.00407, 0.00065, 0.08789, 0.68359, 0.07594, 0.00839, 0.00108], [4e-05, 8e-05, 0.0001, 8e-05, 4e-05, 0.00024, 0.00054, 0.00077, 0.00054, 0.00024, 0.00139, 0.00409, 0.00698, 0.00409, 0.00139, 0.00495, 0.02527, 0.06264, 0.02527, 0.00495, 0.00974, 0.07574, 0.68533, 0.07574, 0.00974], [1e-05, 4e-05, 8e-05, 0.0001, 9e-05, 6e-05, 0.0002, 0.00054, 0.00076, 0.00065, 0.00024, 0.00114, 0.00412, 0.00694, 0.00496, 0.00065, 0.00407, 0.02542, 0.06228, 0.03073, 0.00108, 0.00839, 0.07594, 0.68359, 0.08789], [0, 1e-05, 4e-05, 8e-05, 0.00012, 1e-05, 5e-05, 0.0002, 0.00054, 0.00093, 4e-05, 0.0002, 0.00115, 0.00409, 0.00841, 8e-05, 0.00054, 0.00409, 0.02527, 0.07574, 0.00012, 0.00093, 0.00841, 0.07574, 0.79319]]