[[0.60883, 0.09757, 0.0328, 0.00992, 0.0063, 0.09757, 0.0392, 0.01366, 0.00399, 0.00198, 0.0328, 0.01366, 0.00739, 0.00273, 0.00131, 0.00992, 0.00399, 0.00273, 0.00156, 0.00078, 0.0063, 0.00198, 0.00131, 0.00078, 0.00097], [0.19416, 0.30594, 0.10287, 0.03111, 0.01975, 0.06107, 0.12292, 0.04283, 0.0125, 0.00621, 0.02053, 0.02182, 0.0118, 0.00855, 0.0041, 0.00621, 0.00637, 0.00436, 0.0025, 0.00243, 0.00394, 0.00316, 0.00209, 0.00124, 0.00154], [0.06192, 0.09757, 0.32256, 0.09757, 0.06192, 0.01947, 0.0392, 0.13431, 0.0392, 0.01947, 0.01285, 0.01366, 0.01886, 0.01366, 0.01285, 0.00389, 0.00399, 0.00696, 0.00399, 0.00389, 0.00247, 0.00198, 0.00334, 0.00198, 0.00247], [0.01975, 0.03111, 0.10287, 0.30594, 0.19416, 0.00621, 0.0125, 0.04283, 0.12292, 0.06107, 0.0041, 0.00855, 0.0118, 0.02182, 0.02053, 0.00243, 0.0025, 0.00436, 0.00637, 0.00621, 0.00154, 0.00124, 0.00209, 0.00316, 0.00394], [0.0063, 0.00992, 0.0328, 0.09757, 0.60883, 0.00198, 0.00399, 0.01366, 0.0392, 0.09757, 0.00131, 0.00273, 0.00739, 0.01366, 0.0328, 0.00078, 0.00156, 0.00273, 0.00399, 0.00992, 0.00097, 0.00078, 0.00131, 0.00198, 0.0063], [0.19416, 0.06107, 0.02053, 0.00621, 0.00394, 0.30594, 0.12292, 0.02182, 0.00637, 0.00316, 0.10287, 0.04283, 0.0118, 0.00436, 0.00209, 0.03111, 0.0125, 0.00855, 0.0025, 0.00124, 0.01975, 0.00621, 0.0041, 0.00243, 0.00154], [0.12152, 0.09757, 0.06438, 0.01947, 0.01236, 0.09757, 0.19639, 0.06843, 0.01997, 0.00992, 0.06438, 0.06843, 0.03701, 0.01366, 0.00655, 0.01947, 0.01997, 0.01366, 0.00782, 0.00389, 0.01236, 0.00992, 0.00655, 0.00389, 0.00484], [0.03876, 0.06107, 0.10287, 0.06107, 0.03876, 0.03111, 0.06263, 0.21459, 0.06263, 0.03111, 0.02053, 0.04283, 0.05914, 0.04283, 0.02053, 0.01219, 0.0125, 0.02182, 0.0125, 0.01219, 0.00774, 0.00621, 0.01046, 0.00621, 0.00774], [0.01236, 0.01947, 0.06438, 0.09757, 0.12152, 0.00992, 0.01997, 0.06843, 0.19639, 0.09757, 0.00655, 0.01366, 0.03701, 0.06843, 0.06438, 0.00389, 0.00782, 0.01366, 0.01997, 0.01947, 0.00484, 0.00389, 0.00655, 0.00992, 0.01236], [0.00394, 0.00621, 0.02053, 0.06107, 0.19416, 0.00316, 0.00637, 0.02182, 0.12292, 0.30594, 0.00209, 0.00436, 0.0118, 0.04283, 0.10287, 0.00124, 0.0025, 0.00855, 0.0125, 0.03111, 0.00154, 0.00243, 0.0041, 0.00621, 0.01975], [0.06192, 0.01947, 0.01285, 0.00389, 0.00247, 0.09757, 0.0392, 0.01366, 0.00399, 0.00198, 0.32256, 0.13431, 0.01886, 0.00696, 0.00334, 0.09757, 0.0392, 0.01366, 0.00399, 0.00198, 0.06192, 0.01947, 0.01285, 0.00389, 0.00247], [0.03876, 0.03111, 0.02053, 0.01219, 0.00774, 0.06107, 0.06263, 0.04283, 0.0125, 0.00621, 0.10287, 0.21459, 0.05914, 0.02182, 0.01046, 0.06107, 0.06263, 0.04283, 0.0125, 0.00621, 0.03876, 0.03111, 0.02053, 0.01219, 0.00774], [0.02426, 0.01947, 0.0328, 0.01947, 0.02426, 0.01947, 0.0392, 0.06843, 0.0392, 0.01947, 0.0328, 0.06843, 0.18543, 0.06843, 0.0328, 0.01947, 0.0392, 0.06843, 0.0392, 0.01947, 0.02426, 0.01947, 0.0328, 0.01947, 0.02426], [0.00774, 0.01219, 0.02053, 0.03111, 0.03876, 0.00621, 0.0125, 0.04283, 0.06263, 0.06107, 0.01046, 0.02182, 0.05914, 0.21459, 0.10287, 0.00621, 0.0125, 0.04283, 0.06263, 0.06107, 0.00774, 0.01219, 0.02053, 0.03111, 0.03876], [0.00247, 0.00389, 0.01285, 0.01947, 0.06192, 0.00198, 0.00399, 0.01366, 0.0392, 0.09757, 0.00334, 0.00696, 0.01886, 0.13431, 0.32256, 0.00198, 0.00399, 0.01366, 0.0392, 0.09757, 0.00247, 0.00389, 0.01285, 0.01947, 0.06192], [0.01975, 0.00621, 0.0041, 0.00243, 0.00154, 0.03111, 0.0125, 0.00855, 0.0025, 0.00124, 0.10287, 0.04283, 0.0118, 0.00436, 0.00209, 0.30594, 0.12292, 0.02182, 0.00637, 0.00316, 0.19416, 0.06107, 0.02053, 0.00621, 0.00394], [0.01236, 0.00992, 0.00655, 0.00389, 0.00484, 0.01947, 0.01997, 0.01366, 0.00782, 0.00389, 0.06438, 0.06843, 0.03701, 0.01366, 0.00655, 0.09757, 0.19639, 0.06843, 0.01997, 0.00992, 0.12152, 0.09757, 0.06438, 0.01947, 0.01236], [0.00774, 0.00621, 0.01046, 0.00621, 0.00774, 0.01219, 0.0125, 0.02182, 0.0125, 0.01219, 0.02053, 0.04283, 0.05914, 0.04283, 0.02053, 0.03111, 0.06263, 0.21459, 0.06263, 0.03111, 0.03876, 0.06107, 0.10287, 0.06107, 0.03876], [0.00484, 0.00389, 0.00655, 0.00992, 0.01236, 0.00389, 0.00782, 0.01366, 0.01997, 0.01947, 0.00655, 0.01366, 0.03701, 0.06843, 0.06438, 0.00992, 0.01997, 0.06843, 0.19639, 0.09757, 0.01236, 0.01947, 0.06438, 0.09757, 0.12152], [0.00154, 0.00243, 0.0041, 0.00621, 0.01975, 0.00124, 0.0025, 0.00855, 0.0125, 0.03111, 0.00209, 0.00436, 0.0118, 0.04283, 0.10287, 0.00316, 0.00637, 0.02182, 0.12292, 0.30594, 0.00394, 0.00621, 0.02053, 0.06107, 0.19416], [0.0063, 0.00198, 0.00131, 0.00078, 0.00097, 0.00992, 0.00399, 0.00273, 0.00156, 0.00078, 0.0328, 0.01366, 0.00739, 0.00273, 0.00131, 0.09757, 0.0392, 0.01366, 0.00399, 0.00198, 0.60883, 0.09757, 0.0328, 0.00992, 0.0063], [0.00394, 0.00316, 0.00209, 0.00124, 0.00154, 0.00621, 0.00637, 0.00436, 0.0025, 0.00243, 0.02053, 0.02182, 0.0118, 0.00855, 0.0041, 0.06107, 0.12292, 0.04283, 0.0125, 0.00621, 0.19416, 0.30594, 0.10287, 0.03111, 0.01975], [0.00247, 0.00198, 0.00334, 0.00198, 0.00247, 0.00389, 0.00399, 0.00696, 0.00399, 0.00389, 0.01285, 0.01366, 0.01886, 0.01366, 0.01285, 0.01947, 0.0392, 0.13431, 0.0392, 0.01947, 0.06192, 0.09757, 0.32256, 0.09757, 0.06192], [0.00154, 0.00124, 0.00209, 0.00316, 0.00394, 0.00243, 0.0025, 0.00436, 0.00637, 0.00621, 0.0041, 0.00855, 0.0118, 0.02182, 0.02053, 0.00621, 0.0125, 0.04283, 0.12292, 0.06107, 0.01975, 0.03111, 0.10287, 0.30594, 0.19416], [0.00097, 0.00078, 0.00131, 0.00198, 0.0063, 0.00078, 0.00156, 0.00273, 0.00399, 0.00992, 0.00131, 0.00273, 0.00739, 0.01366, 0.0328, 0.00198, 0.00399, 0.01366, 0.0392, 0.09757, 0.0063, 0.00992, 0.0328, 0.09757, 0.60883]]