[[0.57222, 0.12492, 0.04022, 0.01295, 0.00615, 0.12492, 0.02727, 0.00878, 0.00283, 0.00134, 0.04022, 0.00878, 0.00283, 0.00091, 0.00043, 0.01295, 0.00283, 0.00091, 0.00029, 0.00014, 0.00615, 0.00134, 0.00043, 0.00014, 7e-05], [0.18423, 0.38799, 0.12492, 0.04022, 0.0191, 0.04022, 0.0847, 0.02727, 0.00878, 0.00417, 0.01295, 0.02727, 0.00878, 0.00283, 0.00134, 0.00417, 0.00878, 0.00283, 0.00091, 0.00043, 0.00198, 0.00417, 0.00134, 0.00043, 0.00021], [0.05931, 0.12492, 0.38799, 0.12492, 0.05931, 0.01295, 0.02727, 0.0847, 0.02727, 0.01295, 0.00417, 0.00878, 0.02727, 0.00878, 0.00417, 0.00134, 0.00283, 0.00878, 0.00283, 0.00134, 0.00064, 0.00134, 0.00417, 0.00134, 0.00064], [0.0191, 0.04022, 0.12492, 0.38799, 0.18423, 0.00417, 0.00878, 0.02727, 0.0847, 0.04022, 0.00134, 0.00283, 0.00878, 0.02727, 0.01295, 0.00043, 0.00091, 0.00283, 0.00878, 0.00417, 0.00021, 0.00043, 0.00134, 0.00417, 0.00198], [0.00615, 0.01295, 0.04022, 0.12492, 0.57222, 0.00134, 0.00283, 0.00878, 0.02727, 0.12492, 0.00043, 0.00091, 0.00283, 0.00878, 0.04022, 0.00014, 0.00029, 0.00091, 0.00283, 0.01295, 7e-05, 0.00014, 0.00043, 0.00134, 0.00615], [0.18423, 0.04022, 0.01295, 0.00417, 0.00198, 0.38799, 0.0847, 0.02727, 0.00878, 0.00417, 0.12492, 0.02727, 0.00878, 0.00283, 0.00134, 0.04022, 0.00878, 0.00283, 0.00091, 0.00043, 0.0191, 0.00417, 0.00134, 0.00043, 0.00021], [0.05931, 0.12492, 0.04022, 0.01295, 0.00615, 0.12492, 0.26307, 0.0847, 0.02727, 0.01295, 0.04022, 0.0847, 0.02727, 0.00878, 0.00417, 0.01295, 0.02727, 0.00878, 0.00283, 0.00134, 0.00615, 0.01295, 0.00417, 0.00134, 0.00064], [0.0191, 0.04022, 0.12492, 0.04022, 0.0191, 0.04022, 0.0847, 0.26307, 0.0847, 0.04022, 0.01295, 0.02727, 0.0847, 0.02727, 0.01295, 0.00417, 0.00878, 0.02727, 0.00878, 0.00417, 0.00198, 0.00417, 0.01295, 0.00417, 0.00198], [0.00615, 0.01295, 0.04022, 0.12492, 0.05931, 0.01295, 0.02727, 0.0847, 0.26307, 0.12492, 0.00417, 0.00878, 0.02727, 0.0847, 0.04022, 0.00134, 0.00283, 0.00878, 0.02727, 0.01295, 0.00064, 0.00134, 0.00417, 0.01295, 0.00615], [0.00198, 0.00417, 0.01295, 0.04022, 0.18423, 0.00417, 0.00878, 0.02727, 0.0847, 0.38799, 0.00134, 0.00283, 0.00878, 0.02727, 0.12492, 0.00043, 0.00091, 0.00283, 0.00878, 0.04022, 0.00021, 0.00043, 0.00134, 0.00417, 0.0191], [0.05931, 0.01295, 0.00417, 0.00134, 0.00064, 0.12492, 0.02727, 0.00878, 0.00283, 0.00134, 0.38799, 0.0847, 0.02727, 0.00878, 0.00417, 0.12492, 0.02727, 0.00878, 0.00283, 0.00134, 0.05931, 0.01295, 0.00417, 0.00134, 0.00064], [0.0191, 0.04022, 0.01295, 0.00417, 0.00198, 0.04022, 0.0847, 0.02727, 0.00878, 0.00417, 0.12492, 0.26307, 0.0847, 0.02727, 0.01295, 0.04022, 0.0847, 0.02727, 0.00878, 0.00417, 0.0191, 0.04022, 0.01295, 0.00417, 0.00198], [0.00615, 0.01295, 0.04022, 0.01295, 0.00615, 0.01295, 0.02727, 0.0847, 0.02727, 0.01295, 0.04022, 0.0847, 0.26307, 0.0847, 0.04022, 0.01295, 0.02727, 0.0847, 0.02727, 0.01295, 0.00615, 0.01295, 0.04022, 0.01295, 0.00615], [0.00198, 0.00417, 0.01295, 0.04022, 0.0191, 0.00417, 0.00878, 0.02727, 0.0847, 0.04022, 0.01295, 0.02727, 0.0847, 0.26307, 0.12492, 0.00417, 0.00878, 0.02727, 0.0847, 0.04022, 0.00198, 0.00417, 0.01295, 0.04022, 0.0191], [0.00064, 0.00134, 0.00417, 0.01295, 0.05931, 0.00134, 0.00283, 0.00878, 0.02727, 0.12492, 0.00417, 0.00878, 0.02727, 0.0847, 0.38799, 0.00134, 0.00283, 0.00878, 0.02727, 0.12492, 0.00064, 0.00134, 0.00417, 0.01295, 0.05931], [0.0191, 0.00417, 0.00134, 0.00043, 0.00021, 0.04022, 0.00878, 0.00283, 0.00091, 0.00043, 0.12492, 0.02727, 0.00878, 0.00283, 0.00134, 0.38799, 0.0847, 0.02727, 0.00878, 0.00417, 0.18423, 0.04022, 0.01295, 0.00417, 0.00198], [0.00615, 0.01295, 0.00417, 0.00134, 0.00064, 0.01295, 0.02727, 0.00878, 0.00283, 0.00134, 0.04022, 0.0847, 0.02727, 0.00878, 0.00417, 0.12492, 0.26307, 0.0847, 0.02727, 0.01295, 0.05931, 0.12492, 0.04022, 0.01295, 0.00615], [0.00198, 0.00417, 0.01295, 0.00417, 0.00198, 0.00417, 0.00878, 0.02727, 0.00878, 0.00417, 0.01295, 0.02727, 0.0847, 0.02727, 0.01295, 0.04022, 0.0847, 0.26307, 0.0847, 0.04022, 0.0191, 0.04022, 0.12492, 0.04022, 0.0191], [0.00064, 0.00134, 0.00417, 0.01295, 0.00615, 0.00134, 0.00283, 0.00878, 0.02727, 0.01295, 0.00417, 0.00878, 0.02727, 0.0847, 0.04022, 0.01295, 0.02727, 0.0847, 0.26307, 0.12492, 0.00615, 0.01295, 0.04022, 0.12492, 0.05931], [0.00021, 0.00043, 0.00134, 0.00417, 0.0191, 0.00043, 0.00091, 0.00283, 0.00878, 0.04022, 0.00134, 0.00283, 0.00878, 0.02727, 0.12492, 0.00417, 0.00878, 0.02727, 0.0847, 0.38799, 0.00198, 0.00417, 0.01295, 0.04022, 0.18423], [0.00615, 0.00134, 0.00043, 0.00014, 7e-05, 0.01295, 0.00283, 0.00091, 0.00029, 0.00014, 0.04022, 0.00878, 0.00283, 0.00091, 0.00043, 0.12492, 0.02727, 0.00878, 0.00283, 0.00134, 0.57222, 0.12492, 0.04022, 0.01295, 0.00615], [0.00198, 0.00417, 0.00134, 0.00043, 0.00021, 0.00417, 0.00878, 0.00283, 0.00091, 0.00043, 0.01295, 0.02727, 0.00878, 0.00283, 0.00134, 0.04022, 0.0847, 0.02727, 0.00878, 0.00417, 0.18423, 0.38799, 0.12492, 0.04022, 0.0191], [0.00064, 0.00134, 0.00417, 0.00134, 0.00064, 0.00134, 0.00283, 0.00878, 0.00283, 0.00134, 0.00417, 0.00878, 0.02727, 0.00878, 0.00417, 0.01295, 0.02727, 0.0847, 0.02727, 0.01295, 0.05931, 0.12492, 0.38799, 0.12492, 0.05931], [0.00021, 0.00043, 0.00134, 0.00417, 0.00198, 0.00043, 0.00091, 0.00283, 0.00878, 0.00417, 0.00134, 0.00283, 0.00878, 0.02727, 0.01295, 0.00417, 0.00878, 0.02727, 0.0847, 0.04022, 0.0191, 0.04022, 0.12492, 0.38799, 0.18423], [7e-05, 0.00014, 0.00043, 0.00134, 0.00615, 0.00014, 0.00029, 0.00091, 0.00283, 0.01295, 0.00043, 0.00091, 0.00283, 0.00878, 0.04022, 0.00134, 0.00283, 0.00878, 0.02727, 0.12492, 0.00615, 0.01295, 0.04022, 0.12492, 0.57222]]