[[0.84111, 0.06207, 0.00511, 0.00042, 4e-05, 0.06207, 0.01944, 0.0016, 0.00013, 1e-05, 0.00511, 0.0016, 0.00058, 5e-05, 0, 0.00042, 0.00013, 5e-05, 2e-05, 0, 4e-05, 1e-05, 0, 0, 0], [0.06904, 0.75615, 0.0622, 0.00509, 0.00047, 0.02227, 0.05418, 0.01954, 0.0016, 0.00015, 0.00183, 0.00447, 0.00161, 0.00058, 5e-05, 0.00015, 0.00037, 0.00013, 5e-05, 2e-05, 1e-05, 3e-05, 1e-05, 0, 0], [0.00567, 0.06207, 0.75772, 0.06207, 0.00567, 0.00183, 0.01944, 0.05445, 0.01944, 0.00183, 0.00066, 0.0016, 0.00449, 0.0016, 0.00066, 5e-05, 0.00013, 0.00037, 0.00013, 5e-05, 0, 1e-05, 3e-05, 1e-05, 0], [0.00047, 0.00509, 0.0622, 0.75615, 0.06904, 0.00015, 0.0016, 0.01954, 0.05418, 0.02227, 5e-05, 0.00058, 0.00161, 0.00447, 0.00183, 2e-05, 5e-05, 0.00013, 0.00037, 0.00015, 0, 0, 1e-05, 3e-05, 1e-05], [4e-05, 0.00042, 0.00511, 0.06207, 0.84111, 1e-05, 0.00013, 0.0016, 0.01944, 0.06207, 0, 5e-05, 0.00058, 0.0016, 0.00511, 0, 2e-05, 5e-05, 0.00013, 0.00042, 0, 0, 0, 1e-05, 4e-05], [0.06904, 0.02227, 0.00183, 0.00015, 1e-05, 0.75615, 0.05418, 0.00447, 0.00037, 3e-05, 0.0622, 0.01954, 0.00161, 0.00013, 1e-05, 0.00509, 0.0016, 0.00058, 5e-05, 0, 0.00047, 0.00015, 5e-05, 2e-05, 0], [0.02477, 0.06207, 0.02232, 0.00183, 0.00017, 0.06207, 0.65999, 0.05445, 0.00445, 0.00042, 0.02232, 0.05445, 0.01963, 0.0016, 0.00015, 0.00183, 0.00445, 0.0016, 0.00057, 5e-05, 0.00017, 0.00042, 0.00015, 5e-05, 2e-05], [0.00203, 0.02227, 0.0622, 0.02227, 0.00203, 0.00509, 0.05418, 0.6634, 0.05418, 0.00509, 0.00183, 0.01954, 0.05471, 0.01954, 0.00183, 0.00066, 0.0016, 0.00447, 0.0016, 0.00066, 6e-05, 0.00015, 0.00042, 0.00015, 6e-05], [0.00017, 0.00183, 0.02232, 0.06207, 0.02477, 0.00042, 0.00445, 0.05445, 0.65999, 0.06207, 0.00015, 0.0016, 0.01963, 0.05445, 0.02232, 5e-05, 0.00057, 0.0016, 0.00445, 0.00183, 2e-05, 5e-05, 0.00015, 0.00042, 0.00017], [1e-05, 0.00015, 0.00183, 0.02227, 0.06904, 3e-05, 0.00037, 0.00447, 0.05418, 0.75615, 1e-05, 0.00013, 0.00161, 0.01954, 0.0622, 0, 5e-05, 0.00058, 0.0016, 0.00509, 0, 2e-05, 5e-05, 0.00015, 0.00047], [0.00567, 0.00183, 0.00066, 5e-05, 0, 0.06207, 0.01944, 0.0016, 0.00013, 1e-05, 0.75772, 0.05445, 0.00449, 0.00037, 3e-05, 0.06207, 0.01944, 0.0016, 0.00013, 1e-05, 0.00567, 0.00183, 0.00066, 5e-05, 0], [0.00203, 0.00509, 0.00183, 0.00066, 6e-05, 0.02227, 0.05418, 0.01954, 0.0016, 0.00015, 0.0622, 0.6634, 0.05471, 0.00447, 0.00042, 0.02227, 0.05418, 0.01954, 0.0016, 0.00015, 0.00203, 0.00509, 0.00183, 0.00066, 6e-05], [0.00073, 0.00183, 0.00511, 0.00183, 0.00073, 0.00183, 0.01944, 0.05445, 0.01944, 0.00183, 0.00511, 0.05445, 0.66646, 0.05445, 0.00511, 0.00183, 0.01944, 0.05445, 0.01944, 0.00183, 0.00073, 0.00183, 0.00511, 0.00183, 0.00073], [6e-05, 0.00066, 0.00183, 0.00509, 0.00203, 0.00015, 0.0016, 0.01954, 0.05418, 0.02227, 0.00042, 0.00447, 0.05471, 0.6634, 0.0622, 0.00015, 0.0016, 0.01954, 0.05418, 0.02227, 6e-05, 0.00066, 0.00183, 0.00509, 0.00203], [0, 5e-05, 0.00066, 0.00183, 0.00567, 1e-05, 0.00013, 0.0016, 0.01944, 0.06207, 3e-05, 0.00037, 0.00449, 0.05445, 0.75772, 1e-05, 0.00013, 0.0016, 0.01944, 0.06207, 0, 5e-05, 0.00066, 0.00183, 0.00567], [0.00047, 0.00015, 5e-05, 2e-05, 0, 0.00509, 0.0016, 0.00058, 5e-05, 0, 0.0622, 0.01954, 0.00161, 0.00013, 1e-05, 0.75615, 0.05418, 0.00447, 0.00037, 3e-05, 0.06904, 0.02227, 0.00183, 0.00015, 1e-05], [0.00017, 0.00042, 0.00015, 5e-05, 2e-05, 0.00183, 0.00445, 0.0016, 0.00057, 5e-05, 0.02232, 0.05445, 0.01963, 0.0016, 0.00015, 0.06207, 0.65999, 0.05445, 0.00445, 0.00042, 0.02477, 0.06207, 0.02232, 0.00183, 0.00017], [6e-05, 0.00015, 0.00042, 0.00015, 6e-05, 0.00066, 0.0016, 0.00447, 0.0016, 0.00066, 0.00183, 0.01954, 0.05471, 0.01954, 0.00183, 0.00509, 0.05418, 0.6634, 0.05418, 0.00509, 0.00203, 0.02227, 0.0622, 0.02227, 0.00203], [2e-05, 5e-05, 0.00015, 0.00042, 0.00017, 5e-05, 0.00057, 0.0016, 0.00445, 0.00183, 0.00015, 0.0016, 0.01963, 0.05445, 0.02232, 0.00042, 0.00445, 0.05445, 0.65999, 0.06207, 0.00017, 0.00183, 0.02232, 0.06207, 0.02477], [0, 2e-05, 5e-05, 0.00015, 0.00047, 0, 5e-05, 0.00058, 0.0016, 0.00509, 1e-05, 0.00013, 0.00161, 0.01954, 0.0622, 3e-05, 0.00037, 0.00447, 0.05418, 0.75615, 1e-05, 0.00015, 0.00183, 0.02227, 0.06904], [4e-05, 1e-05, 0, 0, 0, 0.00042, 0.00013, 5e-05, 2e-05, 0, 0.00511, 0.0016, 0.00058, 5e-05, 0, 0.06207, 0.01944, 0.0016, 0.00013, 1e-05, 0.84111, 0.06207, 0.00511, 0.00042, 4e-05], [1e-05, 3e-05, 1e-05, 0, 0, 0.00015, 0.00037, 0.00013, 5e-05, 2e-05, 0.00183, 0.00447, 0.00161, 0.00058, 5e-05, 0.02227, 0.05418, 0.01954, 0.0016, 0.00015, 0.06904, 0.75615, 0.0622, 0.00509, 0.00047], [0, 1e-05, 3e-05, 1e-05, 0, 5e-05, 0.00013, 0.00037, 0.00013, 5e-05, 0.00066, 0.0016, 0.00449, 0.0016, 0.00066, 0.00183, 0.01944, 0.05445, 0.01944, 0.00183, 0.00567, 0.06207, 0.75772, 0.06207, 0.00567], [0, 0, 1e-05, 3e-05, 1e-05, 2e-05, 5e-05, 0.00013, 0.00037, 0.00015, 5e-05, 0.00058, 0.00161, 0.00447, 0.00183, 0.00015, 0.0016, 0.01954, 0.05418, 0.02227, 0.00047, 0.00509, 0.0622, 0.75615, 0.06904], [0, 0, 0, 1e-05, 4e-05, 0, 2e-05, 5e-05, 0.00013, 0.00042, 0, 5e-05, 0.00058, 0.0016, 0.00511, 1e-05, 0.00013, 0.0016, 0.01944, 0.06207, 4e-05, 0.00042, 0.00511, 0.06207, 0.84111]]