[[0.89128, 0.04478, 0.00241, 0.00013, 0, 0.04478, 0.01243, 0.00067, 4e-05, 0, 0.00241, 0.00067, 0.0002, 1e-05, 0, 0.00013, 4e-05, 1e-05, 0, 0, 0, 0, 0, 0, 0], [0.04792, 0.83281, 0.04482, 0.00241, 0.00014, 0.01351, 0.04119, 0.01245, 0.00067, 4e-05, 0.00073, 0.00222, 0.00067, 0.0002, 1e-05, 4e-05, 0.00012, 4e-05, 1e-05, 0, 0, 0, 0, 0, 0], [0.00258, 0.04478, 0.83349, 0.04478, 0.00258, 0.00073, 0.01243, 0.04127, 0.01243, 0.00073, 0.00022, 0.00067, 0.00222, 0.00067, 0.00022, 1e-05, 4e-05, 0.00012, 4e-05, 1e-05, 0, 0, 0, 0, 0], [0.00014, 0.00241, 0.04482, 0.83281, 0.04792, 4e-05, 0.00067, 0.01245, 0.04119, 0.01351, 1e-05, 0.0002, 0.00067, 0.00222, 0.00073, 0, 1e-05, 4e-05, 0.00012, 4e-05, 0, 0, 0, 0, 0], [0, 0.00013, 0.00241, 0.04478, 0.89128, 0, 4e-05, 0.00067, 0.01243, 0.04478, 0, 1e-05, 0.0002, 0.00067, 0.00241, 0, 0, 1e-05, 4e-05, 0.00013, 0, 0, 0, 0, 0], [0.04792, 0.01351, 0.00073, 4e-05, 0, 0.83281, 0.04119, 0.00222, 0.00012, 0, 0.04482, 0.01245, 0.00067, 4e-05, 0, 0.00241, 0.00067, 0.0002, 1e-05, 0, 0.00014, 4e-05, 1e-05, 0, 0], [0.01446, 0.04478, 0.01352, 0.00073, 4e-05, 0.04478, 0.76607, 0.04127, 0.00221, 0.00013, 0.01352, 0.04127, 0.01247, 0.00067, 4e-05, 0.00073, 0.00221, 0.00067, 0.0002, 1e-05, 4e-05, 0.00013, 4e-05, 1e-05, 0], [0.00078, 0.01351, 0.04482, 0.01351, 0.00078, 0.00241, 0.04119, 0.7675, 0.04119, 0.00241, 0.00073, 0.01245, 0.04134, 0.01245, 0.00073, 0.00022, 0.00067, 0.00222, 0.00067, 0.00022, 1e-05, 4e-05, 0.00013, 4e-05, 1e-05], [4e-05, 0.00073, 0.01352, 0.04478, 0.01446, 0.00013, 0.00221, 0.04127, 0.76607, 0.04478, 4e-05, 0.00067, 0.01247, 0.04127, 0.01352, 1e-05, 0.0002, 0.00067, 0.00221, 0.00073, 0, 1e-05, 4e-05, 0.00013, 4e-05], [0, 4e-05, 0.00073, 0.01351, 0.04792, 0, 0.00012, 0.00222, 0.04119, 0.83281, 0, 4e-05, 0.00067, 0.01245, 0.04482, 0, 1e-05, 0.0002, 0.00067, 0.00241, 0, 0, 1e-05, 4e-05, 0.00014], [0.00258, 0.00073, 0.00022, 1e-05, 0, 0.04478, 0.01243, 0.00067, 4e-05, 0, 0.83349, 0.04127, 0.00222, 0.00012, 0, 0.04478, 0.01243, 0.00067, 4e-05, 0, 0.00258, 0.00073, 0.00022, 1e-05, 0], [0.00078, 0.00241, 0.00073, 0.00022, 1e-05, 0.01351, 0.04119, 0.01245, 0.00067, 4e-05, 0.04482, 0.7675, 0.04134, 0.00222, 0.00013, 0.01351, 0.04119, 0.01245, 0.00067, 4e-05, 0.00078, 0.00241, 0.00073, 0.00022, 1e-05], [0.00023, 0.00073, 0.00241, 0.00073, 0.00023, 0.00073, 0.01243, 0.04127, 0.01243, 0.00073, 0.00241, 0.04127, 0.76884, 0.04127, 0.00241, 0.00073, 0.01243, 0.04127, 0.01243, 0.00073, 0.00023, 0.00073, 0.00241, 0.00073, 0.00023], [1e-05, 0.00022, 0.00073, 0.00241, 0.00078, 4e-05, 0.00067, 0.01245, 0.04119, 0.01351, 0.00013, 0.00222, 0.04134, 0.7675, 0.04482, 4e-05, 0.00067, 0.01245, 0.04119, 0.01351, 1e-05, 0.00022, 0.00073, 0.00241, 0.00078], [0, 1e-05, 0.00022, 0.00073, 0.00258, 0, 4e-05, 0.00067, 0.01243, 0.04478, 0, 0.00012, 0.00222, 0.04127, 0.83349, 0, 4e-05, 0.00067, 0.01243, 0.04478, 0, 1e-05, 0.00022, 0.00073, 0.00258], [0.00014, 4e-05, 1e-05, 0, 0, 0.00241, 0.00067, 0.0002, 1e-05, 0, 0.04482, 0.01245, 0.00067, 4e-05, 0, 0.83281, 0.04119, 0.00222, 0.00012, 0, 0.04792, 0.01351, 0.00073, 4e-05, 0], [4e-05, 0.00013, 4e-05, 1e-05, 0, 0.00073, 0.00221, 0.00067, 0.0002, 1e-05, 0.01352, 0.04127, 0.01247, 0.00067, 4e-05, 0.04478, 0.76607, 0.04127, 0.00221, 0.00013, 0.01446, 0.04478, 0.01352, 0.00073, 4e-05], [1e-05, 4e-05, 0.00013, 4e-05, 1e-05, 0.00022, 0.00067, 0.00222, 0.00067, 0.00022, 0.00073, 0.01245, 0.04134, 0.01245, 0.00073, 0.00241, 0.04119, 0.7675, 0.04119, 0.00241, 0.00078, 0.01351, 0.04482, 0.01351, 0.00078], [0, 1e-05, 4e-05, 0.00013, 4e-05, 1e-05, 0.0002, 0.00067, 0.00221, 0.00073, 4e-05, 0.00067, 0.01247, 0.04127, 0.01352, 0.00013, 0.00221, 0.04127, 0.76607, 0.04478, 4e-05, 0.00073, 0.01352, 0.04478, 0.01446], [0, 0, 1e-05, 4e-05, 0.00014, 0, 1e-05, 0.0002, 0.00067, 0.00241, 0, 4e-05, 0.00067, 0.01245, 0.04482, 0, 0.00012, 0.00222, 0.04119, 0.83281, 0, 4e-05, 0.00073, 0.01351, 0.04792], [0, 0, 0, 0, 0, 0.00013, 4e-05, 1e-05, 0, 0, 0.00241, 0.00067, 0.0002, 1e-05, 0, 0.04478, 0.01243, 0.00067, 4e-05, 0, 0.89128, 0.04478, 0.00241, 0.00013, 0], [0, 0, 0, 0, 0, 4e-05, 0.00012, 4e-05, 1e-05, 0, 0.00073, 0.00222, 0.00067, 0.0002, 1e-05, 0.01351, 0.04119, 0.01245, 0.00067, 4e-05, 0.04792, 0.83281, 0.04482, 0.00241, 0.00014], [0, 0, 0, 0, 0, 1e-05, 4e-05, 0.00012, 4e-05, 1e-05, 0.00022, 0.00067, 0.00222, 0.00067, 0.00022, 0.00073, 0.01243, 0.04127, 0.01243, 0.00073, 0.00258, 0.04478, 0.83349, 0.04478, 0.00258], [0, 0, 0, 0, 0, 0, 1e-05, 4e-05, 0.00012, 4e-05, 1e-05, 0.0002, 0.00067, 0.00222, 0.00073, 4e-05, 0.00067, 0.01245, 0.04119, 0.01351, 0.00014, 0.00241, 0.04482, 0.83281, 0.04792], [0, 0, 0, 0, 0, 0, 0, 1e-05, 4e-05, 0.00013, 0, 1e-05, 0.0002, 0.00067, 0.00241, 0, 4e-05, 0.00067, 0.01243, 0.04478, 0, 0.00013, 0.00241, 0.04478, 0.89128]]