[[0.87267, 0.05142, 0.00329, 0.00021, 1e-05, 0.05142, 0.01504, 0.00096, 6e-05, 0, 0.00329, 0.00096, 0.00031, 2e-05, 0, 0.00021, 6e-05, 2e-05, 0, 0, 1e-05, 0, 0, 0, 0], [0.05579, 0.8043, 0.05148, 0.00329, 0.00023, 0.01665, 0.04644, 0.01508, 0.00096, 7e-05, 0.00107, 0.00298, 0.00097, 0.00031, 2e-05, 7e-05, 0.00019, 6e-05, 2e-05, 0, 0, 1e-05, 0, 0, 0], [0.00357, 0.05142, 0.80527, 0.05142, 0.00357, 0.00106, 0.01504, 0.04657, 0.01504, 0.00106, 0.00035, 0.00096, 0.00298, 0.00096, 0.00035, 2e-05, 6e-05, 0.00019, 6e-05, 2e-05, 0, 0, 1e-05, 0, 0], [0.00023, 0.00329, 0.05148, 0.8043, 0.05579, 7e-05, 0.00096, 0.01508, 0.04644, 0.01665, 2e-05, 0.00031, 0.00097, 0.00298, 0.00107, 0, 2e-05, 6e-05, 0.00019, 7e-05, 0, 0, 0, 1e-05, 0], [1e-05, 0.00021, 0.00329, 0.05142, 0.87267, 0, 6e-05, 0.00096, 0.01504, 0.05142, 0, 2e-05, 0.00031, 0.00096, 0.00329, 0, 0, 2e-05, 6e-05, 0.00021, 0, 0, 0, 0, 1e-05], [0.05579, 0.01665, 0.00107, 7e-05, 0, 0.8043, 0.04644, 0.00298, 0.00019, 1e-05, 0.05148, 0.01508, 0.00097, 6e-05, 0, 0.00329, 0.00096, 0.00031, 2e-05, 0, 0.00023, 7e-05, 2e-05, 0, 0], [0.01807, 0.05142, 0.01667, 0.00106, 7e-05, 0.05142, 0.72643, 0.04657, 0.00297, 0.00021, 0.01667, 0.04657, 0.01512, 0.00096, 7e-05, 0.00106, 0.00297, 0.00096, 0.00031, 2e-05, 7e-05, 0.00021, 7e-05, 2e-05, 0], [0.00115, 0.01665, 0.05148, 0.01665, 0.00115, 0.00329, 0.04644, 0.72849, 0.04644, 0.00329, 0.00107, 0.01508, 0.04669, 0.01508, 0.00107, 0.00034, 0.00096, 0.00298, 0.00096, 0.00034, 2e-05, 7e-05, 0.00021, 7e-05, 2e-05], [7e-05, 0.00106, 0.01667, 0.05142, 0.01807, 0.00021, 0.00297, 0.04657, 0.72643, 0.05142, 7e-05, 0.00096, 0.01512, 0.04657, 0.01667, 2e-05, 0.00031, 0.00096, 0.00297, 0.00106, 0, 2e-05, 7e-05, 0.00021, 7e-05], [0, 7e-05, 0.00107, 0.01665, 0.05579, 1e-05, 0.00019, 0.00298, 0.04644, 0.8043, 0, 6e-05, 0.00097, 0.01508, 0.05148, 0, 2e-05, 0.00031, 0.00096, 0.00329, 0, 0, 2e-05, 7e-05, 0.00023], [0.00357, 0.00106, 0.00035, 2e-05, 0, 0.05142, 0.01504, 0.00096, 6e-05, 0, 0.80527, 0.04657, 0.00298, 0.00019, 1e-05, 0.05142, 0.01504, 0.00096, 6e-05, 0, 0.00357, 0.00106, 0.00035, 2e-05, 0], [0.00115, 0.00329, 0.00107, 0.00034, 2e-05, 0.01665, 0.04644, 0.01508, 0.00096, 7e-05, 0.05148, 0.72849, 0.04669, 0.00298, 0.00021, 0.01665, 0.04644, 0.01508, 0.00096, 7e-05, 0.00115, 0.00329, 0.00107, 0.00034, 2e-05], [0.00037, 0.00106, 0.00329, 0.00106, 0.00037, 0.00106, 0.01504, 0.04657, 0.01504, 0.00106, 0.00329, 0.04657, 0.73039, 0.04657, 0.00329, 0.00106, 0.01504, 0.04657, 0.01504, 0.00106, 0.00037, 0.00106, 0.00329, 0.00106, 0.00037], [2e-05, 0.00034, 0.00107, 0.00329, 0.00115, 7e-05, 0.00096, 0.01508, 0.04644, 0.01665, 0.00021, 0.00298, 0.04669, 0.72849, 0.05148, 7e-05, 0.00096, 0.01508, 0.04644, 0.01665, 2e-05, 0.00034, 0.00107, 0.00329, 0.00115], [0, 2e-05, 0.00035, 0.00106, 0.00357, 0, 6e-05, 0.00096, 0.01504, 0.05142, 1e-05, 0.00019, 0.00298, 0.04657, 0.80527, 0, 6e-05, 0.00096, 0.01504, 0.05142, 0, 2e-05, 0.00035, 0.00106, 0.00357], [0.00023, 7e-05, 2e-05, 0, 0, 0.00329, 0.00096, 0.00031, 2e-05, 0, 0.05148, 0.01508, 0.00097, 6e-05, 0, 0.8043, 0.04644, 0.00298, 0.00019, 1e-05, 0.05579, 0.01665, 0.00107, 7e-05, 0], [7e-05, 0.00021, 7e-05, 2e-05, 0, 0.00106, 0.00297, 0.00096, 0.00031, 2e-05, 0.01667, 0.04657, 0.01512, 0.00096, 7e-05, 0.05142, 0.72643, 0.04657, 0.00297, 0.00021, 0.01807, 0.05142, 0.01667, 0.00106, 7e-05], [2e-05, 7e-05, 0.00021, 7e-05, 2e-05, 0.00034, 0.00096, 0.00298, 0.00096, 0.00034, 0.00107, 0.01508, 0.04669, 0.01508, 0.00107, 0.00329, 0.04644, 0.72849, 0.04644, 0.00329, 0.00115, 0.01665, 0.05148, 0.01665, 0.00115], [0, 2e-05, 7e-05, 0.00021, 7e-05, 2e-05, 0.00031, 0.00096, 0.00297, 0.00106, 7e-05, 0.00096, 0.01512, 0.04657, 0.01667, 0.00021, 0.00297, 0.04657, 0.72643, 0.05142, 7e-05, 0.00106, 0.01667, 0.05142, 0.01807], [0, 0, 2e-05, 7e-05, 0.00023, 0, 2e-05, 0.00031, 0.00096, 0.00329, 0, 6e-05, 0.00097, 0.01508, 0.05148, 1e-05, 0.00019, 0.00298, 0.04644, 0.8043, 0, 7e-05, 0.00107, 0.01665, 0.05579], [1e-05, 0, 0, 0, 0, 0.00021, 6e-05, 2e-05, 0, 0, 0.00329, 0.00096, 0.00031, 2e-05, 0, 0.05142, 0.01504, 0.00096, 6e-05, 0, 0.87267, 0.05142, 0.00329, 0.00021, 1e-05], [0, 1e-05, 0, 0, 0, 7e-05, 0.00019, 6e-05, 2e-05, 0, 0.00107, 0.00298, 0.00097, 0.00031, 2e-05, 0.01665, 0.04644, 0.01508, 0.00096, 7e-05, 0.05579, 0.8043, 0.05148, 0.00329, 0.00023], [0, 0, 1e-05, 0, 0, 2e-05, 6e-05, 0.00019, 6e-05, 2e-05, 0.00035, 0.00096, 0.00298, 0.00096, 0.00035, 0.00106, 0.01504, 0.04657, 0.01504, 0.00106, 0.00357, 0.05142, 0.80527, 0.05142, 0.00357], [0, 0, 0, 1e-05, 0, 0, 2e-05, 6e-05, 0.00019, 7e-05, 2e-05, 0.00031, 0.00097, 0.00298, 0.00107, 7e-05, 0.00096, 0.01508, 0.04644, 0.01665, 0.00023, 0.00329, 0.05148, 0.8043, 0.05579], [0, 0, 0, 0, 1e-05, 0, 0, 2e-05, 6e-05, 0.00021, 0, 2e-05, 0.00031, 0.00096, 0.00329, 0, 6e-05, 0.00096, 0.01504, 0.05142, 1e-05, 0.00021, 0.00329, 0.05142, 0.87267]]