[[0.86568, 0.05334, 0.00359, 0.00024, 2e-05, 0.05334, 0.01582, 0.00168, 0.00014, 1e-05, 0.00359, 0.00168, 0.00035, 4e-05, 0, 0.00024, 0.00014, 4e-05, 0, 0, 2e-05, 1e-05, 0, 0, 0], [0.05818, 0.79365, 0.05337, 0.00359, 0.00026, 0.01763, 0.04785, 0.01584, 0.00168, 0.00016, 0.00188, 0.00322, 0.00169, 0.00035, 5e-05, 0.00016, 0.00022, 0.00014, 4e-05, 0, 1e-05, 2e-05, 1e-05, 0, 0], [0.00391, 0.05334, 0.79418, 0.05334, 0.00391, 0.00188, 0.01582, 0.04792, 0.01582, 0.00188, 0.00039, 0.00168, 0.00323, 0.00168, 0.00039, 5e-05, 0.00014, 0.00022, 0.00014, 5e-05, 0, 1e-05, 2e-05, 1e-05, 0], [0.00026, 0.00359, 0.05337, 0.79365, 0.05818, 0.00016, 0.00168, 0.01584, 0.04785, 0.01763, 5e-05, 0.00035, 0.00169, 0.00322, 0.00188, 0, 4e-05, 0.00014, 0.00022, 0.00016, 0, 0, 1e-05, 2e-05, 1e-05], [2e-05, 0.00024, 0.00359, 0.05334, 0.86568, 1e-05, 0.00014, 0.00168, 0.01582, 0.05334, 0, 4e-05, 0.00035, 0.00168, 0.00359, 0, 0, 4e-05, 0.00014, 0.00024, 0, 0, 0, 1e-05, 2e-05], [0.05818, 0.01763, 0.00188, 0.00016, 1e-05, 0.79365, 0.04785, 0.00322, 0.00022, 2e-05, 0.05337, 0.01584, 0.00169, 0.00014, 1e-05, 0.00359, 0.00168, 0.00035, 4e-05, 0, 0.00026, 0.00016, 5e-05, 0, 0], [0.01923, 0.05334, 0.01764, 0.00188, 0.00017, 0.05334, 0.71197, 0.04792, 0.00322, 0.00024, 0.01764, 0.04792, 0.01586, 0.00169, 0.00016, 0.00188, 0.00322, 0.00169, 0.00035, 5e-05, 0.00017, 0.00024, 0.00016, 5e-05, 0], [0.00205, 0.01763, 0.05337, 0.01763, 0.00205, 0.00358, 0.04785, 0.71296, 0.04785, 0.00358, 0.00188, 0.01584, 0.04799, 0.01584, 0.00188, 0.00039, 0.00168, 0.00322, 0.00168, 0.00039, 5e-05, 0.00016, 0.00024, 0.00016, 5e-05], [0.00017, 0.00188, 0.01764, 0.05334, 0.01923, 0.00024, 0.00322, 0.04792, 0.71197, 0.05334, 0.00016, 0.00169, 0.01586, 0.04792, 0.01764, 5e-05, 0.00035, 0.00169, 0.00322, 0.00188, 0, 5e-05, 0.00016, 0.00024, 0.00017], [1e-05, 0.00016, 0.00188, 0.01763, 0.05818, 2e-05, 0.00022, 0.00322, 0.04785, 0.79365, 1e-05, 0.00014, 0.00169, 0.01584, 0.05337, 0, 4e-05, 0.00035, 0.00168, 0.00359, 0, 0, 5e-05, 0.00016, 0.00026], [0.00391, 0.00188, 0.00039, 5e-05, 0, 0.05334, 0.01582, 0.00168, 0.00014, 1e-05, 0.79418, 0.04792, 0.00323, 0.00022, 2e-05, 0.05334, 0.01582, 0.00168, 0.00014, 1e-05, 0.00391, 0.00188, 0.00039, 5e-05, 0], [0.00205, 0.00358, 0.00188, 0.00039, 5e-05, 0.01763, 0.04785, 0.01584, 0.00168, 0.00016, 0.05337, 0.71296, 0.04799, 0.00322, 0.00024, 0.01763, 0.04785, 0.01584, 0.00168, 0.00016, 0.00205, 0.00358, 0.00188, 0.00039, 5e-05], [0.00043, 0.00188, 0.00359, 0.00188, 0.00043, 0.00188, 0.01582, 0.04792, 0.01582, 0.00188, 0.00359, 0.04792, 0.71401, 0.04792, 0.00359, 0.00188, 0.01582, 0.04792, 0.01582, 0.00188, 0.00043, 0.00188, 0.00359, 0.00188, 0.00043], [5e-05, 0.00039, 0.00188, 0.00358, 0.00205, 0.00016, 0.00168, 0.01584, 0.04785, 0.01763, 0.00024, 0.00322, 0.04799, 0.71296, 0.05337, 0.00016, 0.00168, 0.01584, 0.04785, 0.01763, 5e-05, 0.00039, 0.00188, 0.00358, 0.00205], [0, 5e-05, 0.00039, 0.00188, 0.00391, 1e-05, 0.00014, 0.00168, 0.01582, 0.05334, 2e-05, 0.00022, 0.00323, 0.04792, 0.79418, 1e-05, 0.00014, 0.00168, 0.01582, 0.05334, 0, 5e-05, 0.00039, 0.00188, 0.00391], [0.00026, 0.00016, 5e-05, 0, 0, 0.00359, 0.00168, 0.00035, 4e-05, 0, 0.05337, 0.01584, 0.00169, 0.00014, 1e-05, 0.79364, 0.04785, 0.00322, 0.00022, 2e-05, 0.05818, 0.01763, 0.00188, 0.00016, 1e-05], [0.00017, 0.00024, 0.00016, 5e-05, 0, 0.00188, 0.00322, 0.00169, 0.00035, 5e-05, 0.01764, 0.04792, 0.01586, 0.00169, 0.00016, 0.05334, 0.71197, 0.04792, 0.00322, 0.00024, 0.01923, 0.05334, 0.01764, 0.00188, 0.00017], [5e-05, 0.00016, 0.00024, 0.00016, 5e-05, 0.00039, 0.00168, 0.00322, 0.00168, 0.00039, 0.00188, 0.01584, 0.04799, 0.01584, 0.00188, 0.00358, 0.04785, 0.71296, 0.04785, 0.00358, 0.00205, 0.01763, 0.05337, 0.01763, 0.00205], [0, 5e-05, 0.00016, 0.00024, 0.00017, 5e-05, 0.00035, 0.00169, 0.00322, 0.00188, 0.00016, 0.00169, 0.01586, 0.04792, 0.01764, 0.00024, 0.00322, 0.04792, 0.71197, 0.05334, 0.00017, 0.00188, 0.01764, 0.05334, 0.01923], [0, 0, 5e-05, 0.00016, 0.00026, 0, 4e-05, 0.00035, 0.00168, 0.00359, 1e-05, 0.00014, 0.00169, 0.01584, 0.05337, 2e-05, 0.00022, 0.00322, 0.04785, 0.79364, 1e-05, 0.00016, 0.00188, 0.01763, 0.05818], [2e-05, 1e-05, 0, 0, 0, 0.00024, 0.00014, 4e-05, 0, 0, 0.00359, 0.00168, 0.00035, 4e-05, 0, 0.05334, 0.01582, 0.00168, 0.00014, 1e-05, 0.86569, 0.05334, 0.00359, 0.00024, 2e-05], [1e-05, 2e-05, 1e-05, 0, 0, 0.00016, 0.00022, 0.00014, 4e-05, 0, 0.00188, 0.00322, 0.00169, 0.00035, 5e-05, 0.01763, 0.04785, 0.01584, 0.00168, 0.00016, 0.05818, 0.79364, 0.05337, 0.00359, 0.00026], [0, 1e-05, 2e-05, 1e-05, 0, 5e-05, 0.00014, 0.00022, 0.00014, 5e-05, 0.00039, 0.00168, 0.00323, 0.00168, 0.00039, 0.00188, 0.01582, 0.04792, 0.01582, 0.00188, 0.00391, 0.05334, 0.79418, 0.05334, 0.00391], [0, 0, 1e-05, 2e-05, 1e-05, 0, 4e-05, 0.00014, 0.00022, 0.00016, 5e-05, 0.00035, 0.00169, 0.00322, 0.00188, 0.00016, 0.00168, 0.01584, 0.04785, 0.01763, 0.00026, 0.00359, 0.05337, 0.79364, 0.05818], [0, 0, 0, 1e-05, 2e-05, 0, 0, 4e-05, 0.00014, 0.00024, 0, 4e-05, 0.00035, 0.00168, 0.00359, 1e-05, 0.00014, 0.00168, 0.01582, 0.05334, 2e-05, 0.00024, 0.00359, 0.05334, 0.86569]]