[[0.73014, 0.09309, 0.01481, 0.00232, 0.00045, 0.09309, 0.03236, 0.00524, 0.00081, 0.00017, 0.01481, 0.00524, 0.00251, 0.00039, 8e-05, 0.00232, 0.00081, 0.00039, 0.00018, 4e-05, 0.00045, 0.00017, 8e-05, 4e-05, 2e-05], [0.11525, 0.58974, 0.09383, 0.01469, 0.00287, 0.04367, 0.06899, 0.0332, 0.00511, 0.00109, 0.00695, 0.01117, 0.00534, 0.00246, 0.00051, 0.00109, 0.00172, 0.00083, 0.00038, 0.00024, 0.00021, 0.00037, 0.00017, 8e-05, 5e-05], [0.01819, 0.09309, 0.59447, 0.09309, 0.01819, 0.00689, 0.03236, 0.07077, 0.03236, 0.00689, 0.00326, 0.00524, 0.01139, 0.00524, 0.00326, 0.00051, 0.00081, 0.00176, 0.00081, 0.00051, 0.0001, 0.00017, 0.00037, 0.00017, 0.0001], [0.00287, 0.01469, 0.09383, 0.58974, 0.11525, 0.00109, 0.00511, 0.0332, 0.06899, 0.04367, 0.00051, 0.00246, 0.00534, 0.01117, 0.00695, 0.00024, 0.00038, 0.00083, 0.00172, 0.00109, 5e-05, 8e-05, 0.00017, 0.00037, 0.00021], [0.00045, 0.00232, 0.01481, 0.09309, 0.73014, 0.00017, 0.00081, 0.00524, 0.03236, 0.09309, 8e-05, 0.00039, 0.00251, 0.00524, 0.01481, 4e-05, 0.00018, 0.00039, 0.00081, 0.00232, 2e-05, 4e-05, 8e-05, 0.00017, 0.00045], [0.11525, 0.04367, 0.00695, 0.00109, 0.00021, 0.58974, 0.06899, 0.01117, 0.00172, 0.00037, 0.09383, 0.0332, 0.00534, 0.00083, 0.00017, 0.01469, 0.00511, 0.00246, 0.00038, 8e-05, 0.00287, 0.00109, 0.00051, 0.00024, 5e-05], [0.05406, 0.09309, 0.04402, 0.00689, 0.00135, 0.09309, 0.43707, 0.07077, 0.01089, 0.00232, 0.04402, 0.07077, 0.03385, 0.00524, 0.0011, 0.00689, 0.01089, 0.00524, 0.0024, 0.00051, 0.00135, 0.00232, 0.0011, 0.00051, 0.0003], [0.00853, 0.04367, 0.09383, 0.04367, 0.00853, 0.01469, 0.06899, 0.44833, 0.06899, 0.01469, 0.00695, 0.0332, 0.07215, 0.0332, 0.00695, 0.00323, 0.00511, 0.01117, 0.00511, 0.00323, 0.00063, 0.00109, 0.00234, 0.00109, 0.00063], [0.00135, 0.00689, 0.04402, 0.09309, 0.05406, 0.00232, 0.01089, 0.07077, 0.43707, 0.09309, 0.0011, 0.00524, 0.03385, 0.07077, 0.04402, 0.00051, 0.0024, 0.00524, 0.01089, 0.00689, 0.0003, 0.00051, 0.0011, 0.00232, 0.00135], [0.00021, 0.00109, 0.00695, 0.04367, 0.11525, 0.00037, 0.00172, 0.01117, 0.06899, 0.58974, 0.00017, 0.00083, 0.00534, 0.0332, 0.09383, 8e-05, 0.00038, 0.00246, 0.00511, 0.01469, 5e-05, 0.00024, 0.00051, 0.00109, 0.00287], [0.01819, 0.00689, 0.00326, 0.00051, 0.0001, 0.09309, 0.03236, 0.00524, 0.00081, 0.00017, 0.59447, 0.07077, 0.01139, 0.00176, 0.00037, 0.09309, 0.03236, 0.00524, 0.00081, 0.00017, 0.01819, 0.00689, 0.00326, 0.00051, 0.0001], [0.00853, 0.01469, 0.00695, 0.00323, 0.00063, 0.04367, 0.06899, 0.0332, 0.00511, 0.00109, 0.09383, 0.44833, 0.07215, 0.01117, 0.00234, 0.04367, 0.06899, 0.0332, 0.00511, 0.00109, 0.00853, 0.01469, 0.00695, 0.00323, 0.00063], [0.004, 0.00689, 0.01481, 0.00689, 0.004, 0.00689, 0.03236, 0.07077, 0.03236, 0.00689, 0.01481, 0.07077, 0.45709, 0.07077, 0.01481, 0.00689, 0.03236, 0.07077, 0.03236, 0.00689, 0.004, 0.00689, 0.01481, 0.00689, 0.004], [0.00063, 0.00323, 0.00695, 0.01469, 0.00853, 0.00109, 0.00511, 0.0332, 0.06899, 0.04367, 0.00234, 0.01117, 0.07215, 0.44833, 0.09383, 0.00109, 0.00511, 0.0332, 0.06899, 0.04367, 0.00063, 0.00323, 0.00695, 0.01469, 0.00853], [0.0001, 0.00051, 0.00326, 0.00689, 0.01819, 0.00017, 0.00081, 0.00524, 0.03236, 0.09309, 0.00037, 0.00176, 0.01139, 0.07077, 0.59447, 0.00017, 0.00081, 0.00524, 0.03236, 0.09309, 0.0001, 0.00051, 0.00326, 0.00689, 0.01819], [0.00287, 0.00109, 0.00051, 0.00024, 5e-05, 0.01469, 0.00511, 0.00246, 0.00038, 8e-05, 0.09383, 0.0332, 0.00534, 0.00083, 0.00017, 0.58974, 0.06899, 0.01117, 0.00172, 0.00037, 0.11525, 0.04367, 0.00695, 0.00109, 0.00021], [0.00135, 0.00232, 0.0011, 0.00051, 0.0003, 0.00689, 0.01089, 0.00524, 0.0024, 0.00051, 0.04402, 0.07077, 0.03385, 0.00524, 0.0011, 0.09309, 0.43707, 0.07077, 0.01089, 0.00232, 0.05406, 0.09309, 0.04402, 0.00689, 0.00135], [0.00063, 0.00109, 0.00234, 0.00109, 0.00063, 0.00323, 0.00511, 0.01117, 0.00511, 0.00323, 0.00695, 0.0332, 0.07215, 0.0332, 0.00695, 0.01469, 0.06899, 0.44833, 0.06899, 0.01469, 0.00853, 0.04367, 0.09383, 0.04367, 0.00853], [0.0003, 0.00051, 0.0011, 0.00232, 0.00135, 0.00051, 0.0024, 0.00524, 0.01089, 0.00689, 0.0011, 0.00524, 0.03385, 0.07077, 0.04402, 0.00232, 0.01089, 0.07077, 0.43707, 0.09309, 0.00135, 0.00689, 0.04402, 0.09309, 0.05406], [5e-05, 0.00024, 0.00051, 0.00109, 0.00287, 8e-05, 0.00038, 0.00246, 0.00511, 0.01469, 0.00017, 0.00083, 0.00534, 0.0332, 0.09383, 0.00037, 0.00172, 0.01117, 0.06899, 0.58974, 0.00021, 0.00109, 0.00695, 0.04367, 0.11525], [0.00045, 0.00017, 8e-05, 4e-05, 2e-05, 0.00232, 0.00081, 0.00039, 0.00018, 4e-05, 0.01481, 0.00524, 0.00251, 0.00039, 8e-05, 0.09309, 0.03236, 0.00524, 0.00081, 0.00017, 0.73014, 0.09309, 0.01481, 0.00232, 0.00045], [0.00021, 0.00037, 0.00017, 8e-05, 5e-05, 0.00109, 0.00172, 0.00083, 0.00038, 0.00024, 0.00695, 0.01117, 0.00534, 0.00246, 0.00051, 0.04367, 0.06899, 0.0332, 0.00511, 0.00109, 0.11525, 0.58974, 0.09383, 0.01469, 0.00287], [0.0001, 0.00017, 0.00037, 0.00017, 0.0001, 0.00051, 0.00081, 0.00176, 0.00081, 0.00051, 0.00326, 0.00524, 0.01139, 0.00524, 0.00326, 0.00689, 0.03236, 0.07077, 0.03236, 0.00689, 0.01819, 0.09309, 0.59447, 0.09309, 0.01819], [5e-05, 8e-05, 0.00017, 0.00037, 0.00021, 0.00024, 0.00038, 0.00083, 0.00172, 0.00109, 0.00051, 0.00246, 0.00534, 0.01117, 0.00695, 0.00109, 0.00511, 0.0332, 0.06899, 0.04367, 0.00287, 0.01469, 0.09383, 0.58974, 0.11525], [2e-05, 4e-05, 8e-05, 0.00017, 0.00045, 4e-05, 0.00018, 0.00039, 0.00081, 0.00232, 8e-05, 0.00039, 0.00251, 0.00524, 0.01481, 0.00017, 0.00081, 0.00524, 0.03236, 0.09309, 0.00045, 0.00232, 0.01481, 0.09309, 0.73014]]