[[0.84057, 0.06934, 0.00629, 0.00057, 6e-05, 0.06934, 0.00572, 0.00052, 5e-05, 0, 0.00629, 0.00052, 5e-05, 0, 0, 0.00057, 5e-05, 0, 0, 0, 6e-05, 0, 0, 0, 0], [0.07625, 0.76432, 0.06934, 0.00629, 0.00063, 0.00629, 0.06305, 0.00572, 0.00052, 5e-05, 0.00057, 0.00572, 0.00052, 5e-05, 0, 5e-05, 0.00052, 5e-05, 0, 0, 0, 5e-05, 0, 0, 0], [0.00692, 0.06934, 0.76432, 0.06934, 0.00692, 0.00057, 0.00572, 0.06305, 0.00572, 0.00057, 5e-05, 0.00052, 0.00572, 0.00052, 5e-05, 0, 5e-05, 0.00052, 5e-05, 0, 0, 0, 5e-05, 0, 0], [0.00063, 0.00629, 0.06934, 0.76432, 0.07625, 5e-05, 0.00052, 0.00572, 0.06305, 0.00629, 0, 5e-05, 0.00052, 0.00572, 0.00057, 0, 0, 5e-05, 0.00052, 5e-05, 0, 0, 0, 5e-05, 0], [6e-05, 0.00057, 0.00629, 0.06934, 0.84057, 0, 5e-05, 0.00052, 0.00572, 0.06934, 0, 0, 5e-05, 0.00052, 0.00629, 0, 0, 0, 5e-05, 0.00057, 0, 0, 0, 0, 6e-05], [0.07625, 0.00629, 0.00057, 5e-05, 0, 0.76432, 0.06305, 0.00572, 0.00052, 5e-05, 0.06934, 0.00572, 0.00052, 5e-05, 0, 0.00629, 0.00052, 5e-05, 0, 0, 0.00063, 5e-05, 0, 0, 0], [0.00692, 0.06934, 0.00629, 0.00057, 6e-05, 0.06934, 0.69498, 0.06305, 0.00572, 0.00057, 0.00629, 0.06305, 0.00572, 0.00052, 5e-05, 0.00057, 0.00572, 0.00052, 5e-05, 0, 6e-05, 0.00057, 5e-05, 0, 0], [0.00063, 0.00629, 0.06934, 0.00629, 0.00063, 0.00629, 0.06305, 0.69498, 0.06305, 0.00629, 0.00057, 0.00572, 0.06305, 0.00572, 0.00057, 5e-05, 0.00052, 0.00572, 0.00052, 5e-05, 0, 5e-05, 0.00057, 5e-05, 0], [6e-05, 0.00057, 0.00629, 0.06934, 0.00692, 0.00057, 0.00572, 0.06305, 0.69498, 0.06934, 5e-05, 0.00052, 0.00572, 0.06305, 0.00629, 0, 5e-05, 0.00052, 0.00572, 0.00057, 0, 0, 5e-05, 0.00057, 6e-05], [0, 5e-05, 0.00057, 0.00629, 0.07625, 5e-05, 0.00052, 0.00572, 0.06305, 0.76432, 0, 5e-05, 0.00052, 0.00572, 0.06934, 0, 0, 5e-05, 0.00052, 0.00629, 0, 0, 0, 5e-05, 0.00063], [0.00692, 0.00057, 5e-05, 0, 0, 0.06934, 0.00572, 0.00052, 5e-05, 0, 0.76432, 0.06305, 0.00572, 0.00052, 5e-05, 0.06934, 0.00572, 0.00052, 5e-05, 0, 0.00692, 0.00057, 5e-05, 0, 0], [0.00063, 0.00629, 0.00057, 5e-05, 0, 0.00629, 0.06305, 0.00572, 0.00052, 5e-05, 0.06934, 0.69498, 0.06305, 0.00572, 0.00057, 0.00629, 0.06305, 0.00572, 0.00052, 5e-05, 0.00063, 0.00629, 0.00057, 5e-05, 0], [6e-05, 0.00057, 0.00629, 0.00057, 6e-05, 0.00057, 0.00572, 0.06305, 0.00572, 0.00057, 0.00629, 0.06305, 0.69498, 0.06305, 0.00629, 0.00057, 0.00572, 0.06305, 0.00572, 0.00057, 6e-05, 0.00057, 0.00629, 0.00057, 6e-05], [0, 5e-05, 0.00057, 0.00629, 0.00063, 5e-05, 0.00052, 0.00572, 0.06305, 0.00629, 0.00057, 0.00572, 0.06305, 0.69498, 0.06934, 5e-05, 0.00052, 0.00572, 0.06305, 0.00629, 0, 5e-05, 0.00057, 0.00629, 0.00063], [0, 0, 5e-05, 0.00057, 0.00692, 0, 5e-05, 0.00052, 0.00572, 0.06934, 5e-05, 0.00052, 0.00572, 0.06305, 0.76432, 0, 5e-05, 0.00052, 0.00572, 0.06934, 0, 0, 5e-05, 0.00057, 0.00692], [0.00063, 5e-05, 0, 0, 0, 0.00629, 0.00052, 5e-05, 0, 0, 0.06934, 0.00572, 0.00052, 5e-05, 0, 0.76432, 0.06305, 0.00572, 0.00052, 5e-05, 0.07625, 0.00629, 0.00057, 5e-05, 0], [6e-05, 0.00057, 5e-05, 0, 0, 0.00057, 0.00572, 0.00052, 5e-05, 0, 0.00629, 0.06305, 0.00572, 0.00052, 5e-05, 0.06934, 0.69498, 0.06305, 0.00572, 0.00057, 0.00692, 0.06934, 0.00629, 0.00057, 6e-05], [0, 5e-05, 0.00057, 5e-05, 0, 5e-05, 0.00052, 0.00572, 0.00052, 5e-05, 0.00057, 0.00572, 0.06305, 0.00572, 0.00057, 0.00629, 0.06305, 0.69498, 0.06305, 0.00629, 0.00063, 0.00629, 0.06934, 0.00629, 0.00063], [0, 0, 5e-05, 0.00057, 6e-05, 0, 5e-05, 0.00052, 0.00572, 0.00057, 5e-05, 0.00052, 0.00572, 0.06305, 0.00629, 0.00057, 0.00572, 0.06305, 0.69498, 0.06934, 6e-05, 0.00057, 0.00629, 0.06934, 0.00692], [0, 0, 0, 5e-05, 0.00063, 0, 0, 5e-05, 0.00052, 0.00629, 0, 5e-05, 0.00052, 0.00572, 0.06934, 5e-05, 0.00052, 0.00572, 0.06305, 0.76432, 0, 5e-05, 0.00057, 0.00629, 0.07625], [6e-05, 0, 0, 0, 0, 0.00057, 5e-05, 0, 0, 0, 0.00629, 0.00052, 5e-05, 0, 0, 0.06934, 0.00572, 0.00052, 5e-05, 0, 0.84057, 0.06934, 0.00629, 0.00057, 6e-05], [0, 5e-05, 0, 0, 0, 5e-05, 0.00052, 5e-05, 0, 0, 0.00057, 0.00572, 0.00052, 5e-05, 0, 0.00629, 0.06305, 0.00572, 0.00052, 5e-05, 0.07625, 0.76432, 0.06934, 0.00629, 0.00063], [0, 0, 5e-05, 0, 0, 0, 5e-05, 0.00052, 5e-05, 0, 5e-05, 0.00052, 0.00572, 0.00052, 5e-05, 0.00057, 0.00572, 0.06305, 0.00572, 0.00057, 0.00692, 0.06934, 0.76432, 0.06934, 0.00692], [0, 0, 0, 5e-05, 0, 0, 0, 5e-05, 0.00052, 5e-05, 0, 5e-05, 0.00052, 0.00572, 0.00057, 5e-05, 0.00052, 0.00572, 0.06305, 0.00629, 0.00063, 0.00629, 0.06934, 0.76432, 0.07625], [0, 0, 0, 0, 6e-05, 0, 0, 0, 5e-05, 0.00057, 0, 0, 5e-05, 0.00052, 0.00629, 0, 5e-05, 0.00052, 0.00572, 0.06934, 6e-05, 0.00057, 0.00629, 0.06934, 0.84057]]