[[0.85071, 0.05891, 0.00451, 0.00034, 3e-05, 0.05891, 0.01811, 0.00139, 0.00011, 0, 0.00451, 0.00139, 0.00049, 4e-05, 0, 0.00034, 0.00011, 4e-05, 1e-05, 0, 3e-05, 0, 0, 0, 0], [0.06502, 0.77078, 0.05901, 0.0045, 0.00038, 0.02053, 0.05198, 0.01819, 0.00138, 0.00012, 0.00157, 0.00399, 0.0014, 0.00048, 4e-05, 0.00012, 0.0003, 0.00011, 4e-05, 1e-05, 1e-05, 3e-05, 0, 0, 0], [0.00497, 0.05891, 0.77215, 0.05891, 0.00497, 0.00157, 0.01811, 0.0522, 0.01811, 0.00157, 0.00055, 0.00139, 0.00401, 0.00139, 0.00055, 4e-05, 0.00011, 0.0003, 0.00011, 4e-05, 0, 0, 3e-05, 0, 0], [0.00038, 0.0045, 0.05901, 0.77078, 0.06502, 0.00012, 0.00138, 0.01819, 0.05198, 0.02053, 4e-05, 0.00048, 0.0014, 0.00399, 0.00157, 1e-05, 4e-05, 0.00011, 0.0003, 0.00012, 0, 0, 0, 3e-05, 1e-05], [3e-05, 0.00034, 0.00451, 0.05891, 0.85071, 0, 0.00011, 0.00139, 0.01811, 0.05891, 0, 4e-05, 0.00049, 0.00139, 0.00451, 0, 1e-05, 4e-05, 0.00011, 0.00034, 0, 0, 0, 0, 3e-05], [0.06502, 0.02053, 0.00157, 0.00012, 1e-05, 0.77078, 0.05198, 0.00399, 0.0003, 3e-05, 0.05901, 0.01819, 0.0014, 0.00011, 0, 0.0045, 0.00138, 0.00048, 4e-05, 0, 0.00038, 0.00012, 4e-05, 1e-05, 0], [0.02265, 0.05891, 0.02056, 0.00157, 0.00013, 0.05891, 0.6801, 0.0522, 0.00397, 0.00034, 0.02056, 0.0522, 0.01826, 0.00139, 0.00012, 0.00157, 0.00397, 0.00139, 0.00048, 4e-05, 0.00013, 0.00034, 0.00012, 4e-05, 2e-05], [0.00173, 0.02053, 0.05901, 0.02053, 0.00173, 0.0045, 0.05198, 0.68305, 0.05198, 0.0045, 0.00157, 0.01819, 0.05241, 0.01819, 0.00157, 0.00055, 0.00138, 0.00399, 0.00138, 0.00055, 5e-05, 0.00012, 0.00034, 0.00012, 5e-05], [0.00013, 0.00157, 0.02056, 0.05891, 0.02265, 0.00034, 0.00397, 0.0522, 0.6801, 0.05891, 0.00012, 0.00139, 0.01826, 0.0522, 0.02056, 4e-05, 0.00048, 0.00139, 0.00397, 0.00157, 2e-05, 4e-05, 0.00012, 0.00034, 0.00013], [1e-05, 0.00012, 0.00157, 0.02053, 0.06502, 3e-05, 0.0003, 0.00399, 0.05198, 0.77078, 0, 0.00011, 0.0014, 0.01819, 0.05901, 0, 4e-05, 0.00048, 0.00138, 0.0045, 0, 1e-05, 4e-05, 0.00012, 0.00038], [0.00497, 0.00157, 0.00055, 4e-05, 0, 0.05891, 0.01811, 0.00139, 0.00011, 0, 0.77215, 0.0522, 0.00401, 0.0003, 3e-05, 0.05891, 0.01811, 0.00139, 0.00011, 0, 0.00497, 0.00157, 0.00055, 4e-05, 0], [0.00173, 0.0045, 0.00157, 0.00055, 5e-05, 0.02053, 0.05198, 0.01819, 0.00138, 0.00012, 0.05901, 0.68305, 0.05241, 0.00399, 0.00034, 0.02053, 0.05198, 0.01819, 0.00138, 0.00012, 0.00173, 0.0045, 0.00157, 0.00055, 5e-05], [0.0006, 0.00157, 0.00451, 0.00157, 0.0006, 0.00157, 0.01811, 0.0522, 0.01811, 0.00157, 0.00451, 0.0522, 0.68574, 0.0522, 0.00451, 0.00157, 0.01811, 0.0522, 0.01811, 0.00157, 0.0006, 0.00157, 0.00451, 0.00157, 0.0006], [5e-05, 0.00055, 0.00157, 0.0045, 0.00173, 0.00012, 0.00138, 0.01819, 0.05198, 0.02053, 0.00034, 0.00399, 0.05241, 0.68305, 0.05901, 0.00012, 0.00138, 0.01819, 0.05198, 0.02053, 5e-05, 0.00055, 0.00157, 0.0045, 0.00173], [0, 4e-05, 0.00055, 0.00157, 0.00497, 0, 0.00011, 0.00139, 0.01811, 0.05891, 3e-05, 0.0003, 0.00401, 0.0522, 0.77215, 0, 0.00011, 0.00139, 0.01811, 0.05891, 0, 4e-05, 0.00055, 0.00157, 0.00497], [0.00038, 0.00012, 4e-05, 1e-05, 0, 0.0045, 0.00138, 0.00048, 4e-05, 0, 0.05901, 0.01819, 0.0014, 0.00011, 0, 0.77078, 0.05198, 0.00399, 0.0003, 3e-05, 0.06502, 0.02053, 0.00157, 0.00012, 1e-05], [0.00013, 0.00034, 0.00012, 4e-05, 2e-05, 0.00157, 0.00397, 0.00139, 0.00048, 4e-05, 0.02056, 0.0522, 0.01826, 0.00139, 0.00012, 0.05891, 0.6801, 0.0522, 0.00397, 0.00034, 0.02265, 0.05891, 0.02056, 0.00157, 0.00013], [5e-05, 0.00012, 0.00034, 0.00012, 5e-05, 0.00055, 0.00138, 0.00399, 0.00138, 0.00055, 0.00157, 0.01819, 0.05241, 0.01819, 0.00157, 0.0045, 0.05198, 0.68305, 0.05198, 0.0045, 0.00173, 0.02053, 0.05901, 0.02053, 0.00173], [2e-05, 4e-05, 0.00012, 0.00034, 0.00013, 4e-05, 0.00048, 0.00139, 0.00397, 0.00157, 0.00012, 0.00139, 0.01826, 0.0522, 0.02056, 0.00034, 0.00397, 0.0522, 0.6801, 0.05891, 0.00013, 0.00157, 0.02056, 0.05891, 0.02265], [0, 1e-05, 4e-05, 0.00012, 0.00038, 0, 4e-05, 0.00048, 0.00138, 0.0045, 0, 0.00011, 0.0014, 0.01819, 0.05901, 3e-05, 0.0003, 0.00399, 0.05198, 0.77078, 1e-05, 0.00012, 0.00157, 0.02053, 0.06502], [3e-05, 0, 0, 0, 0, 0.00034, 0.00011, 4e-05, 1e-05, 0, 0.00451, 0.00139, 0.00049, 4e-05, 0, 0.05891, 0.01811, 0.00139, 0.00011, 0, 0.85071, 0.05891, 0.00451, 0.00034, 3e-05], [1e-05, 3e-05, 0, 0, 0, 0.00012, 0.0003, 0.00011, 4e-05, 1e-05, 0.00157, 0.00399, 0.0014, 0.00048, 4e-05, 0.02053, 0.05198, 0.01819, 0.00138, 0.00012, 0.06502, 0.77078, 0.05901, 0.0045, 0.00038], [0, 0, 3e-05, 0, 0, 4e-05, 0.00011, 0.0003, 0.00011, 4e-05, 0.00055, 0.00139, 0.00401, 0.00139, 0.00055, 0.00157, 0.01811, 0.0522, 0.01811, 0.00157, 0.00497, 0.05891, 0.77215, 0.05891, 0.00497], [0, 0, 0, 3e-05, 1e-05, 1e-05, 4e-05, 0.00011, 0.0003, 0.00012, 4e-05, 0.00048, 0.0014, 0.00399, 0.00157, 0.00012, 0.00138, 0.01819, 0.05198, 0.02053, 0.00038, 0.0045, 0.05901, 0.77078, 0.06502], [0, 0, 0, 0, 3e-05, 0, 1e-05, 4e-05, 0.00011, 0.00034, 0, 4e-05, 0.00049, 0.00139, 0.00451, 0, 0.00011, 0.00139, 0.01811, 0.05891, 3e-05, 0.00034, 0.00451, 0.05891, 0.85071]]