[[0.75008, 0.09805, 0.01516, 0.00234, 0.00043, 0.09805, 0.01282, 0.00198, 0.00031, 6e-05, 0.01516, 0.00198, 0.00031, 5e-05, 0, 0.00234, 0.00031, 5e-05, 0, 0, 0.00043, 6e-05, 0, 0, 0], [0.11599, 0.63409, 0.09805, 0.01516, 0.00277, 0.01516, 0.08289, 0.01282, 0.00198, 0.00036, 0.00234, 0.01282, 0.00198, 0.00031, 6e-05, 0.00036, 0.00198, 0.00031, 5e-05, 0, 7e-05, 0.00036, 6e-05, 0, 0], [0.01794, 0.09805, 0.63409, 0.09805, 0.01794, 0.00234, 0.01282, 0.08289, 0.01282, 0.00234, 0.00036, 0.00198, 0.01282, 0.00198, 0.00036, 6e-05, 0.00031, 0.00198, 0.00031, 6e-05, 1e-05, 6e-05, 0.00036, 6e-05, 1e-05], [0.00277, 0.01516, 0.09805, 0.63409, 0.11599, 0.00036, 0.00198, 0.01282, 0.08289, 0.01516, 6e-05, 0.00031, 0.00198, 0.01282, 0.00234, 0, 5e-05, 0.00031, 0.00198, 0.00036, 0, 0, 6e-05, 0.00036, 7e-05], [0.00043, 0.00234, 0.01516, 0.09805, 0.75008, 6e-05, 0.00031, 0.00198, 0.01282, 0.09805, 0, 5e-05, 0.00031, 0.00198, 0.01516, 0, 0, 5e-05, 0.00031, 0.00234, 0, 0, 0, 6e-05, 0.00043], [0.11599, 0.01516, 0.00234, 0.00036, 7e-05, 0.63409, 0.08289, 0.01282, 0.00198, 0.00036, 0.09805, 0.01282, 0.00198, 0.00031, 6e-05, 0.01516, 0.00198, 0.00031, 5e-05, 0, 0.00277, 0.00036, 6e-05, 0, 0], [0.01794, 0.09805, 0.01516, 0.00234, 0.00043, 0.09805, 0.53604, 0.08289, 0.01282, 0.00234, 0.01516, 0.08289, 0.01282, 0.00198, 0.00036, 0.00234, 0.01282, 0.00198, 0.00031, 6e-05, 0.00043, 0.00234, 0.00036, 6e-05, 1e-05], [0.00277, 0.01516, 0.09805, 0.01516, 0.00277, 0.01516, 0.08289, 0.53604, 0.08289, 0.01516, 0.00234, 0.01282, 0.08289, 0.01282, 0.00234, 0.00036, 0.00198, 0.01282, 0.00198, 0.00036, 7e-05, 0.00036, 0.00234, 0.00036, 7e-05], [0.00043, 0.00234, 0.01516, 0.09805, 0.01794, 0.00234, 0.01282, 0.08289, 0.53604, 0.09805, 0.00036, 0.00198, 0.01282, 0.08289, 0.01516, 6e-05, 0.00031, 0.00198, 0.01282, 0.00234, 1e-05, 6e-05, 0.00036, 0.00234, 0.00043], [7e-05, 0.00036, 0.00234, 0.01516, 0.11599, 0.00036, 0.00198, 0.01282, 0.08289, 0.63409, 6e-05, 0.00031, 0.00198, 0.01282, 0.09805, 0, 5e-05, 0.00031, 0.00198, 0.01516, 0, 0, 6e-05, 0.00036, 0.00277], [0.01794, 0.00234, 0.00036, 6e-05, 1e-05, 0.09805, 0.01282, 0.00198, 0.00031, 6e-05, 0.63409, 0.08289, 0.01282, 0.00198, 0.00036, 0.09805, 0.01282, 0.00198, 0.00031, 6e-05, 0.01794, 0.00234, 0.00036, 6e-05, 1e-05], [0.00277, 0.01516, 0.00234, 0.00036, 7e-05, 0.01516, 0.08289, 0.01282, 0.00198, 0.00036, 0.09805, 0.53604, 0.08289, 0.01282, 0.00234, 0.01516, 0.08289, 0.01282, 0.00198, 0.00036, 0.00277, 0.01516, 0.00234, 0.00036, 7e-05], [0.00043, 0.00234, 0.01516, 0.00234, 0.00043, 0.00234, 0.01282, 0.08289, 0.01282, 0.00234, 0.01516, 0.08289, 0.53604, 0.08289, 0.01516, 0.00234, 0.01282, 0.08289, 0.01282, 0.00234, 0.00043, 0.00234, 0.01516, 0.00234, 0.00043], [7e-05, 0.00036, 0.00234, 0.01516, 0.00277, 0.00036, 0.00198, 0.01282, 0.08289, 0.01516, 0.00234, 0.01282, 0.08289, 0.53604, 0.09805, 0.00036, 0.00198, 0.01282, 0.08289, 0.01516, 7e-05, 0.00036, 0.00234, 0.01516, 0.00277], [1e-05, 6e-05, 0.00036, 0.00234, 0.01794, 6e-05, 0.00031, 0.00198, 0.01282, 0.09805, 0.00036, 0.00198, 0.01282, 0.08289, 0.63409, 6e-05, 0.00031, 0.00198, 0.01282, 0.09805, 1e-05, 6e-05, 0.00036, 0.00234, 0.01794], [0.00277, 0.00036, 6e-05, 0, 0, 0.01516, 0.00198, 0.00031, 5e-05, 0, 0.09805, 0.01282, 0.00198, 0.00031, 6e-05, 0.63409, 0.08289, 0.01282, 0.00198, 0.00036, 0.11599, 0.01516, 0.00234, 0.00036, 7e-05], [0.00043, 0.00234, 0.00036, 6e-05, 1e-05, 0.00234, 0.01282, 0.00198, 0.00031, 6e-05, 0.01516, 0.08289, 0.01282, 0.00198, 0.00036, 0.09805, 0.53604, 0.08289, 0.01282, 0.00234, 0.01794, 0.09805, 0.01516, 0.00234, 0.00043], [7e-05, 0.00036, 0.00234, 0.00036, 7e-05, 0.00036, 0.00198, 0.01282, 0.00198, 0.00036, 0.00234, 0.01282, 0.08289, 0.01282, 0.00234, 0.01516, 0.08289, 0.53604, 0.08289, 0.01516, 0.00277, 0.01516, 0.09805, 0.01516, 0.00277], [1e-05, 6e-05, 0.00036, 0.00234, 0.00043, 6e-05, 0.00031, 0.00198, 0.01282, 0.00234, 0.00036, 0.00198, 0.01282, 0.08289, 0.01516, 0.00234, 0.01282, 0.08289, 0.53604, 0.09805, 0.00043, 0.00234, 0.01516, 0.09805, 0.01794], [0, 0, 6e-05, 0.00036, 0.00277, 0, 5e-05, 0.00031, 0.00198, 0.01516, 6e-05, 0.00031, 0.00198, 0.01282, 0.09805, 0.00036, 0.00198, 0.01282, 0.08289, 0.63409, 7e-05, 0.00036, 0.00234, 0.01516, 0.11599], [0.00043, 6e-05, 0, 0, 0, 0.00234, 0.00031, 5e-05, 0, 0, 0.01516, 0.00198, 0.00031, 5e-05, 0, 0.09805, 0.01282, 0.00198, 0.00031, 6e-05, 0.75008, 0.09805, 0.01516, 0.00234, 0.00043], [7e-05, 0.00036, 6e-05, 0, 0, 0.00036, 0.00198, 0.00031, 5e-05, 0, 0.00234, 0.01282, 0.00198, 0.00031, 6e-05, 0.01516, 0.08289, 0.01282, 0.00198, 0.00036, 0.11599, 0.63409, 0.09805, 0.01516, 0.00277], [1e-05, 6e-05, 0.00036, 6e-05, 1e-05, 6e-05, 0.00031, 0.00198, 0.00031, 6e-05, 0.00036, 0.00198, 0.01282, 0.00198, 0.00036, 0.00234, 0.01282, 0.08289, 0.01282, 0.00234, 0.01794, 0.09805, 0.63409, 0.09805, 0.01794], [0, 0, 6e-05, 0.00036, 7e-05, 0, 5e-05, 0.00031, 0.00198, 0.00036, 6e-05, 0.00031, 0.00198, 0.01282, 0.00234, 0.00036, 0.00198, 0.01282, 0.08289, 0.01516, 0.00277, 0.01516, 0.09805, 0.63409, 0.11599], [0, 0, 0, 6e-05, 0.00043, 0, 0, 5e-05, 0.00031, 0.00234, 0, 5e-05, 0.00031, 0.00198, 0.01516, 6e-05, 0.00031, 0.00198, 0.01282, 0.09805, 0.00043, 0.00234, 0.01516, 0.09805, 0.75008]]