[[0.69672, 0.09863, 0.01817, 0.00329, 0.00078, 0.09863, 0.03408, 0.00851, 0.00174, 0.00049, 0.01817, 0.00851, 0.00325, 0.00083, 0.00027, 0.00329, 0.00174, 0.00083, 0.00028, 0.00011, 0.00078, 0.00049, 0.00027, 0.00011, 5e-05], [0.12728, 0.53989, 0.09948, 0.01802, 0.00425, 0.04912, 0.06842, 0.03487, 0.00831, 0.00251, 0.01209, 0.01279, 0.0087, 0.00317, 0.00118, 0.00251, 0.00228, 0.00178, 0.00081, 0.00041, 0.00063, 0.0006, 0.00049, 0.00027, 0.00014], [0.02325, 0.09863, 0.54457, 0.09863, 0.02325, 0.01198, 0.03408, 0.07001, 0.03408, 0.01198, 0.00451, 0.00851, 0.01308, 0.00851, 0.00451, 0.00117, 0.00174, 0.00234, 0.00174, 0.00117, 0.00035, 0.00049, 0.00061, 0.00049, 0.00035], [0.00425, 0.01802, 0.09948, 0.53989, 0.12728, 0.00251, 0.00831, 0.03487, 0.06842, 0.04912, 0.00118, 0.00317, 0.0087, 0.01279, 0.01209, 0.00041, 0.00081, 0.00178, 0.00228, 0.00251, 0.00014, 0.00027, 0.00049, 0.0006, 0.00063], [0.00078, 0.00329, 0.01817, 0.09863, 0.69672, 0.00049, 0.00174, 0.00851, 0.03408, 0.09863, 0.00027, 0.00083, 0.00325, 0.00851, 0.01817, 0.00011, 0.00028, 0.00083, 0.00174, 0.00329, 5e-05, 0.00011, 0.00027, 0.00049, 0.00078], [0.12728, 0.04912, 0.01209, 0.00251, 0.00063, 0.53989, 0.06842, 0.01279, 0.00228, 0.0006, 0.09948, 0.03487, 0.0087, 0.00178, 0.00049, 0.01802, 0.00831, 0.00317, 0.00081, 0.00027, 0.00425, 0.00251, 0.00118, 0.00041, 0.00014], [0.06339, 0.09863, 0.04955, 0.01198, 0.00324, 0.09863, 0.37451, 0.07001, 0.0125, 0.00329, 0.04955, 0.07001, 0.03567, 0.00851, 0.00253, 0.01198, 0.0125, 0.00851, 0.0031, 0.00117, 0.00324, 0.00329, 0.00253, 0.00117, 0.00052], [0.01546, 0.04912, 0.09948, 0.04912, 0.01546, 0.01802, 0.06842, 0.38325, 0.06842, 0.01802, 0.01209, 0.03487, 0.07162, 0.03487, 0.01209, 0.00447, 0.00831, 0.01279, 0.00831, 0.00447, 0.00151, 0.00251, 0.00332, 0.00251, 0.00151], [0.00324, 0.01198, 0.04955, 0.09863, 0.06339, 0.00329, 0.0125, 0.07001, 0.37451, 0.09863, 0.00253, 0.00851, 0.03567, 0.07001, 0.04955, 0.00117, 0.0031, 0.00851, 0.0125, 0.01198, 0.00052, 0.00117, 0.00253, 0.00329, 0.00324], [0.00063, 0.00251, 0.01209, 0.04912, 0.12728, 0.0006, 0.00228, 0.01279, 0.06842, 0.53989, 0.00049, 0.00178, 0.0087, 0.03487, 0.09948, 0.00027, 0.00081, 0.00317, 0.00831, 0.01802, 0.00014, 0.00041, 0.00118, 0.00251, 0.00425], [0.02325, 0.01198, 0.00451, 0.00117, 0.00035, 0.09863, 0.03408, 0.00851, 0.00174, 0.00049, 0.54457, 0.07001, 0.01308, 0.00234, 0.00061, 0.09863, 0.03408, 0.00851, 0.00174, 0.00049, 0.02325, 0.01198, 0.00451, 0.00117, 0.00035], [0.01546, 0.01802, 0.01209, 0.00447, 0.00151, 0.04912, 0.06842, 0.03487, 0.00831, 0.00251, 0.09948, 0.38325, 0.07162, 0.01279, 0.00332, 0.04912, 0.06842, 0.03487, 0.00831, 0.00251, 0.01546, 0.01802, 0.01209, 0.00447, 0.00151], [0.00577, 0.01198, 0.01817, 0.01198, 0.00577, 0.01198, 0.03408, 0.07001, 0.03408, 0.01198, 0.01817, 0.07001, 0.39202, 0.07001, 0.01817, 0.01198, 0.03408, 0.07001, 0.03408, 0.01198, 0.00577, 0.01198, 0.01817, 0.01198, 0.00577], [0.00151, 0.00447, 0.01209, 0.01802, 0.01546, 0.00251, 0.00831, 0.03487, 0.06842, 0.04912, 0.00332, 0.01279, 0.07162, 0.38325, 0.09948, 0.00251, 0.00831, 0.03487, 0.06842, 0.04912, 0.00151, 0.00447, 0.01209, 0.01802, 0.01546], [0.00035, 0.00117, 0.00451, 0.01198, 0.02325, 0.00049, 0.00174, 0.00851, 0.03408, 0.09863, 0.00061, 0.00234, 0.01308, 0.07001, 0.54457, 0.00049, 0.00174, 0.00851, 0.03408, 0.09863, 0.00035, 0.00117, 0.00451, 0.01198, 0.02325], [0.00425, 0.00251, 0.00118, 0.00041, 0.00014, 0.01802, 0.00831, 0.00317, 0.00081, 0.00027, 0.09948, 0.03487, 0.0087, 0.00178, 0.00049, 0.53989, 0.06842, 0.01279, 0.00228, 0.0006, 0.12728, 0.04912, 0.01209, 0.00251, 0.00063], [0.00324, 0.00329, 0.00253, 0.00117, 0.00052, 0.01198, 0.0125, 0.00851, 0.0031, 0.00117, 0.04955, 0.07001, 0.03567, 0.00851, 0.00253, 0.09863, 0.37451, 0.07001, 0.0125, 0.00329, 0.06339, 0.09863, 0.04955, 0.01198, 0.00324], [0.00151, 0.00251, 0.00332, 0.00251, 0.00151, 0.00447, 0.00831, 0.01279, 0.00831, 0.00447, 0.01209, 0.03487, 0.07162, 0.03487, 0.01209, 0.01802, 0.06842, 0.38325, 0.06842, 0.01802, 0.01546, 0.04912, 0.09948, 0.04912, 0.01546], [0.00052, 0.00117, 0.00253, 0.00329, 0.00324, 0.00117, 0.0031, 0.00851, 0.0125, 0.01198, 0.00253, 0.00851, 0.03567, 0.07001, 0.04955, 0.00329, 0.0125, 0.07001, 0.37451, 0.09863, 0.00324, 0.01198, 0.04955, 0.09863, 0.06339], [0.00014, 0.00041, 0.00118, 0.00251, 0.00425, 0.00027, 0.00081, 0.00317, 0.00831, 0.01802, 0.00049, 0.00178, 0.0087, 0.03487, 0.09948, 0.0006, 0.00228, 0.01279, 0.06842, 0.53989, 0.00063, 0.00251, 0.01209, 0.04912, 0.12728], [0.00078, 0.00049, 0.00027, 0.00011, 5e-05, 0.00329, 0.00174, 0.00083, 0.00028, 0.00011, 0.01817, 0.00851, 0.00325, 0.00083, 0.00027, 0.09863, 0.03408, 0.00851, 0.00174, 0.00049, 0.69672, 0.09863, 0.01817, 0.00329, 0.00078], [0.00063, 0.0006, 0.00049, 0.00027, 0.00014, 0.00251, 0.00228, 0.00178, 0.00081, 0.00041, 0.01209, 0.01279, 0.0087, 0.00317, 0.00118, 0.04912, 0.06842, 0.03487, 0.00831, 0.00251, 0.12728, 0.53989, 0.09948, 0.01802, 0.00425], [0.00035, 0.00049, 0.00061, 0.00049, 0.00035, 0.00117, 0.00174, 0.00234, 0.00174, 0.00117, 0.00451, 0.00851, 0.01308, 0.00851, 0.00451, 0.01198, 0.03408, 0.07001, 0.03408, 0.01198, 0.02325, 0.09863, 0.54457, 0.09863, 0.02325], [0.00014, 0.00027, 0.00049, 0.0006, 0.00063, 0.00041, 0.00081, 0.00178, 0.00228, 0.00251, 0.00118, 0.00317, 0.0087, 0.01279, 0.01209, 0.00251, 0.00831, 0.03487, 0.06842, 0.04912, 0.00425, 0.01802, 0.09948, 0.53989, 0.12728], [5e-05, 0.00011, 0.00027, 0.00049, 0.00078, 0.00011, 0.00028, 0.00083, 0.00174, 0.00329, 0.00027, 0.00083, 0.00325, 0.00851, 0.01817, 0.00049, 0.00174, 0.00851, 0.03408, 0.09863, 0.00078, 0.00329, 0.01817, 0.09863, 0.69672]]