[[0.88987, 0.04529, 0.00247, 0.00013, 0, 0.04529, 0.01262, 0.00069, 4e-05, 0, 0.00247, 0.00069, 0.00021, 1e-05, 0, 0.00013, 4e-05, 1e-05, 0, 0, 0, 0, 0, 0, 0], [0.04852, 0.83065, 0.04533, 0.00247, 0.00014, 0.01374, 0.04161, 0.01265, 0.00069, 4e-05, 0.00075, 0.00227, 0.00069, 0.00021, 1e-05, 4e-05, 0.00012, 4e-05, 1e-05, 0, 0, 0, 0, 0, 0], [0.00265, 0.04529, 0.83135, 0.04529, 0.00265, 0.00075, 0.01262, 0.04169, 0.01262, 0.00075, 0.00023, 0.00069, 0.00228, 0.00069, 0.00023, 1e-05, 4e-05, 0.00012, 4e-05, 1e-05, 0, 0, 0, 0, 0], [0.00014, 0.00247, 0.04533, 0.83065, 0.04852, 4e-05, 0.00069, 0.01265, 0.04161, 0.01374, 1e-05, 0.00021, 0.00069, 0.00227, 0.00075, 0, 1e-05, 4e-05, 0.00012, 4e-05, 0, 0, 0, 0, 0], [0, 0.00013, 0.00247, 0.04529, 0.88987, 0, 4e-05, 0.00069, 0.01262, 0.04529, 0, 1e-05, 0.00021, 0.00069, 0.00247, 0, 0, 1e-05, 4e-05, 0.00013, 0, 0, 0, 0, 0], [0.04852, 0.01374, 0.00075, 4e-05, 0, 0.83065, 0.04161, 0.00227, 0.00012, 0, 0.04533, 0.01265, 0.00069, 4e-05, 0, 0.00247, 0.00069, 0.00021, 1e-05, 0, 0.00014, 4e-05, 1e-05, 0, 0], [0.01472, 0.04529, 0.01375, 0.00075, 4e-05, 0.04529, 0.76306, 0.04169, 0.00227, 0.00013, 0.01375, 0.04169, 0.01267, 0.00069, 4e-05, 0.00075, 0.00227, 0.00069, 0.00021, 1e-05, 4e-05, 0.00013, 4e-05, 1e-05, 0], [0.0008, 0.01374, 0.04533, 0.01374, 0.0008, 0.00247, 0.04161, 0.76453, 0.04161, 0.00247, 0.00075, 0.01265, 0.04176, 0.01265, 0.00075, 0.00023, 0.00069, 0.00227, 0.00069, 0.00023, 1e-05, 4e-05, 0.00013, 4e-05, 1e-05], [4e-05, 0.00075, 0.01375, 0.04529, 0.01472, 0.00013, 0.00227, 0.04169, 0.76306, 0.04529, 4e-05, 0.00069, 0.01267, 0.04169, 0.01375, 1e-05, 0.00021, 0.00069, 0.00227, 0.00075, 0, 1e-05, 4e-05, 0.00013, 4e-05], [0, 4e-05, 0.00075, 0.01374, 0.04852, 0, 0.00012, 0.00227, 0.04161, 0.83065, 0, 4e-05, 0.00069, 0.01265, 0.04533, 0, 1e-05, 0.00021, 0.00069, 0.00247, 0, 0, 1e-05, 4e-05, 0.00014], [0.00265, 0.00075, 0.00023, 1e-05, 0, 0.04529, 0.01262, 0.00069, 4e-05, 0, 0.83135, 0.04169, 0.00228, 0.00012, 0, 0.04529, 0.01262, 0.00069, 4e-05, 0, 0.00265, 0.00075, 0.00023, 1e-05, 0], [0.0008, 0.00247, 0.00075, 0.00023, 1e-05, 0.01374, 0.04161, 0.01265, 0.00069, 4e-05, 0.04533, 0.76453, 0.04176, 0.00227, 0.00013, 0.01374, 0.04161, 0.01265, 0.00069, 4e-05, 0.0008, 0.00247, 0.00075, 0.00023, 1e-05], [0.00024, 0.00075, 0.00247, 0.00075, 0.00024, 0.00075, 0.01262, 0.04169, 0.01262, 0.00075, 0.00247, 0.04169, 0.76591, 0.04169, 0.00247, 0.00075, 0.01262, 0.04169, 0.01262, 0.00075, 0.00024, 0.00075, 0.00247, 0.00075, 0.00024], [1e-05, 0.00023, 0.00075, 0.00247, 0.0008, 4e-05, 0.00069, 0.01265, 0.04161, 0.01374, 0.00013, 0.00227, 0.04176, 0.76453, 0.04533, 4e-05, 0.00069, 0.01265, 0.04161, 0.01374, 1e-05, 0.00023, 0.00075, 0.00247, 0.0008], [0, 1e-05, 0.00023, 0.00075, 0.00265, 0, 4e-05, 0.00069, 0.01262, 0.04529, 0, 0.00012, 0.00228, 0.04169, 0.83135, 0, 4e-05, 0.00069, 0.01262, 0.04529, 0, 1e-05, 0.00023, 0.00075, 0.00265], [0.00014, 4e-05, 1e-05, 0, 0, 0.00247, 0.00069, 0.00021, 1e-05, 0, 0.04533, 0.01265, 0.00069, 4e-05, 0, 0.83065, 0.04161, 0.00227, 0.00012, 0, 0.04852, 0.01374, 0.00075, 4e-05, 0], [4e-05, 0.00013, 4e-05, 1e-05, 0, 0.00075, 0.00227, 0.00069, 0.00021, 1e-05, 0.01375, 0.04169, 0.01267, 0.00069, 4e-05, 0.04529, 0.76306, 0.04169, 0.00227, 0.00013, 0.01472, 0.04529, 0.01375, 0.00075, 4e-05], [1e-05, 4e-05, 0.00013, 4e-05, 1e-05, 0.00023, 0.00069, 0.00227, 0.00069, 0.00023, 0.00075, 0.01265, 0.04176, 0.01265, 0.00075, 0.00247, 0.04161, 0.76453, 0.04161, 0.00247, 0.0008, 0.01374, 0.04533, 0.01374, 0.0008], [0, 1e-05, 4e-05, 0.00013, 4e-05, 1e-05, 0.00021, 0.00069, 0.00227, 0.00075, 4e-05, 0.00069, 0.01267, 0.04169, 0.01375, 0.00013, 0.00227, 0.04169, 0.76306, 0.04529, 4e-05, 0.00075, 0.01375, 0.04529, 0.01472], [0, 0, 1e-05, 4e-05, 0.00014, 0, 1e-05, 0.00021, 0.00069, 0.00247, 0, 4e-05, 0.00069, 0.01265, 0.04533, 0, 0.00012, 0.00227, 0.04161, 0.83065, 0, 4e-05, 0.00075, 0.01374, 0.04852], [0, 0, 0, 0, 0, 0.00013, 4e-05, 1e-05, 0, 0, 0.00247, 0.00069, 0.00021, 1e-05, 0, 0.04529, 0.01262, 0.00069, 4e-05, 0, 0.88987, 0.04529, 0.00247, 0.00013, 0], [0, 0, 0, 0, 0, 4e-05, 0.00012, 4e-05, 1e-05, 0, 0.00075, 0.00227, 0.00069, 0.00021, 1e-05, 0.01374, 0.04161, 0.01265, 0.00069, 4e-05, 0.04852, 0.83065, 0.04533, 0.00247, 0.00014], [0, 0, 0, 0, 0, 1e-05, 4e-05, 0.00012, 4e-05, 1e-05, 0.00023, 0.00069, 0.00228, 0.00069, 0.00023, 0.00075, 0.01262, 0.04169, 0.01262, 0.00075, 0.00265, 0.04529, 0.83135, 0.04529, 0.00265], [0, 0, 0, 0, 0, 0, 1e-05, 4e-05, 0.00012, 4e-05, 1e-05, 0.00021, 0.00069, 0.00227, 0.00075, 4e-05, 0.00069, 0.01265, 0.04161, 0.01374, 0.00014, 0.00247, 0.04533, 0.83065, 0.04852], [0, 0, 0, 0, 0, 0, 0, 1e-05, 4e-05, 0.00013, 0, 1e-05, 0.00021, 0.00069, 0.00247, 0, 4e-05, 0.00069, 0.01262, 0.04529, 0, 0.00013, 0.00247, 0.04529, 0.88987]]