[[0.95291, 0.02075, 0.00046, 1e-05, 0, 0.02075, 0.00424, 0.00018, 0, 0, 0.00046, 0.00018, 2e-05, 0, 0, 1e-05, 0, 0, 0, 0, 0, 0, 0, 0, 0], [0.02132, 0.92769, 0.02075, 0.00046, 1e-05, 0.00437, 0.02011, 0.00424, 0.00018, 0, 0.00019, 0.00045, 0.00018, 2e-05, 0, 0, 1e-05, 0, 0, 0, 0, 0, 0, 0, 0], [0.00048, 0.02075, 0.92771, 0.02075, 0.00048, 0.00019, 0.00424, 0.02011, 0.00424, 0.00019, 2e-05, 0.00018, 0.00045, 0.00018, 2e-05, 0, 0, 1e-05, 0, 0, 0, 0, 0, 0, 0], [1e-05, 0.00046, 0.02075, 0.92769, 0.02132, 0, 0.00018, 0.00424, 0.02011, 0.00437, 0, 2e-05, 0.00018, 0.00045, 0.00019, 0, 0, 0, 1e-05, 0, 0, 0, 0, 0, 0], [0, 1e-05, 0.00046, 0.02075, 0.95291, 0, 0, 0.00018, 0.00424, 0.02075, 0, 0, 2e-05, 0.00018, 0.00046, 0, 0, 0, 0, 1e-05, 0, 0, 0, 0, 0], [0.02132, 0.00437, 0.00019, 0, 0, 0.92769, 0.02011, 0.00045, 1e-05, 0, 0.02075, 0.00424, 0.00018, 0, 0, 0.00046, 0.00018, 2e-05, 0, 0, 1e-05, 0, 0, 0, 0], [0.00449, 0.02075, 0.00437, 0.00019, 0, 0.02075, 0.8991, 0.02011, 0.00045, 1e-05, 0.00437, 0.02011, 0.00424, 0.00018, 0, 0.00019, 0.00045, 0.00018, 2e-05, 0, 0, 1e-05, 0, 0, 0], [0.00019, 0.00437, 0.02075, 0.00437, 0.00019, 0.00046, 0.02011, 0.89913, 0.02011, 0.00046, 0.00019, 0.00424, 0.02012, 0.00424, 0.00019, 2e-05, 0.00018, 0.00045, 0.00018, 2e-05, 0, 0, 1e-05, 0, 0], [0, 0.00019, 0.00437, 0.02075, 0.00449, 1e-05, 0.00045, 0.02011, 0.8991, 0.02075, 0, 0.00018, 0.00424, 0.02011, 0.00437, 0, 2e-05, 0.00018, 0.00045, 0.00019, 0, 0, 0, 1e-05, 0], [0, 0, 0.00019, 0.00437, 0.02132, 0, 1e-05, 0.00045, 0.02011, 0.92769, 0, 0, 0.00018, 0.00424, 0.02075, 0, 0, 2e-05, 0.00018, 0.00046, 0, 0, 0, 0, 1e-05], [0.00048, 0.00019, 2e-05, 0, 0, 0.02075, 0.00424, 0.00018, 0, 0, 0.92771, 0.02011, 0.00045, 1e-05, 0, 0.02075, 0.00424, 0.00018, 0, 0, 0.00048, 0.00019, 2e-05, 0, 0], [0.00019, 0.00046, 0.00019, 2e-05, 0, 0.00437, 0.02011, 0.00424, 0.00018, 0, 0.02075, 0.89913, 0.02012, 0.00045, 1e-05, 0.00437, 0.02011, 0.00424, 0.00018, 0, 0.00019, 0.00046, 0.00019, 2e-05, 0], [2e-05, 0.00019, 0.00046, 0.00019, 2e-05, 0.00019, 0.00424, 0.02011, 0.00424, 0.00019, 0.00046, 0.02011, 0.89917, 0.02011, 0.00046, 0.00019, 0.00424, 0.02011, 0.00424, 0.00019, 2e-05, 0.00019, 0.00046, 0.00019, 2e-05], [0, 2e-05, 0.00019, 0.00046, 0.00019, 0, 0.00018, 0.00424, 0.02011, 0.00437, 1e-05, 0.00045, 0.02012, 0.89913, 0.02075, 0, 0.00018, 0.00424, 0.02011, 0.00437, 0, 2e-05, 0.00019, 0.00046, 0.00019], [0, 0, 2e-05, 0.00019, 0.00048, 0, 0, 0.00018, 0.00424, 0.02075, 0, 1e-05, 0.00045, 0.02011, 0.92771, 0, 0, 0.00018, 0.00424, 0.02075, 0, 0, 2e-05, 0.00019, 0.00048], [1e-05, 0, 0, 0, 0, 0.00046, 0.00018, 2e-05, 0, 0, 0.02075, 0.00424, 0.00018, 0, 0, 0.92769, 0.02011, 0.00045, 1e-05, 0, 0.02132, 0.00437, 0.00019, 0, 0], [0, 1e-05, 0, 0, 0, 0.00019, 0.00045, 0.00018, 2e-05, 0, 0.00437, 0.02011, 0.00424, 0.00018, 0, 0.02075, 0.8991, 0.02011, 0.00045, 1e-05, 0.00449, 0.02075, 0.00437, 0.00019, 0], [0, 0, 1e-05, 0, 0, 2e-05, 0.00018, 0.00045, 0.00018, 2e-05, 0.00019, 0.00424, 0.02012, 0.00424, 0.00019, 0.00046, 0.02011, 0.89913, 0.02011, 0.00046, 0.00019, 0.00437, 0.02075, 0.00437, 0.00019], [0, 0, 0, 1e-05, 0, 0, 2e-05, 0.00018, 0.00045, 0.00019, 0, 0.00018, 0.00424, 0.02011, 0.00437, 1e-05, 0.00045, 0.02011, 0.8991, 0.02075, 0, 0.00019, 0.00437, 0.02075, 0.00449], [0, 0, 0, 0, 1e-05, 0, 0, 2e-05, 0.00018, 0.00046, 0, 0, 0.00018, 0.00424, 0.02075, 0, 1e-05, 0.00045, 0.02011, 0.92769, 0, 0, 0.00019, 0.00437, 0.02132], [0, 0, 0, 0, 0, 1e-05, 0, 0, 0, 0, 0.00046, 0.00018, 2e-05, 0, 0, 0.02075, 0.00424, 0.00018, 0, 0, 0.95291, 0.02075, 0.00046, 1e-05, 0], [0, 0, 0, 0, 0, 0, 1e-05, 0, 0, 0, 0.00019, 0.00045, 0.00018, 2e-05, 0, 0.00437, 0.02011, 0.00424, 0.00018, 0, 0.02132, 0.92769, 0.02075, 0.00046, 1e-05], [0, 0, 0, 0, 0, 0, 0, 1e-05, 0, 0, 2e-05, 0.00018, 0.00045, 0.00018, 2e-05, 0.00019, 0.00424, 0.02011, 0.00424, 0.00019, 0.00048, 0.02075, 0.92771, 0.02075, 0.00048], [0, 0, 0, 0, 0, 0, 0, 0, 1e-05, 0, 0, 2e-05, 0.00018, 0.00045, 0.00019, 0, 0.00018, 0.00424, 0.02011, 0.00437, 1e-05, 0.00046, 0.02075, 0.92769, 0.02132], [0, 0, 0, 0, 0, 0, 0, 0, 0, 1e-05, 0, 0, 2e-05, 0.00018, 0.00046, 0, 0, 0.00018, 0.00424, 0.02075, 0, 1e-05, 0.00046, 0.02075, 0.95291]]