[[0.34168, 0.22257, 0.03164, 0.01289, 0.00419, 0.22257, 0.0418, 0.01571, 0.0061, 0.00376, 0.03164, 0.01571, 0.00623, 0.00348, 0.00209, 0.01289, 0.0061, 0.00348, 0.00188, 0.00143, 0.00419, 0.00376, 0.00209, 0.00143, 0.00069], [0.11374, 0.34941, 0.09505, 0.03872, 0.0126, 0.07409, 0.12556, 0.0472, 0.01677, 0.01081, 0.0243, 0.02046, 0.01179, 0.0083, 0.00538, 0.01081, 0.00727, 0.00571, 0.00372, 0.00333, 0.00368, 0.00429, 0.00307, 0.00256, 0.0014], [0.03786, 0.11631, 0.28553, 0.11631, 0.03786, 0.02973, 0.0418, 0.14179, 0.0418, 0.02973, 0.01284, 0.01571, 0.01535, 0.01571, 0.01284, 0.00659, 0.0061, 0.00744, 0.0061, 0.00659, 0.0025, 0.00376, 0.00351, 0.00376, 0.0025], [0.0126, 0.03872, 0.09505, 0.34941, 0.11374, 0.01081, 0.01677, 0.0472, 0.12556, 0.07409, 0.00538, 0.0083, 0.01179, 0.02046, 0.0243, 0.00333, 0.00372, 0.00571, 0.00727, 0.01081, 0.0014, 0.00256, 0.00307, 0.00429, 0.00368], [0.00419, 0.01289, 0.03164, 0.22257, 0.34168, 0.00376, 0.0061, 0.01571, 0.0418, 0.22257, 0.00209, 0.00348, 0.00623, 0.01571, 0.03164, 0.00143, 0.00188, 0.00348, 0.0061, 0.01289, 0.00069, 0.00143, 0.00209, 0.00376, 0.00419], [0.11374, 0.07409, 0.0243, 0.01081, 0.00368, 0.34941, 0.12556, 0.02046, 0.00727, 0.00429, 0.09505, 0.0472, 0.01179, 0.00571, 0.00307, 0.03872, 0.01677, 0.0083, 0.00372, 0.00256, 0.0126, 0.01081, 0.00538, 0.00333, 0.0014], [0.07245, 0.11631, 0.06054, 0.02973, 0.01057, 0.11631, 0.19712, 0.06146, 0.02184, 0.01289, 0.06054, 0.06146, 0.02937, 0.01571, 0.00883, 0.02973, 0.02184, 0.01571, 0.00886, 0.00659, 0.01057, 0.01289, 0.00883, 0.00659, 0.00326], [0.02908, 0.07409, 0.09505, 0.07409, 0.02908, 0.03872, 0.06561, 0.18463, 0.06561, 0.03872, 0.0243, 0.03915, 0.0461, 0.03915, 0.0243, 0.01571, 0.01677, 0.02234, 0.01677, 0.01571, 0.00644, 0.01081, 0.01053, 0.01081, 0.00644], [0.01057, 0.02973, 0.06054, 0.11631, 0.07245, 0.01289, 0.02184, 0.06146, 0.19712, 0.11631, 0.00883, 0.01571, 0.02937, 0.06146, 0.06054, 0.00659, 0.00886, 0.01571, 0.02184, 0.02973, 0.00326, 0.00659, 0.00883, 0.01289, 0.01057], [0.00368, 0.01081, 0.0243, 0.07409, 0.11374, 0.00429, 0.00727, 0.02046, 0.12556, 0.34941, 0.00307, 0.00571, 0.01179, 0.0472, 0.09505, 0.00256, 0.00372, 0.0083, 0.01677, 0.03872, 0.0014, 0.00333, 0.00538, 0.01081, 0.0126], [0.03786, 0.02973, 0.01284, 0.00659, 0.0025, 0.11631, 0.0418, 0.01571, 0.0061, 0.00376, 0.28553, 0.14179, 0.01535, 0.00744, 0.00351, 0.11631, 0.0418, 0.01571, 0.0061, 0.00376, 0.03786, 0.02973, 0.01284, 0.00659, 0.0025], [0.02908, 0.03872, 0.0243, 0.01571, 0.00644, 0.07409, 0.06561, 0.03915, 0.01677, 0.01081, 0.09505, 0.18463, 0.0461, 0.02234, 0.01053, 0.07409, 0.06561, 0.03915, 0.01677, 0.01081, 0.02908, 0.03872, 0.0243, 0.01571, 0.00644], [0.01536, 0.02973, 0.03164, 0.02973, 0.01536, 0.02973, 0.0418, 0.06711, 0.0418, 0.02973, 0.03164, 0.06711, 0.1385, 0.06711, 0.03164, 0.02973, 0.0418, 0.06711, 0.0418, 0.02973, 0.01536, 0.02973, 0.03164, 0.02973, 0.01536], [0.00644, 0.01571, 0.0243, 0.03872, 0.02908, 0.01081, 0.01677, 0.03915, 0.06561, 0.07409, 0.01053, 0.02234, 0.0461, 0.18463, 0.09505, 0.01081, 0.01677, 0.03915, 0.06561, 0.07409, 0.00644, 0.01571, 0.0243, 0.03872, 0.02908], [0.0025, 0.00659, 0.01284, 0.02973, 0.03786, 0.00376, 0.0061, 0.01571, 0.0418, 0.11631, 0.00351, 0.00744, 0.01535, 0.14179, 0.28553, 0.00376, 0.0061, 0.01571, 0.0418, 0.11631, 0.0025, 0.00659, 0.01284, 0.02973, 0.03786], [0.0126, 0.01081, 0.00538, 0.00333, 0.0014, 0.03872, 0.01677, 0.0083, 0.00372, 0.00256, 0.09505, 0.0472, 0.01179, 0.00571, 0.00307, 0.34941, 0.12556, 0.02046, 0.00727, 0.00429, 0.11374, 0.07409, 0.0243, 0.01081, 0.00368], [0.01057, 0.01289, 0.00883, 0.00659, 0.00326, 0.02973, 0.02184, 0.01571, 0.00886, 0.00659, 0.06054, 0.06146, 0.02937, 0.01571, 0.00883, 0.11631, 0.19712, 0.06146, 0.02184, 0.01289, 0.07245, 0.11631, 0.06054, 0.02973, 0.01057], [0.00644, 0.01081, 0.01053, 0.01081, 0.00644, 0.01571, 0.01677, 0.02234, 0.01677, 0.01571, 0.0243, 0.03915, 0.0461, 0.03915, 0.0243, 0.03872, 0.06561, 0.18463, 0.06561, 0.03872, 0.02908, 0.07409, 0.09505, 0.07409, 0.02908], [0.00326, 0.00659, 0.00883, 0.01289, 0.01057, 0.00659, 0.00886, 0.01571, 0.02184, 0.02973, 0.00883, 0.01571, 0.02937, 0.06146, 0.06054, 0.01289, 0.02184, 0.06146, 0.19712, 0.11631, 0.01057, 0.02973, 0.06054, 0.11631, 0.07245], [0.0014, 0.00333, 0.00538, 0.01081, 0.0126, 0.00256, 0.00372, 0.0083, 0.01677, 0.03872, 0.00307, 0.00571, 0.01179, 0.0472, 0.09505, 0.00429, 0.00727, 0.02046, 0.12556, 0.34941, 0.00368, 0.01081, 0.0243, 0.07409, 0.11374], [0.00419, 0.00376, 0.00209, 0.00143, 0.00069, 0.01289, 0.0061, 0.00348, 0.00188, 0.00143, 0.03164, 0.01571, 0.00623, 0.00348, 0.00209, 0.22257, 0.0418, 0.01571, 0.0061, 0.00376, 0.34168, 0.22257, 0.03164, 0.01289, 0.00419], [0.00368, 0.00429, 0.00307, 0.00256, 0.0014, 0.01081, 0.00727, 0.00571, 0.00372, 0.00333, 0.0243, 0.02046, 0.01179, 0.0083, 0.00538, 0.07409, 0.12556, 0.0472, 0.01677, 0.01081, 0.11374, 0.34941, 0.09505, 0.03872, 0.0126], [0.0025, 0.00376, 0.00351, 0.00376, 0.0025, 0.00659, 0.0061, 0.00744, 0.0061, 0.00659, 0.01284, 0.01571, 0.01535, 0.01571, 0.01284, 0.02973, 0.0418, 0.14179, 0.0418, 0.02973, 0.03786, 0.11631, 0.28553, 0.11631, 0.03786], [0.0014, 0.00256, 0.00307, 0.00429, 0.00368, 0.00333, 0.00372, 0.00571, 0.00727, 0.01081, 0.00538, 0.0083, 0.01179, 0.02046, 0.0243, 0.01081, 0.01677, 0.0472, 0.12556, 0.07409, 0.0126, 0.03872, 0.09505, 0.34941, 0.11374], [0.00069, 0.00143, 0.00209, 0.00376, 0.00419, 0.00143, 0.00188, 0.00348, 0.0061, 0.01289, 0.00209, 0.00348, 0.00623, 0.01571, 0.03164, 0.00376, 0.0061, 0.01571, 0.0418, 0.22257, 0.00419, 0.01289, 0.03164, 0.22257, 0.34168]]