[[0.82512, 0.06639, 0.00603, 0.00055, 6e-05, 0.06639, 0.02127, 0.00291, 0.00032, 4e-05, 0.00603, 0.00291, 0.00073, 0.00011, 2e-05, 0.00055, 0.00032, 0.00011, 2e-05, 0, 6e-05, 4e-05, 2e-05, 0, 0], [0.07485, 0.73188, 0.0665, 0.00602, 0.00062, 0.02482, 0.05691, 0.02134, 0.0029, 0.00037, 0.00339, 0.00518, 0.00292, 0.00072, 0.00013, 0.00037, 0.00047, 0.00032, 0.00011, 3e-05, 4e-05, 5e-05, 4e-05, 2e-05, 0], [0.00679, 0.06639, 0.73299, 0.06639, 0.00679, 0.00339, 0.02127, 0.0571, 0.02127, 0.00339, 0.00084, 0.00291, 0.0052, 0.00291, 0.00084, 0.00013, 0.00032, 0.00047, 0.00032, 0.00013, 2e-05, 4e-05, 5e-05, 4e-05, 2e-05], [0.00062, 0.00602, 0.0665, 0.73188, 0.07485, 0.00037, 0.0029, 0.02134, 0.05691, 0.02482, 0.00013, 0.00072, 0.00292, 0.00518, 0.00339, 3e-05, 0.00011, 0.00032, 0.00047, 0.00037, 0, 2e-05, 4e-05, 5e-05, 4e-05], [6e-05, 0.00055, 0.00603, 0.06639, 0.82512, 4e-05, 0.00032, 0.00291, 0.02127, 0.06639, 2e-05, 0.00011, 0.00073, 0.00291, 0.00603, 0, 2e-05, 0.00011, 0.00032, 0.00055, 0, 0, 2e-05, 4e-05, 6e-05], [0.07485, 0.02482, 0.00339, 0.00037, 4e-05, 0.73188, 0.05691, 0.00518, 0.00047, 5e-05, 0.0665, 0.02134, 0.00292, 0.00032, 4e-05, 0.00602, 0.0029, 0.00072, 0.00011, 2e-05, 0.00062, 0.00037, 0.00013, 3e-05, 0], [0.02798, 0.06639, 0.02486, 0.00339, 0.00042, 0.06639, 0.62731, 0.0571, 0.00516, 0.00055, 0.02486, 0.0571, 0.02142, 0.00291, 0.00037, 0.00339, 0.00516, 0.00291, 0.00072, 0.00013, 0.00042, 0.00055, 0.00037, 0.00013, 3e-05], [0.00382, 0.02482, 0.0665, 0.02482, 0.00382, 0.00602, 0.05691, 0.62937, 0.05691, 0.00602, 0.00339, 0.02134, 0.05729, 0.02134, 0.00339, 0.00084, 0.0029, 0.00518, 0.0029, 0.00084, 0.00014, 0.00037, 0.00055, 0.00037, 0.00014], [0.00042, 0.00339, 0.02486, 0.06639, 0.02798, 0.00055, 0.00516, 0.0571, 0.62731, 0.06639, 0.00037, 0.00291, 0.02142, 0.0571, 0.02486, 0.00013, 0.00072, 0.00291, 0.00516, 0.00339, 3e-05, 0.00013, 0.00037, 0.00055, 0.00042], [4e-05, 0.00037, 0.00339, 0.02482, 0.07485, 5e-05, 0.00047, 0.00518, 0.05691, 0.73188, 4e-05, 0.00032, 0.00292, 0.02134, 0.0665, 2e-05, 0.00011, 0.00072, 0.0029, 0.00602, 0, 3e-05, 0.00013, 0.00037, 0.00062], [0.00679, 0.00339, 0.00084, 0.00013, 2e-05, 0.06639, 0.02127, 0.00291, 0.00032, 4e-05, 0.73299, 0.0571, 0.0052, 0.00047, 5e-05, 0.06639, 0.02127, 0.00291, 0.00032, 4e-05, 0.00679, 0.00339, 0.00084, 0.00013, 2e-05], [0.00382, 0.00602, 0.00339, 0.00084, 0.00014, 0.02482, 0.05691, 0.02134, 0.0029, 0.00037, 0.0665, 0.62937, 0.05729, 0.00518, 0.00055, 0.02482, 0.05691, 0.02134, 0.0029, 0.00037, 0.00382, 0.00602, 0.00339, 0.00084, 0.00014], [0.00095, 0.00339, 0.00603, 0.00339, 0.00095, 0.00339, 0.02127, 0.0571, 0.02127, 0.00339, 0.00603, 0.0571, 0.63152, 0.0571, 0.00603, 0.00339, 0.02127, 0.0571, 0.02127, 0.00339, 0.00095, 0.00339, 0.00603, 0.00339, 0.00095], [0.00014, 0.00084, 0.00339, 0.00602, 0.00382, 0.00037, 0.0029, 0.02134, 0.05691, 0.02482, 0.00055, 0.00518, 0.05729, 0.62937, 0.0665, 0.00037, 0.0029, 0.02134, 0.05691, 0.02482, 0.00014, 0.00084, 0.00339, 0.00602, 0.00382], [2e-05, 0.00013, 0.00084, 0.00339, 0.00679, 4e-05, 0.00032, 0.00291, 0.02127, 0.06639, 5e-05, 0.00047, 0.0052, 0.0571, 0.73299, 4e-05, 0.00032, 0.00291, 0.02127, 0.06639, 2e-05, 0.00013, 0.00084, 0.00339, 0.00679], [0.00062, 0.00037, 0.00013, 3e-05, 0, 0.00602, 0.0029, 0.00072, 0.00011, 2e-05, 0.0665, 0.02134, 0.00292, 0.00032, 4e-05, 0.73188, 0.05691, 0.00518, 0.00047, 5e-05, 0.07485, 0.02482, 0.00339, 0.00037, 4e-05], [0.00042, 0.00055, 0.00037, 0.00013, 3e-05, 0.00339, 0.00516, 0.00291, 0.00072, 0.00013, 0.02486, 0.0571, 0.02142, 0.00291, 0.00037, 0.06639, 0.62731, 0.0571, 0.00516, 0.00055, 0.02798, 0.06639, 0.02486, 0.00339, 0.00042], [0.00014, 0.00037, 0.00055, 0.00037, 0.00014, 0.00084, 0.0029, 0.00518, 0.0029, 0.00084, 0.00339, 0.02134, 0.05729, 0.02134, 0.00339, 0.00602, 0.05691, 0.62937, 0.05691, 0.00602, 0.00382, 0.02482, 0.0665, 0.02482, 0.00382], [3e-05, 0.00013, 0.00037, 0.00055, 0.00042, 0.00013, 0.00072, 0.00291, 0.00516, 0.00339, 0.00037, 0.00291, 0.02142, 0.0571, 0.02486, 0.00055, 0.00516, 0.0571, 0.62731, 0.06639, 0.00042, 0.00339, 0.02486, 0.06639, 0.02798], [0, 3e-05, 0.00013, 0.00037, 0.00062, 2e-05, 0.00011, 0.00072, 0.0029, 0.00602, 4e-05, 0.00032, 0.00292, 0.02134, 0.0665, 5e-05, 0.00047, 0.00518, 0.05691, 0.73188, 4e-05, 0.00037, 0.00339, 0.02482, 0.07485], [6e-05, 4e-05, 2e-05, 0, 0, 0.00055, 0.00032, 0.00011, 2e-05, 0, 0.00603, 0.00291, 0.00073, 0.00011, 2e-05, 0.06639, 0.02127, 0.00291, 0.00032, 4e-05, 0.82512, 0.06639, 0.00603, 0.00055, 6e-05], [4e-05, 5e-05, 4e-05, 2e-05, 0, 0.00037, 0.00047, 0.00032, 0.00011, 3e-05, 0.00339, 0.00518, 0.00292, 0.00072, 0.00013, 0.02482, 0.05691, 0.02134, 0.0029, 0.00037, 0.07485, 0.73188, 0.0665, 0.00602, 0.00062], [2e-05, 4e-05, 5e-05, 4e-05, 2e-05, 0.00013, 0.00032, 0.00047, 0.00032, 0.00013, 0.00084, 0.00291, 0.0052, 0.00291, 0.00084, 0.00339, 0.02127, 0.0571, 0.02127, 0.00339, 0.00679, 0.06639, 0.73299, 0.06639, 0.00679], [0, 2e-05, 4e-05, 5e-05, 4e-05, 3e-05, 0.00011, 0.00032, 0.00047, 0.00037, 0.00013, 0.00072, 0.00292, 0.00518, 0.00339, 0.00037, 0.0029, 0.02134, 0.05691, 0.02482, 0.00062, 0.00602, 0.0665, 0.73188, 0.07485], [0, 0, 2e-05, 4e-05, 6e-05, 0, 2e-05, 0.00011, 0.00032, 0.00055, 2e-05, 0.00011, 0.00073, 0.00291, 0.00603, 4e-05, 0.00032, 0.00291, 0.02127, 0.06639, 6e-05, 0.00055, 0.00603, 0.06639, 0.82512]]