[[0.87428, 0.05653, 0.00393, 0.00027, 2e-05, 0.05653, 0.00365, 0.00025, 2e-05, 0, 0.00393, 0.00025, 2e-05, 0, 0, 0.00027, 2e-05, 0, 0, 0, 2e-05, 0, 0, 0, 0], [0.06075, 0.81353, 0.05653, 0.00393, 0.00029, 0.00393, 0.0526, 0.00365, 0.00025, 2e-05, 0.00027, 0.00365, 0.00025, 2e-05, 0, 2e-05, 0.00025, 2e-05, 0, 0, 0, 2e-05, 0, 0, 0], [0.00422, 0.05653, 0.81353, 0.05653, 0.00422, 0.00027, 0.00365, 0.0526, 0.00365, 0.00027, 2e-05, 0.00025, 0.00365, 0.00025, 2e-05, 0, 2e-05, 0.00025, 2e-05, 0, 0, 0, 2e-05, 0, 0], [0.00029, 0.00393, 0.05653, 0.81353, 0.06075, 2e-05, 0.00025, 0.00365, 0.0526, 0.00393, 0, 2e-05, 0.00025, 0.00365, 0.00027, 0, 0, 2e-05, 0.00025, 2e-05, 0, 0, 0, 2e-05, 0], [2e-05, 0.00027, 0.00393, 0.05653, 0.87428, 0, 2e-05, 0.00025, 0.00365, 0.05653, 0, 0, 2e-05, 0.00025, 0.00393, 0, 0, 0, 2e-05, 0.00027, 0, 0, 0, 0, 2e-05], [0.06075, 0.00393, 0.00027, 2e-05, 0, 0.81353, 0.0526, 0.00365, 0.00025, 2e-05, 0.05653, 0.00365, 0.00025, 2e-05, 0, 0.00393, 0.00025, 2e-05, 0, 0, 0.00029, 2e-05, 0, 0, 0], [0.00422, 0.05653, 0.00393, 0.00027, 2e-05, 0.05653, 0.75701, 0.0526, 0.00365, 0.00027, 0.00393, 0.0526, 0.00365, 0.00025, 2e-05, 0.00027, 0.00365, 0.00025, 2e-05, 0, 2e-05, 0.00027, 2e-05, 0, 0], [0.00029, 0.00393, 0.05653, 0.00393, 0.00029, 0.00393, 0.0526, 0.75701, 0.0526, 0.00393, 0.00027, 0.00365, 0.0526, 0.00365, 0.00027, 2e-05, 0.00025, 0.00365, 0.00025, 2e-05, 0, 2e-05, 0.00027, 2e-05, 0], [2e-05, 0.00027, 0.00393, 0.05653, 0.00422, 0.00027, 0.00365, 0.0526, 0.75701, 0.05653, 2e-05, 0.00025, 0.00365, 0.0526, 0.00393, 0, 2e-05, 0.00025, 0.00365, 0.00027, 0, 0, 2e-05, 0.00027, 2e-05], [0, 2e-05, 0.00027, 0.00393, 0.06075, 2e-05, 0.00025, 0.00365, 0.0526, 0.81353, 0, 2e-05, 0.00025, 0.00365, 0.05653, 0, 0, 2e-05, 0.00025, 0.00393, 0, 0, 0, 2e-05, 0.00029], [0.00422, 0.00027, 2e-05, 0, 0, 0.05653, 0.00365, 0.00025, 2e-05, 0, 0.81353, 0.0526, 0.00365, 0.00025, 2e-05, 0.05653, 0.00365, 0.00025, 2e-05, 0, 0.00422, 0.00027, 2e-05, 0, 0], [0.00029, 0.00393, 0.00027, 2e-05, 0, 0.00393, 0.0526, 0.00365, 0.00025, 2e-05, 0.05653, 0.75701, 0.0526, 0.00365, 0.00027, 0.00393, 0.0526, 0.00365, 0.00025, 2e-05, 0.00029, 0.00393, 0.00027, 2e-05, 0], [2e-05, 0.00027, 0.00393, 0.00027, 2e-05, 0.00027, 0.00365, 0.0526, 0.00365, 0.00027, 0.00393, 0.0526, 0.75701, 0.0526, 0.00393, 0.00027, 0.00365, 0.0526, 0.00365, 0.00027, 2e-05, 0.00027, 0.00393, 0.00027, 2e-05], [0, 2e-05, 0.00027, 0.00393, 0.00029, 2e-05, 0.00025, 0.00365, 0.0526, 0.00393, 0.00027, 0.00365, 0.0526, 0.75701, 0.05653, 2e-05, 0.00025, 0.00365, 0.0526, 0.00393, 0, 2e-05, 0.00027, 0.00393, 0.00029], [0, 0, 2e-05, 0.00027, 0.00422, 0, 2e-05, 0.00025, 0.00365, 0.05653, 2e-05, 0.00025, 0.00365, 0.0526, 0.81353, 0, 2e-05, 0.00025, 0.00365, 0.05653, 0, 0, 2e-05, 0.00027, 0.00422], [0.00029, 2e-05, 0, 0, 0, 0.00393, 0.00025, 2e-05, 0, 0, 0.05653, 0.00365, 0.00025, 2e-05, 0, 0.81353, 0.0526, 0.00365, 0.00025, 2e-05, 0.06075, 0.00393, 0.00027, 2e-05, 0], [2e-05, 0.00027, 2e-05, 0, 0, 0.00027, 0.00365, 0.00025, 2e-05, 0, 0.00393, 0.0526, 0.00365, 0.00025, 2e-05, 0.05653, 0.75701, 0.0526, 0.00365, 0.00027, 0.00422, 0.05653, 0.00393, 0.00027, 2e-05], [0, 2e-05, 0.00027, 2e-05, 0, 2e-05, 0.00025, 0.00365, 0.00025, 2e-05, 0.00027, 0.00365, 0.0526, 0.00365, 0.00027, 0.00393, 0.0526, 0.75701, 0.0526, 0.00393, 0.00029, 0.00393, 0.05653, 0.00393, 0.00029], [0, 0, 2e-05, 0.00027, 2e-05, 0, 2e-05, 0.00025, 0.00365, 0.00027, 2e-05, 0.00025, 0.00365, 0.0526, 0.00393, 0.00027, 0.00365, 0.0526, 0.75701, 0.05653, 2e-05, 0.00027, 0.00393, 0.05653, 0.00422], [0, 0, 0, 2e-05, 0.00029, 0, 0, 2e-05, 0.00025, 0.00393, 0, 2e-05, 0.00025, 0.00365, 0.05653, 2e-05, 0.00025, 0.00365, 0.0526, 0.81353, 0, 2e-05, 0.00027, 0.00393, 0.06075], [2e-05, 0, 0, 0, 0, 0.00027, 2e-05, 0, 0, 0, 0.00393, 0.00025, 2e-05, 0, 0, 0.05653, 0.00365, 0.00025, 2e-05, 0, 0.87428, 0.05653, 0.00393, 0.00027, 2e-05], [0, 2e-05, 0, 0, 0, 2e-05, 0.00025, 2e-05, 0, 0, 0.00027, 0.00365, 0.00025, 2e-05, 0, 0.00393, 0.0526, 0.00365, 0.00025, 2e-05, 0.06075, 0.81353, 0.05653, 0.00393, 0.00029], [0, 0, 2e-05, 0, 0, 0, 2e-05, 0.00025, 2e-05, 0, 2e-05, 0.00025, 0.00365, 0.00025, 2e-05, 0.00027, 0.00365, 0.0526, 0.00365, 0.00027, 0.00422, 0.05653, 0.81353, 0.05653, 0.00422], [0, 0, 0, 2e-05, 0, 0, 0, 2e-05, 0.00025, 2e-05, 0, 2e-05, 0.00025, 0.00365, 0.00027, 2e-05, 0.00025, 0.00365, 0.0526, 0.00393, 0.00029, 0.00393, 0.05653, 0.81353, 0.06075], [0, 0, 0, 0, 2e-05, 0, 0, 0, 2e-05, 0.00027, 0, 0, 2e-05, 0.00025, 0.00393, 0, 2e-05, 0.00025, 0.00365, 0.05653, 2e-05, 0.00027, 0.00393, 0.05653, 0.87428]]