[[0.91724, 0.03507, 0.00141, 6e-05, 0, 0.03507, 0.00884, 0.00036, 1e-05, 0, 0.00141, 0.00036, 0.0001, 0, 0, 6e-05, 1e-05, 0, 0, 0, 0, 0, 0, 0, 0], [0.03686, 0.8727, 0.03508, 0.00141, 6e-05, 0.00939, 0.03302, 0.00885, 0.00036, 2e-05, 0.00038, 0.00133, 0.00036, 0.0001, 0, 2e-05, 5e-05, 1e-05, 0, 0, 0, 0, 0, 0, 0], [0.00148, 0.03507, 0.87307, 0.03507, 0.00148, 0.00038, 0.00884, 0.03306, 0.00884, 0.00038, 0.0001, 0.00036, 0.00133, 0.00036, 0.0001, 0, 1e-05, 5e-05, 1e-05, 0, 0, 0, 0, 0, 0], [6e-05, 0.00141, 0.03508, 0.8727, 0.03686, 2e-05, 0.00036, 0.00885, 0.03302, 0.00939, 0, 0.0001, 0.00036, 0.00133, 0.00038, 0, 0, 1e-05, 5e-05, 2e-05, 0, 0, 0, 0, 0], [0, 6e-05, 0.00141, 0.03507, 0.91724, 0, 1e-05, 0.00036, 0.00884, 0.03507, 0, 0, 0.0001, 0.00036, 0.00141, 0, 0, 0, 1e-05, 6e-05, 0, 0, 0, 0, 0], [0.03686, 0.00939, 0.00038, 2e-05, 0, 0.8727, 0.03302, 0.00133, 5e-05, 0, 0.03508, 0.00885, 0.00036, 1e-05, 0, 0.00141, 0.00036, 0.0001, 0, 0, 6e-05, 2e-05, 0, 0, 0], [0.00987, 0.03507, 0.00939, 0.00038, 2e-05, 0.03507, 0.82184, 0.03306, 0.00133, 6e-05, 0.00939, 0.03306, 0.00886, 0.00036, 2e-05, 0.00038, 0.00133, 0.00036, 0.0001, 0, 2e-05, 6e-05, 2e-05, 0, 0], [0.0004, 0.00939, 0.03508, 0.00939, 0.0004, 0.00141, 0.03302, 0.8226, 0.03302, 0.00141, 0.00038, 0.00885, 0.03308, 0.00885, 0.00038, 0.0001, 0.00036, 0.00133, 0.00036, 0.0001, 0, 2e-05, 6e-05, 2e-05, 0], [2e-05, 0.00038, 0.00939, 0.03507, 0.00987, 6e-05, 0.00133, 0.03306, 0.82184, 0.03507, 2e-05, 0.00036, 0.00886, 0.03306, 0.00939, 0, 0.0001, 0.00036, 0.00133, 0.00038, 0, 0, 2e-05, 6e-05, 2e-05], [0, 2e-05, 0.00038, 0.00939, 0.03686, 0, 5e-05, 0.00133, 0.03302, 0.8727, 0, 1e-05, 0.00036, 0.00885, 0.03508, 0, 0, 0.0001, 0.00036, 0.00141, 0, 0, 0, 2e-05, 6e-05], [0.00148, 0.00038, 0.0001, 0, 0, 0.03507, 0.00884, 0.00036, 1e-05, 0, 0.87307, 0.03306, 0.00133, 5e-05, 0, 0.03507, 0.00884, 0.00036, 1e-05, 0, 0.00148, 0.00038, 0.0001, 0, 0], [0.0004, 0.00141, 0.00038, 0.0001, 0, 0.00939, 0.03302, 0.00885, 0.00036, 2e-05, 0.03508, 0.8226, 0.03308, 0.00133, 6e-05, 0.00939, 0.03302, 0.00885, 0.00036, 2e-05, 0.0004, 0.00141, 0.00038, 0.0001, 0], [0.00011, 0.00038, 0.00141, 0.00038, 0.00011, 0.00038, 0.00884, 0.03306, 0.00884, 0.00038, 0.00141, 0.03306, 0.82333, 0.03306, 0.00141, 0.00038, 0.00884, 0.03306, 0.00884, 0.00038, 0.00011, 0.00038, 0.00141, 0.00038, 0.00011], [0, 0.0001, 0.00038, 0.00141, 0.0004, 2e-05, 0.00036, 0.00885, 0.03302, 0.00939, 6e-05, 0.00133, 0.03308, 0.8226, 0.03508, 2e-05, 0.00036, 0.00885, 0.03302, 0.00939, 0, 0.0001, 0.00038, 0.00141, 0.0004], [0, 0, 0.0001, 0.00038, 0.00148, 0, 1e-05, 0.00036, 0.00884, 0.03507, 0, 5e-05, 0.00133, 0.03306, 0.87307, 0, 1e-05, 0.00036, 0.00884, 0.03507, 0, 0, 0.0001, 0.00038, 0.00148], [6e-05, 2e-05, 0, 0, 0, 0.00141, 0.00036, 0.0001, 0, 0, 0.03508, 0.00885, 0.00036, 1e-05, 0, 0.8727, 0.03302, 0.00133, 5e-05, 0, 0.03686, 0.00939, 0.00038, 2e-05, 0], [2e-05, 6e-05, 2e-05, 0, 0, 0.00038, 0.00133, 0.00036, 0.0001, 0, 0.00939, 0.03306, 0.00886, 0.00036, 2e-05, 0.03507, 0.82184, 0.03306, 0.00133, 6e-05, 0.00987, 0.03507, 0.00939, 0.00038, 2e-05], [0, 2e-05, 6e-05, 2e-05, 0, 0.0001, 0.00036, 0.00133, 0.00036, 0.0001, 0.00038, 0.00885, 0.03308, 0.00885, 0.00038, 0.00141, 0.03302, 0.8226, 0.03302, 0.00141, 0.0004, 0.00939, 0.03508, 0.00939, 0.0004], [0, 0, 2e-05, 6e-05, 2e-05, 0, 0.0001, 0.00036, 0.00133, 0.00038, 2e-05, 0.00036, 0.00886, 0.03306, 0.00939, 6e-05, 0.00133, 0.03306, 0.82184, 0.03507, 2e-05, 0.00038, 0.00939, 0.03507, 0.00987], [0, 0, 0, 2e-05, 6e-05, 0, 0, 0.0001, 0.00036, 0.00141, 0, 1e-05, 0.00036, 0.00885, 0.03508, 0, 5e-05, 0.00133, 0.03302, 0.8727, 0, 2e-05, 0.00038, 0.00939, 0.03686], [0, 0, 0, 0, 0, 6e-05, 1e-05, 0, 0, 0, 0.00141, 0.00036, 0.0001, 0, 0, 0.03507, 0.00884, 0.00036, 1e-05, 0, 0.91724, 0.03507, 0.00141, 6e-05, 0], [0, 0, 0, 0, 0, 2e-05, 5e-05, 1e-05, 0, 0, 0.00038, 0.00133, 0.00036, 0.0001, 0, 0.00939, 0.03302, 0.00885, 0.00036, 2e-05, 0.03686, 0.8727, 0.03508, 0.00141, 6e-05], [0, 0, 0, 0, 0, 0, 1e-05, 5e-05, 1e-05, 0, 0.0001, 0.00036, 0.00133, 0.00036, 0.0001, 0.00038, 0.00884, 0.03306, 0.00884, 0.00038, 0.00148, 0.03507, 0.87307, 0.03507, 0.00148], [0, 0, 0, 0, 0, 0, 0, 1e-05, 5e-05, 2e-05, 0, 0.0001, 0.00036, 0.00133, 0.00038, 2e-05, 0.00036, 0.00885, 0.03302, 0.00939, 6e-05, 0.00141, 0.03508, 0.8727, 0.03686], [0, 0, 0, 0, 0, 0, 0, 0, 1e-05, 6e-05, 0, 0, 0.0001, 0.00036, 0.00141, 0, 1e-05, 0.00036, 0.00884, 0.03507, 0, 6e-05, 0.00141, 0.03507, 0.91724]]