[[0.91561, 0.03547, 0.00145, 6e-05, 0, 0.03547, 0.00898, 0.00063, 3e-05, 0, 0.00145, 0.00063, 0.0001, 0, 0, 6e-05, 3e-05, 0, 0, 0, 0, 0, 0, 0, 0], [0.03732, 0.87021, 0.03548, 0.00145, 6e-05, 0.00955, 0.03336, 0.00899, 0.00063, 4e-05, 0.00067, 0.00136, 0.00063, 0.0001, 0, 4e-05, 6e-05, 3e-05, 0, 0, 0, 0, 0, 0, 0], [0.00152, 0.03547, 0.87035, 0.03547, 0.00152, 0.00067, 0.00898, 0.03337, 0.00898, 0.00067, 0.00011, 0.00063, 0.00136, 0.00063, 0.00011, 0, 3e-05, 6e-05, 3e-05, 0, 0, 0, 0, 0, 0], [6e-05, 0.00145, 0.03548, 0.87021, 0.03732, 4e-05, 0.00063, 0.00899, 0.03336, 0.00955, 0, 0.0001, 0.00063, 0.00136, 0.00067, 0, 0, 3e-05, 6e-05, 4e-05, 0, 0, 0, 0, 0], [0, 6e-05, 0.00145, 0.03547, 0.91561, 0, 3e-05, 0.00063, 0.00898, 0.03547, 0, 0, 0.0001, 0.00063, 0.00145, 0, 0, 0, 3e-05, 6e-05, 0, 0, 0, 0, 0], [0.03732, 0.00955, 0.00067, 4e-05, 0, 0.87021, 0.03336, 0.00136, 6e-05, 0, 0.03548, 0.00899, 0.00063, 3e-05, 0, 0.00145, 0.00063, 0.0001, 0, 0, 6e-05, 4e-05, 0, 0, 0], [0.01005, 0.03547, 0.00955, 0.00067, 4e-05, 0.03547, 0.81846, 0.03337, 0.00136, 6e-05, 0.00955, 0.03337, 0.00899, 0.00063, 4e-05, 0.00067, 0.00136, 0.00063, 0.0001, 0, 4e-05, 6e-05, 4e-05, 0, 0], [0.00071, 0.00955, 0.03548, 0.00955, 0.00071, 0.00145, 0.03336, 0.81871, 0.03336, 0.00145, 0.00067, 0.00899, 0.03338, 0.00899, 0.00067, 0.0001, 0.00063, 0.00136, 0.00063, 0.0001, 0, 4e-05, 6e-05, 4e-05, 0], [4e-05, 0.00067, 0.00955, 0.03547, 0.01005, 6e-05, 0.00136, 0.03337, 0.81846, 0.03547, 4e-05, 0.00063, 0.00899, 0.03337, 0.00955, 0, 0.0001, 0.00063, 0.00136, 0.00067, 0, 0, 4e-05, 6e-05, 4e-05], [0, 4e-05, 0.00067, 0.00955, 0.03732, 0, 6e-05, 0.00136, 0.03336, 0.87021, 0, 3e-05, 0.00063, 0.00899, 0.03548, 0, 0, 0.0001, 0.00063, 0.00145, 0, 0, 0, 4e-05, 6e-05], [0.00152, 0.00067, 0.00011, 0, 0, 0.03547, 0.00898, 0.00063, 3e-05, 0, 0.87035, 0.03337, 0.00136, 6e-05, 0, 0.03547, 0.00898, 0.00063, 3e-05, 0, 0.00152, 0.00067, 0.00011, 0, 0], [0.00071, 0.00145, 0.00067, 0.0001, 0, 0.00955, 0.03336, 0.00899, 0.00063, 4e-05, 0.03548, 0.81871, 0.03338, 0.00136, 6e-05, 0.00955, 0.03336, 0.00899, 0.00063, 4e-05, 0.00071, 0.00145, 0.00067, 0.0001, 0], [0.00011, 0.00067, 0.00145, 0.00067, 0.00011, 0.00067, 0.00898, 0.03337, 0.00898, 0.00067, 0.00145, 0.03337, 0.81898, 0.03337, 0.00145, 0.00067, 0.00898, 0.03337, 0.00898, 0.00067, 0.00011, 0.00067, 0.00145, 0.00067, 0.00011], [0, 0.0001, 0.00067, 0.00145, 0.00071, 4e-05, 0.00063, 0.00899, 0.03336, 0.00955, 6e-05, 0.00136, 0.03338, 0.81871, 0.03548, 4e-05, 0.00063, 0.00899, 0.03336, 0.00955, 0, 0.0001, 0.00067, 0.00145, 0.00071], [0, 0, 0.00011, 0.00067, 0.00152, 0, 3e-05, 0.00063, 0.00898, 0.03547, 0, 6e-05, 0.00136, 0.03337, 0.87035, 0, 3e-05, 0.00063, 0.00898, 0.03547, 0, 0, 0.00011, 0.00067, 0.00152], [6e-05, 4e-05, 0, 0, 0, 0.00145, 0.00063, 0.0001, 0, 0, 0.03548, 0.00899, 0.00063, 3e-05, 0, 0.87021, 0.03336, 0.00136, 6e-05, 0, 0.03732, 0.00955, 0.00067, 4e-05, 0], [4e-05, 6e-05, 4e-05, 0, 0, 0.00067, 0.00136, 0.00063, 0.0001, 0, 0.00955, 0.03337, 0.00899, 0.00063, 4e-05, 0.03547, 0.81846, 0.03337, 0.00136, 6e-05, 0.01005, 0.03547, 0.00955, 0.00067, 4e-05], [0, 4e-05, 6e-05, 4e-05, 0, 0.0001, 0.00063, 0.00136, 0.00063, 0.0001, 0.00067, 0.00899, 0.03338, 0.00899, 0.00067, 0.00145, 0.03336, 0.81871, 0.03336, 0.00145, 0.00071, 0.00955, 0.03548, 0.00955, 0.00071], [0, 0, 4e-05, 6e-05, 4e-05, 0, 0.0001, 0.00063, 0.00136, 0.00067, 4e-05, 0.00063, 0.00899, 0.03337, 0.00955, 6e-05, 0.00136, 0.03337, 0.81846, 0.03547, 4e-05, 0.00067, 0.00955, 0.03547, 0.01005], [0, 0, 0, 4e-05, 6e-05, 0, 0, 0.0001, 0.00063, 0.00145, 0, 3e-05, 0.00063, 0.00899, 0.03548, 0, 6e-05, 0.00136, 0.03336, 0.87021, 0, 4e-05, 0.00067, 0.00955, 0.03732], [0, 0, 0, 0, 0, 6e-05, 3e-05, 0, 0, 0, 0.00145, 0.00063, 0.0001, 0, 0, 0.03547, 0.00898, 0.00063, 3e-05, 0, 0.91561, 0.03547, 0.00145, 6e-05, 0], [0, 0, 0, 0, 0, 4e-05, 6e-05, 3e-05, 0, 0, 0.00067, 0.00136, 0.00063, 0.0001, 0, 0.00955, 0.03336, 0.00899, 0.00063, 4e-05, 0.03732, 0.87021, 0.03548, 0.00145, 6e-05], [0, 0, 0, 0, 0, 0, 3e-05, 6e-05, 3e-05, 0, 0.00011, 0.00063, 0.00136, 0.00063, 0.00011, 0.00067, 0.00898, 0.03337, 0.00898, 0.00067, 0.00152, 0.03547, 0.87035, 0.03547, 0.00152], [0, 0, 0, 0, 0, 0, 0, 3e-05, 6e-05, 4e-05, 0, 0.0001, 0.00063, 0.00136, 0.00067, 4e-05, 0.00063, 0.00899, 0.03336, 0.00955, 6e-05, 0.00145, 0.03548, 0.87021, 0.03732], [0, 0, 0, 0, 0, 0, 0, 0, 3e-05, 6e-05, 0, 0, 0.0001, 0.00063, 0.00145, 0, 3e-05, 0.00063, 0.00898, 0.03547, 0, 6e-05, 0.00145, 0.03547, 0.91561]]