[[0.04663, 0.04436, 0.0422, 0.04014, 0.03818, 0.04436, 0.04436, 0.0422, 0.04014, 0.03818, 0.0422, 0.0422, 0.04014, 0.03818, 0.03818, 0.04014, 0.04014, 0.03818, 0.03818, 0.03632, 0.03818, 0.03818, 0.03818, 0.03632, 0.03455], [0.04333, 0.04333, 0.04121, 0.0392, 0.03729, 0.04555, 0.04333, 0.04121, 0.0392, 0.03729, 0.04333, 0.04333, 0.04121, 0.0392, 0.03729, 0.04121, 0.04121, 0.0392, 0.03729, 0.03729, 0.0392, 0.0392, 0.03729, 0.03729, 0.03547], [0.0409, 0.0409, 0.0389, 0.03701, 0.03701, 0.04299, 0.04299, 0.0409, 0.0389, 0.03701, 0.0452, 0.04299, 0.0409, 0.0389, 0.03701, 0.04299, 0.04299, 0.0409, 0.0389, 0.03701, 0.0409, 0.0409, 0.0389, 0.03701, 0.03701], [0.0392, 0.0392, 0.03729, 0.03729, 0.03547, 0.04121, 0.04121, 0.0392, 0.03729, 0.03729, 0.04333, 0.04333, 0.04121, 0.0392, 0.03729, 0.04555, 0.04333, 0.04121, 0.0392, 0.03729, 0.04333, 0.04333, 0.04121, 0.0392, 0.03729], [0.03818, 0.03818, 0.03818, 0.03632, 0.03455, 0.04014, 0.04014, 0.03818, 0.03818, 0.03632, 0.0422, 0.0422, 0.04014, 0.03818, 0.03818, 0.04436, 0.04436, 0.0422, 0.04014, 0.03818, 0.04663, 0.04436, 0.0422, 0.04014, 0.03818], [0.04333, 0.04555, 0.04333, 0.04121, 0.0392, 0.04333, 0.04333, 0.04333, 0.04121, 0.0392, 0.04121, 0.04121, 0.04121, 0.0392, 0.03729, 0.0392, 0.0392, 0.0392, 0.03729, 0.03729, 0.03729, 0.03729, 0.03729, 0.03729, 0.03547], [0.04224, 0.04224, 0.04224, 0.04018, 0.03822, 0.04224, 0.0444, 0.04224, 0.04018, 0.03822, 0.04224, 0.04224, 0.04224, 0.04018, 0.03822, 0.04018, 0.04018, 0.04018, 0.03822, 0.03636, 0.03822, 0.03822, 0.03822, 0.03636, 0.03636], [0.03987, 0.03987, 0.03987, 0.03793, 0.03608, 0.04191, 0.04191, 0.04191, 0.03987, 0.03793, 0.04191, 0.04406, 0.04191, 0.03987, 0.03793, 0.04191, 0.04191, 0.04191, 0.03987, 0.03793, 0.03987, 0.03987, 0.03987, 0.03793, 0.03608], [0.03822, 0.03822, 0.03822, 0.03636, 0.03636, 0.04018, 0.04018, 0.04018, 0.03822, 0.03636, 0.04224, 0.04224, 0.04224, 0.04018, 0.03822, 0.04224, 0.0444, 0.04224, 0.04018, 0.03822, 0.04224, 0.04224, 0.04224, 0.04018, 0.03822], [0.03729, 0.03729, 0.03729, 0.03729, 0.03547, 0.0392, 0.0392, 0.0392, 0.03729, 0.03729, 0.04121, 0.04121, 0.04121, 0.0392, 0.03729, 0.04333, 0.04333, 0.04333, 0.04121, 0.0392, 0.04333, 0.04555, 0.04333, 0.04121, 0.0392], [0.0409, 0.04299, 0.0452, 0.04299, 0.0409, 0.0409, 0.04299, 0.04299, 0.04299, 0.0409, 0.0389, 0.0409, 0.0409, 0.0409, 0.0389, 0.03701, 0.0389, 0.0389, 0.0389, 0.03701, 0.03701, 0.03701, 0.03701, 0.03701, 0.03701], [0.03987, 0.04191, 0.04191, 0.04191, 0.03987, 0.03987, 0.04191, 0.04406, 0.04191, 0.03987, 0.03987, 0.04191, 0.04191, 0.04191, 0.03987, 0.03793, 0.03987, 0.03987, 0.03987, 0.03793, 0.03608, 0.03793, 0.03793, 0.03793, 0.03608], [0.03757, 0.03949, 0.03949, 0.03949, 0.03757, 0.03949, 0.04152, 0.04152, 0.04152, 0.03949, 0.03949, 0.04152, 0.04365, 0.04152, 0.03949, 0.03949, 0.04152, 0.04152, 0.04152, 0.03949, 0.03757, 0.03949, 0.03949, 0.03949, 0.03757], [0.03608, 0.03793, 0.03793, 0.03793, 0.03608, 0.03793, 0.03987, 0.03987, 0.03987, 0.03793, 0.03987, 0.04191, 0.04191, 0.04191, 0.03987, 0.03987, 0.04191, 0.04406, 0.04191, 0.03987, 0.03987, 0.04191, 0.04191, 0.04191, 0.03987], [0.03701, 0.03701, 0.03701, 0.03701, 0.03701, 0.03701, 0.0389, 0.0389, 0.0389, 0.03701, 0.0389, 0.0409, 0.0409, 0.0409, 0.0389, 0.0409, 0.04299, 0.04299, 0.04299, 0.0409, 0.0409, 0.04299, 0.0452, 0.04299, 0.0409], [0.0392, 0.04121, 0.04333, 0.04555, 0.04333, 0.0392, 0.04121, 0.04333, 0.04333, 0.04333, 0.03729, 0.0392, 0.04121, 0.04121, 0.04121, 0.03729, 0.03729, 0.0392, 0.0392, 0.0392, 0.03547, 0.03729, 0.03729, 0.03729, 0.03729], [0.03822, 0.04018, 0.04224, 0.04224, 0.04224, 0.03822, 0.04018, 0.04224, 0.0444, 0.04224, 0.03822, 0.04018, 0.04224, 0.04224, 0.04224, 0.03636, 0.03822, 0.04018, 0.04018, 0.04018, 0.03636, 0.03636, 0.03822, 0.03822, 0.03822], [0.03608, 0.03793, 0.03987, 0.03987, 0.03987, 0.03793, 0.03987, 0.04191, 0.04191, 0.04191, 0.03793, 0.03987, 0.04191, 0.04406, 0.04191, 0.03793, 0.03987, 0.04191, 0.04191, 0.04191, 0.03608, 0.03793, 0.03987, 0.03987, 0.03987], [0.03636, 0.03636, 0.03822, 0.03822, 0.03822, 0.03636, 0.03822, 0.04018, 0.04018, 0.04018, 0.03822, 0.04018, 0.04224, 0.04224, 0.04224, 0.03822, 0.04018, 0.04224, 0.0444, 0.04224, 0.03822, 0.04018, 0.04224, 0.04224, 0.04224], [0.03547, 0.03729, 0.03729, 0.03729, 0.03729, 0.03729, 0.03729, 0.0392, 0.0392, 0.0392, 0.03729, 0.0392, 0.04121, 0.04121, 0.04121, 0.0392, 0.04121, 0.04333, 0.04333, 0.04333, 0.0392, 0.04121, 0.04333, 0.04555, 0.04333], [0.03818, 0.04014, 0.0422, 0.04436, 0.04663, 0.03818, 0.04014, 0.0422, 0.04436, 0.04436, 0.03818, 0.03818, 0.04014, 0.0422, 0.0422, 0.03632, 0.03818, 0.03818, 0.04014, 0.04014, 0.03455, 0.03632, 0.03818, 0.03818, 0.03818], [0.03729, 0.0392, 0.04121, 0.04333, 0.04333, 0.03729, 0.0392, 0.04121, 0.04333, 0.04555, 0.03729, 0.0392, 0.04121, 0.04333, 0.04333, 0.03729, 0.03729, 0.0392, 0.04121, 0.04121, 0.03547, 0.03729, 0.03729, 0.0392, 0.0392], [0.03701, 0.03701, 0.0389, 0.0409, 0.0409, 0.03701, 0.0389, 0.0409, 0.04299, 0.04299, 0.03701, 0.0389, 0.0409, 0.04299, 0.0452, 0.03701, 0.0389, 0.0409, 0.04299, 0.04299, 0.03701, 0.03701, 0.0389, 0.0409, 0.0409], [0.03547, 0.03729, 0.03729, 0.0392, 0.0392, 0.03729, 0.03729, 0.0392, 0.04121, 0.04121, 0.03729, 0.0392, 0.04121, 0.04333, 0.04333, 0.03729, 0.0392, 0.04121, 0.04333, 0.04555, 0.03729, 0.0392, 0.04121, 0.04333, 0.04333], [0.03455, 0.03632, 0.03818, 0.03818, 0.03818, 0.03632, 0.03818, 0.03818, 0.04014, 0.04014, 0.03818, 0.03818, 0.04014, 0.0422, 0.0422, 0.03818, 0.04014, 0.0422, 0.04436, 0.04436, 0.03818, 0.04014, 0.0422, 0.04436, 0.04663]]