[[0.04006, 0.04004, 0.04002, 0.04, 0.03998, 0.04004, 0.04004, 0.04002, 0.04, 0.03998, 0.04002, 0.04002, 0.04, 0.03998, 0.03998, 0.04, 0.04, 0.03998, 0.03998, 0.03996, 0.03998, 0.03998, 0.03998, 0.03996, 0.03994], [0.04003, 0.04005, 0.04003, 0.04001, 0.03999, 0.04003, 0.04003, 0.04003, 0.04001, 0.03999, 0.04001, 0.04001, 0.04001, 0.03999, 0.03997, 0.03999, 0.03999, 0.03999, 0.03997, 0.03997, 0.03997, 0.03997, 0.03997, 0.03997, 0.03995], [0.04001, 0.04003, 0.04005, 0.04003, 0.04001, 0.04001, 0.04003, 0.04003, 0.04003, 0.04001, 0.03999, 0.04001, 0.04001, 0.04001, 0.03999, 0.03997, 0.03999, 0.03999, 0.03999, 0.03997, 0.03997, 0.03997, 0.03997, 0.03997, 0.03997], [0.03999, 0.04001, 0.04003, 0.04005, 0.04003, 0.03999, 0.04001, 0.04003, 0.04003, 0.04003, 0.03997, 0.03999, 0.04001, 0.04001, 0.04001, 0.03997, 0.03997, 0.03999, 0.03999, 0.03999, 0.03995, 0.03997, 0.03997, 0.03997, 0.03997], [0.03998, 0.04, 0.04002, 0.04004, 0.04006, 0.03998, 0.04, 0.04002, 0.04004, 0.04004, 0.03998, 0.03998, 0.04, 0.04002, 0.04002, 0.03996, 0.03998, 0.03998, 0.04, 0.04, 0.03994, 0.03996, 0.03998, 0.03998, 0.03998], [0.04003, 0.04003, 0.04001, 0.03999, 0.03997, 0.04005, 0.04003, 0.04001, 0.03999, 0.03997, 0.04003, 0.04003, 0.04001, 0.03999, 0.03997, 0.04001, 0.04001, 0.03999, 0.03997, 0.03997, 0.03999, 0.03999, 0.03997, 0.03997, 0.03995], [0.04002, 0.04002, 0.04002, 0.04, 0.03998, 0.04002, 0.04004, 0.04002, 0.04, 0.03998, 0.04002, 0.04002, 0.04002, 0.04, 0.03998, 0.04, 0.04, 0.04, 0.03998, 0.03996, 0.03998, 0.03998, 0.03998, 0.03996, 0.03996], [0.04, 0.04002, 0.04002, 0.04002, 0.04, 0.04, 0.04002, 0.04004, 0.04002, 0.04, 0.04, 0.04002, 0.04002, 0.04002, 0.04, 0.03998, 0.04, 0.04, 0.04, 0.03998, 0.03996, 0.03998, 0.03998, 0.03998, 0.03996], [0.03998, 0.04, 0.04002, 0.04002, 0.04002, 0.03998, 0.04, 0.04002, 0.04004, 0.04002, 0.03998, 0.04, 0.04002, 0.04002, 0.04002, 0.03996, 0.03998, 0.04, 0.04, 0.04, 0.03996, 0.03996, 0.03998, 0.03998, 0.03998], [0.03997, 0.03999, 0.04001, 0.04003, 0.04003, 0.03997, 0.03999, 0.04001, 0.04003, 0.04005, 0.03997, 0.03999, 0.04001, 0.04003, 0.04003, 0.03997, 0.03997, 0.03999, 0.04001, 0.04001, 0.03995, 0.03997, 0.03997, 0.03999, 0.03999], [0.04001, 0.04001, 0.03999, 0.03997, 0.03997, 0.04003, 0.04003, 0.04001, 0.03999, 0.03997, 0.04005, 0.04003, 0.04001, 0.03999, 0.03997, 0.04003, 0.04003, 0.04001, 0.03999, 0.03997, 0.04001, 0.04001, 0.03999, 0.03997, 0.03997], [0.04, 0.04, 0.04, 0.03998, 0.03996, 0.04002, 0.04002, 0.04002, 0.04, 0.03998, 0.04002, 0.04004, 0.04002, 0.04, 0.03998, 0.04002, 0.04002, 0.04002, 0.04, 0.03998, 0.04, 0.04, 0.04, 0.03998, 0.03996], [0.03998, 0.04, 0.04, 0.04, 0.03998, 0.04, 0.04002, 0.04002, 0.04002, 0.04, 0.04, 0.04002, 0.04004, 0.04002, 0.04, 0.04, 0.04002, 0.04002, 0.04002, 0.04, 0.03998, 0.04, 0.04, 0.04, 0.03998], [0.03996, 0.03998, 0.04, 0.04, 0.04, 0.03998, 0.04, 0.04002, 0.04002, 0.04002, 0.03998, 0.04, 0.04002, 0.04004, 0.04002, 0.03998, 0.04, 0.04002, 0.04002, 0.04002, 0.03996, 0.03998, 0.04, 0.04, 0.04], [0.03997, 0.03997, 0.03999, 0.04001, 0.04001, 0.03997, 0.03999, 0.04001, 0.04003, 0.04003, 0.03997, 0.03999, 0.04001, 0.04003, 0.04005, 0.03997, 0.03999, 0.04001, 0.04003, 0.04003, 0.03997, 0.03997, 0.03999, 0.04001, 0.04001], [0.03999, 0.03999, 0.03997, 0.03997, 0.03995, 0.04001, 0.04001, 0.03999, 0.03997, 0.03997, 0.04003, 0.04003, 0.04001, 0.03999, 0.03997, 0.04005, 0.04003, 0.04001, 0.03999, 0.03997, 0.04003, 0.04003, 0.04001, 0.03999, 0.03997], [0.03998, 0.03998, 0.03998, 0.03996, 0.03996, 0.04, 0.04, 0.04, 0.03998, 0.03996, 0.04002, 0.04002, 0.04002, 0.04, 0.03998, 0.04002, 0.04004, 0.04002, 0.04, 0.03998, 0.04002, 0.04002, 0.04002, 0.04, 0.03998], [0.03996, 0.03998, 0.03998, 0.03998, 0.03996, 0.03998, 0.04, 0.04, 0.04, 0.03998, 0.04, 0.04002, 0.04002, 0.04002, 0.04, 0.04, 0.04002, 0.04004, 0.04002, 0.04, 0.04, 0.04002, 0.04002, 0.04002, 0.04], [0.03996, 0.03996, 0.03998, 0.03998, 0.03998, 0.03996, 0.03998, 0.04, 0.04, 0.04, 0.03998, 0.04, 0.04002, 0.04002, 0.04002, 0.03998, 0.04, 0.04002, 0.04004, 0.04002, 0.03998, 0.04, 0.04002, 0.04002, 0.04002], [0.03995, 0.03997, 0.03997, 0.03999, 0.03999, 0.03997, 0.03997, 0.03999, 0.04001, 0.04001, 0.03997, 0.03999, 0.04001, 0.04003, 0.04003, 0.03997, 0.03999, 0.04001, 0.04003, 0.04005, 0.03997, 0.03999, 0.04001, 0.04003, 0.04003], [0.03998, 0.03998, 0.03998, 0.03996, 0.03994, 0.04, 0.04, 0.03998, 0.03998, 0.03996, 0.04002, 0.04002, 0.04, 0.03998, 0.03998, 0.04004, 0.04004, 0.04002, 0.04, 0.03998, 0.04006, 0.04004, 0.04002, 0.04, 0.03998], [0.03997, 0.03997, 0.03997, 0.03997, 0.03995, 0.03999, 0.03999, 0.03999, 0.03997, 0.03997, 0.04001, 0.04001, 0.04001, 0.03999, 0.03997, 0.04003, 0.04003, 0.04003, 0.04001, 0.03999, 0.04003, 0.04005, 0.04003, 0.04001, 0.03999], [0.03997, 0.03997, 0.03997, 0.03997, 0.03997, 0.03997, 0.03999, 0.03999, 0.03999, 0.03997, 0.03999, 0.04001, 0.04001, 0.04001, 0.03999, 0.04001, 0.04003, 0.04003, 0.04003, 0.04001, 0.04001, 0.04003, 0.04005, 0.04003, 0.04001], [0.03995, 0.03997, 0.03997, 0.03997, 0.03997, 0.03997, 0.03997, 0.03999, 0.03999, 0.03999, 0.03997, 0.03999, 0.04001, 0.04001, 0.04001, 0.03999, 0.04001, 0.04003, 0.04003, 0.04003, 0.03999, 0.04001, 0.04003, 0.04005, 0.04003], [0.03994, 0.03996, 0.03998, 0.03998, 0.03998, 0.03996, 0.03998, 0.03998, 0.04, 0.04, 0.03998, 0.03998, 0.04, 0.04002, 0.04002, 0.03998, 0.04, 0.04002, 0.04004, 0.04004, 0.03998, 0.04, 0.04002, 0.04004, 0.04006]]