[[0.04019, 0.04013, 0.04007, 0.04001, 0.03995, 0.04013, 0.04013, 0.04007, 0.04001, 0.03995, 0.04007, 0.04007, 0.04001, 0.03995, 0.03995, 0.04001, 0.04001, 0.03995, 0.03995, 0.03989, 0.03995, 0.03995, 0.03995, 0.03989, 0.03983], [0.0401, 0.04016, 0.0401, 0.04004, 0.03998, 0.0401, 0.0401, 0.0401, 0.04004, 0.03998, 0.04004, 0.04004, 0.04004, 0.03998, 0.03992, 0.03998, 0.03998, 0.03998, 0.03992, 0.03992, 0.03992, 0.03992, 0.03992, 0.03992, 0.03986], [0.04003, 0.04009, 0.04015, 0.04009, 0.04003, 0.04003, 0.04009, 0.04009, 0.04009, 0.04003, 0.03997, 0.04003, 0.04003, 0.04003, 0.03997, 0.03991, 0.03997, 0.03997, 0.03997, 0.03991, 0.03991, 0.03991, 0.03991, 0.03991, 0.03991], [0.03998, 0.04004, 0.0401, 0.04016, 0.0401, 0.03998, 0.04004, 0.0401, 0.0401, 0.0401, 0.03992, 0.03998, 0.04004, 0.04004, 0.04004, 0.03992, 0.03992, 0.03998, 0.03998, 0.03998, 0.03986, 0.03992, 0.03992, 0.03992, 0.03992], [0.03995, 0.04001, 0.04007, 0.04013, 0.04019, 0.03995, 0.04001, 0.04007, 0.04013, 0.04013, 0.03995, 0.03995, 0.04001, 0.04007, 0.04007, 0.03989, 0.03995, 0.03995, 0.04001, 0.04001, 0.03983, 0.03989, 0.03995, 0.03995, 0.03995], [0.0401, 0.0401, 0.04004, 0.03998, 0.03992, 0.04016, 0.0401, 0.04004, 0.03998, 0.03992, 0.0401, 0.0401, 0.04004, 0.03998, 0.03992, 0.04004, 0.04004, 0.03998, 0.03992, 0.03992, 0.03998, 0.03998, 0.03992, 0.03992, 0.03986], [0.04007, 0.04007, 0.04007, 0.04001, 0.03995, 0.04007, 0.04013, 0.04007, 0.04001, 0.03995, 0.04007, 0.04007, 0.04007, 0.04001, 0.03995, 0.04001, 0.04001, 0.04001, 0.03995, 0.03989, 0.03995, 0.03995, 0.03995, 0.03989, 0.03989], [0.04, 0.04006, 0.04006, 0.04006, 0.04, 0.04, 0.04006, 0.04012, 0.04006, 0.04, 0.04, 0.04006, 0.04006, 0.04006, 0.04, 0.03994, 0.04, 0.04, 0.04, 0.03994, 0.03988, 0.03994, 0.03994, 0.03994, 0.03988], [0.03995, 0.04001, 0.04007, 0.04007, 0.04007, 0.03995, 0.04001, 0.04007, 0.04013, 0.04007, 0.03995, 0.04001, 0.04007, 0.04007, 0.04007, 0.03989, 0.03995, 0.04001, 0.04001, 0.04001, 0.03989, 0.03989, 0.03995, 0.03995, 0.03995], [0.03992, 0.03998, 0.04004, 0.0401, 0.0401, 0.03992, 0.03998, 0.04004, 0.0401, 0.04016, 0.03992, 0.03998, 0.04004, 0.0401, 0.0401, 0.03992, 0.03992, 0.03998, 0.04004, 0.04004, 0.03986, 0.03992, 0.03992, 0.03998, 0.03998], [0.04003, 0.04003, 0.03997, 0.03991, 0.03991, 0.04009, 0.04009, 0.04003, 0.03997, 0.03991, 0.04015, 0.04009, 0.04003, 0.03997, 0.03991, 0.04009, 0.04009, 0.04003, 0.03997, 0.03991, 0.04003, 0.04003, 0.03997, 0.03991, 0.03991], [0.04, 0.04, 0.04, 0.03994, 0.03988, 0.04006, 0.04006, 0.04006, 0.04, 0.03994, 0.04006, 0.04012, 0.04006, 0.04, 0.03994, 0.04006, 0.04006, 0.04006, 0.04, 0.03994, 0.04, 0.04, 0.04, 0.03994, 0.03988], [0.03993, 0.03999, 0.03999, 0.03999, 0.03993, 0.03999, 0.04005, 0.04005, 0.04005, 0.03999, 0.03999, 0.04005, 0.04011, 0.04005, 0.03999, 0.03999, 0.04005, 0.04005, 0.04005, 0.03999, 0.03993, 0.03999, 0.03999, 0.03999, 0.03993], [0.03988, 0.03994, 0.04, 0.04, 0.04, 0.03994, 0.04, 0.04006, 0.04006, 0.04006, 0.03994, 0.04, 0.04006, 0.04012, 0.04006, 0.03994, 0.04, 0.04006, 0.04006, 0.04006, 0.03988, 0.03994, 0.04, 0.04, 0.04], [0.03991, 0.03991, 0.03997, 0.04003, 0.04003, 0.03991, 0.03997, 0.04003, 0.04009, 0.04009, 0.03991, 0.03997, 0.04003, 0.04009, 0.04015, 0.03991, 0.03997, 0.04003, 0.04009, 0.04009, 0.03991, 0.03991, 0.03997, 0.04003, 0.04003], [0.03998, 0.03998, 0.03992, 0.03992, 0.03986, 0.04004, 0.04004, 0.03998, 0.03992, 0.03992, 0.0401, 0.0401, 0.04004, 0.03998, 0.03992, 0.04016, 0.0401, 0.04004, 0.03998, 0.03992, 0.0401, 0.0401, 0.04004, 0.03998, 0.03992], [0.03995, 0.03995, 0.03995, 0.03989, 0.03989, 0.04001, 0.04001, 0.04001, 0.03995, 0.03989, 0.04007, 0.04007, 0.04007, 0.04001, 0.03995, 0.04007, 0.04013, 0.04007, 0.04001, 0.03995, 0.04007, 0.04007, 0.04007, 0.04001, 0.03995], [0.03988, 0.03994, 0.03994, 0.03994, 0.03988, 0.03994, 0.04, 0.04, 0.04, 0.03994, 0.04, 0.04006, 0.04006, 0.04006, 0.04, 0.04, 0.04006, 0.04012, 0.04006, 0.04, 0.04, 0.04006, 0.04006, 0.04006, 0.04], [0.03989, 0.03989, 0.03995, 0.03995, 0.03995, 0.03989, 0.03995, 0.04001, 0.04001, 0.04001, 0.03995, 0.04001, 0.04007, 0.04007, 0.04007, 0.03995, 0.04001, 0.04007, 0.04013, 0.04007, 0.03995, 0.04001, 0.04007, 0.04007, 0.04007], [0.03986, 0.03992, 0.03992, 0.03998, 0.03998, 0.03992, 0.03992, 0.03998, 0.04004, 0.04004, 0.03992, 0.03998, 0.04004, 0.0401, 0.0401, 0.03992, 0.03998, 0.04004, 0.0401, 0.04016, 0.03992, 0.03998, 0.04004, 0.0401, 0.0401], [0.03995, 0.03995, 0.03995, 0.03989, 0.03983, 0.04001, 0.04001, 0.03995, 0.03995, 0.03989, 0.04007, 0.04007, 0.04001, 0.03995, 0.03995, 0.04013, 0.04013, 0.04007, 0.04001, 0.03995, 0.04019, 0.04013, 0.04007, 0.04001, 0.03995], [0.03992, 0.03992, 0.03992, 0.03992, 0.03986, 0.03998, 0.03998, 0.03998, 0.03992, 0.03992, 0.04004, 0.04004, 0.04004, 0.03998, 0.03992, 0.0401, 0.0401, 0.0401, 0.04004, 0.03998, 0.0401, 0.04016, 0.0401, 0.04004, 0.03998], [0.03991, 0.03991, 0.03991, 0.03991, 0.03991, 0.03991, 0.03997, 0.03997, 0.03997, 0.03991, 0.03997, 0.04003, 0.04003, 0.04003, 0.03997, 0.04003, 0.04009, 0.04009, 0.04009, 0.04003, 0.04003, 0.04009, 0.04015, 0.04009, 0.04003], [0.03986, 0.03992, 0.03992, 0.03992, 0.03992, 0.03992, 0.03992, 0.03998, 0.03998, 0.03998, 0.03992, 0.03998, 0.04004, 0.04004, 0.04004, 0.03998, 0.04004, 0.0401, 0.0401, 0.0401, 0.03998, 0.04004, 0.0401, 0.04016, 0.0401], [0.03983, 0.03989, 0.03995, 0.03995, 0.03995, 0.03989, 0.03995, 0.03995, 0.04001, 0.04001, 0.03995, 0.03995, 0.04001, 0.04007, 0.04007, 0.03995, 0.04001, 0.04007, 0.04013, 0.04013, 0.03995, 0.04001, 0.04007, 0.04013, 0.04019]]