[[0.04524, 0.04347, 0.04176, 0.04013, 0.03855, 0.04347, 0.04347, 0.04176, 0.04013, 0.03855, 0.04176, 0.04176, 0.04013, 0.03855, 0.03855, 0.04013, 0.04013, 0.03855, 0.03855, 0.03704, 0.03855, 0.03855, 0.03855, 0.03704, 0.03559], [0.04265, 0.04265, 0.04098, 0.03938, 0.03783, 0.0444, 0.04265, 0.04098, 0.03938, 0.03783, 0.04265, 0.04265, 0.04098, 0.03938, 0.03783, 0.04098, 0.04098, 0.03938, 0.03783, 0.03783, 0.03938, 0.03938, 0.03783, 0.03783, 0.03635], [0.04073, 0.04073, 0.03913, 0.0376, 0.0376, 0.04239, 0.04239, 0.04073, 0.03913, 0.0376, 0.04412, 0.04239, 0.04073, 0.03913, 0.0376, 0.04239, 0.04239, 0.04073, 0.03913, 0.0376, 0.04073, 0.04073, 0.03913, 0.0376, 0.0376], [0.03938, 0.03938, 0.03783, 0.03783, 0.03635, 0.04098, 0.04098, 0.03938, 0.03783, 0.03783, 0.04265, 0.04265, 0.04098, 0.03938, 0.03783, 0.0444, 0.04265, 0.04098, 0.03938, 0.03783, 0.04265, 0.04265, 0.04098, 0.03938, 0.03783], [0.03855, 0.03855, 0.03855, 0.03704, 0.03559, 0.04013, 0.04013, 0.03855, 0.03855, 0.03704, 0.04176, 0.04176, 0.04013, 0.03855, 0.03855, 0.04347, 0.04347, 0.04176, 0.04013, 0.03855, 0.04524, 0.04347, 0.04176, 0.04013, 0.03855], [0.04265, 0.0444, 0.04265, 0.04098, 0.03938, 0.04265, 0.04265, 0.04265, 0.04098, 0.03938, 0.04098, 0.04098, 0.04098, 0.03938, 0.03783, 0.03938, 0.03938, 0.03938, 0.03783, 0.03783, 0.03783, 0.03783, 0.03783, 0.03783, 0.03635], [0.04179, 0.04179, 0.04179, 0.04015, 0.03858, 0.04179, 0.0435, 0.04179, 0.04015, 0.03858, 0.04179, 0.04179, 0.04179, 0.04015, 0.03858, 0.04015, 0.04015, 0.04015, 0.03858, 0.03707, 0.03858, 0.03858, 0.03858, 0.03707, 0.03707], [0.0399, 0.0399, 0.0399, 0.03834, 0.03684, 0.04153, 0.04153, 0.04153, 0.0399, 0.03834, 0.04153, 0.04323, 0.04153, 0.0399, 0.03834, 0.04153, 0.04153, 0.04153, 0.0399, 0.03834, 0.0399, 0.0399, 0.0399, 0.03834, 0.03684], [0.03858, 0.03858, 0.03858, 0.03707, 0.03707, 0.04015, 0.04015, 0.04015, 0.03858, 0.03707, 0.04179, 0.04179, 0.04179, 0.04015, 0.03858, 0.04179, 0.0435, 0.04179, 0.04015, 0.03858, 0.04179, 0.04179, 0.04179, 0.04015, 0.03858], [0.03783, 0.03783, 0.03783, 0.03783, 0.03635, 0.03938, 0.03938, 0.03938, 0.03783, 0.03783, 0.04098, 0.04098, 0.04098, 0.03938, 0.03783, 0.04265, 0.04265, 0.04265, 0.04098, 0.03938, 0.04265, 0.0444, 0.04265, 0.04098, 0.03938], [0.04073, 0.04239, 0.04412, 0.04239, 0.04073, 0.04073, 0.04239, 0.04239, 0.04239, 0.04073, 0.03913, 0.04073, 0.04073, 0.04073, 0.03913, 0.0376, 0.03913, 0.03913, 0.03913, 0.0376, 0.0376, 0.0376, 0.0376, 0.0376, 0.0376], [0.0399, 0.04153, 0.04153, 0.04153, 0.0399, 0.0399, 0.04153, 0.04323, 0.04153, 0.0399, 0.0399, 0.04153, 0.04153, 0.04153, 0.0399, 0.03834, 0.0399, 0.0399, 0.0399, 0.03834, 0.03684, 0.03834, 0.03834, 0.03834, 0.03684], [0.03805, 0.0396, 0.0396, 0.0396, 0.03805, 0.0396, 0.04122, 0.04122, 0.04122, 0.0396, 0.0396, 0.04122, 0.0429, 0.04122, 0.0396, 0.0396, 0.04122, 0.04122, 0.04122, 0.0396, 0.03805, 0.0396, 0.0396, 0.0396, 0.03805], [0.03684, 0.03834, 0.03834, 0.03834, 0.03684, 0.03834, 0.0399, 0.0399, 0.0399, 0.03834, 0.0399, 0.04153, 0.04153, 0.04153, 0.0399, 0.0399, 0.04153, 0.04323, 0.04153, 0.0399, 0.0399, 0.04153, 0.04153, 0.04153, 0.0399], [0.0376, 0.0376, 0.0376, 0.0376, 0.0376, 0.0376, 0.03913, 0.03913, 0.03913, 0.0376, 0.03913, 0.04073, 0.04073, 0.04073, 0.03913, 0.04073, 0.04239, 0.04239, 0.04239, 0.04073, 0.04073, 0.04239, 0.04412, 0.04239, 0.04073], [0.03938, 0.04098, 0.04265, 0.0444, 0.04265, 0.03938, 0.04098, 0.04265, 0.04265, 0.04265, 0.03783, 0.03938, 0.04098, 0.04098, 0.04098, 0.03783, 0.03783, 0.03938, 0.03938, 0.03938, 0.03635, 0.03783, 0.03783, 0.03783, 0.03783], [0.03858, 0.04015, 0.04179, 0.04179, 0.04179, 0.03858, 0.04015, 0.04179, 0.0435, 0.04179, 0.03858, 0.04015, 0.04179, 0.04179, 0.04179, 0.03707, 0.03858, 0.04015, 0.04015, 0.04015, 0.03707, 0.03707, 0.03858, 0.03858, 0.03858], [0.03684, 0.03834, 0.0399, 0.0399, 0.0399, 0.03834, 0.0399, 0.04153, 0.04153, 0.04153, 0.03834, 0.0399, 0.04153, 0.04323, 0.04153, 0.03834, 0.0399, 0.04153, 0.04153, 0.04153, 0.03684, 0.03834, 0.0399, 0.0399, 0.0399], [0.03707, 0.03707, 0.03858, 0.03858, 0.03858, 0.03707, 0.03858, 0.04015, 0.04015, 0.04015, 0.03858, 0.04015, 0.04179, 0.04179, 0.04179, 0.03858, 0.04015, 0.04179, 0.0435, 0.04179, 0.03858, 0.04015, 0.04179, 0.04179, 0.04179], [0.03635, 0.03783, 0.03783, 0.03783, 0.03783, 0.03783, 0.03783, 0.03938, 0.03938, 0.03938, 0.03783, 0.03938, 0.04098, 0.04098, 0.04098, 0.03938, 0.04098, 0.04265, 0.04265, 0.04265, 0.03938, 0.04098, 0.04265, 0.0444, 0.04265], [0.03855, 0.04013, 0.04176, 0.04347, 0.04524, 0.03855, 0.04013, 0.04176, 0.04347, 0.04347, 0.03855, 0.03855, 0.04013, 0.04176, 0.04176, 0.03704, 0.03855, 0.03855, 0.04013, 0.04013, 0.03559, 0.03704, 0.03855, 0.03855, 0.03855], [0.03783, 0.03938, 0.04098, 0.04265, 0.04265, 0.03783, 0.03938, 0.04098, 0.04265, 0.0444, 0.03783, 0.03938, 0.04098, 0.04265, 0.04265, 0.03783, 0.03783, 0.03938, 0.04098, 0.04098, 0.03635, 0.03783, 0.03783, 0.03938, 0.03938], [0.0376, 0.0376, 0.03913, 0.04073, 0.04073, 0.0376, 0.03913, 0.04073, 0.04239, 0.04239, 0.0376, 0.03913, 0.04073, 0.04239, 0.04412, 0.0376, 0.03913, 0.04073, 0.04239, 0.04239, 0.0376, 0.0376, 0.03913, 0.04073, 0.04073], [0.03635, 0.03783, 0.03783, 0.03938, 0.03938, 0.03783, 0.03783, 0.03938, 0.04098, 0.04098, 0.03783, 0.03938, 0.04098, 0.04265, 0.04265, 0.03783, 0.03938, 0.04098, 0.04265, 0.0444, 0.03783, 0.03938, 0.04098, 0.04265, 0.04265], [0.03559, 0.03704, 0.03855, 0.03855, 0.03855, 0.03704, 0.03855, 0.03855, 0.04013, 0.04013, 0.03855, 0.03855, 0.04013, 0.04176, 0.04176, 0.03855, 0.04013, 0.04176, 0.04347, 0.04347, 0.03855, 0.04013, 0.04176, 0.04347, 0.04524]]