[[0.04191, 0.04128, 0.04067, 0.04006, 0.03947, 0.04128, 0.04128, 0.04067, 0.04006, 0.03947, 0.04067, 0.04067, 0.04006, 0.03947, 0.03947, 0.04006, 0.04006, 0.03947, 0.03947, 0.03888, 0.03947, 0.03947, 0.03947, 0.03888, 0.0383], [0.04099, 0.04099, 0.04038, 0.03978, 0.03918, 0.04161, 0.04099, 0.04038, 0.03978, 0.03918, 0.04099, 0.04099, 0.04038, 0.03978, 0.03918, 0.04038, 0.04038, 0.03978, 0.03918, 0.03918, 0.03978, 0.03978, 0.03918, 0.03918, 0.0386], [0.04028, 0.04028, 0.03968, 0.03909, 0.03909, 0.04089, 0.04089, 0.04028, 0.03968, 0.03909, 0.04151, 0.04089, 0.04028, 0.03968, 0.03909, 0.04089, 0.04089, 0.04028, 0.03968, 0.03909, 0.04028, 0.04028, 0.03968, 0.03909, 0.03909], [0.03978, 0.03978, 0.03918, 0.03918, 0.0386, 0.04038, 0.04038, 0.03978, 0.03918, 0.03918, 0.04099, 0.04099, 0.04038, 0.03978, 0.03918, 0.04161, 0.04099, 0.04038, 0.03978, 0.03918, 0.04099, 0.04099, 0.04038, 0.03978, 0.03918], [0.03947, 0.03947, 0.03947, 0.03888, 0.0383, 0.04006, 0.04006, 0.03947, 0.03947, 0.03888, 0.04067, 0.04067, 0.04006, 0.03947, 0.03947, 0.04128, 0.04128, 0.04067, 0.04006, 0.03947, 0.04191, 0.04128, 0.04067, 0.04006, 0.03947], [0.04099, 0.04161, 0.04099, 0.04038, 0.03978, 0.04099, 0.04099, 0.04099, 0.04038, 0.03978, 0.04038, 0.04038, 0.04038, 0.03978, 0.03918, 0.03978, 0.03978, 0.03978, 0.03918, 0.03918, 0.03918, 0.03918, 0.03918, 0.03918, 0.0386], [0.04067, 0.04067, 0.04067, 0.04007, 0.03947, 0.04067, 0.04129, 0.04067, 0.04007, 0.03947, 0.04067, 0.04067, 0.04067, 0.04007, 0.03947, 0.04007, 0.04007, 0.04007, 0.03947, 0.03888, 0.03947, 0.03947, 0.03947, 0.03888, 0.03888], [0.03997, 0.03997, 0.03997, 0.03938, 0.03879, 0.04058, 0.04058, 0.04058, 0.03997, 0.03938, 0.04058, 0.04119, 0.04058, 0.03997, 0.03938, 0.04058, 0.04058, 0.04058, 0.03997, 0.03938, 0.03997, 0.03997, 0.03997, 0.03938, 0.03879], [0.03947, 0.03947, 0.03947, 0.03888, 0.03888, 0.04007, 0.04007, 0.04007, 0.03947, 0.03888, 0.04067, 0.04067, 0.04067, 0.04007, 0.03947, 0.04067, 0.04129, 0.04067, 0.04007, 0.03947, 0.04067, 0.04067, 0.04067, 0.04007, 0.03947], [0.03918, 0.03918, 0.03918, 0.03918, 0.0386, 0.03978, 0.03978, 0.03978, 0.03918, 0.03918, 0.04038, 0.04038, 0.04038, 0.03978, 0.03918, 0.04099, 0.04099, 0.04099, 0.04038, 0.03978, 0.04099, 0.04161, 0.04099, 0.04038, 0.03978], [0.04028, 0.04089, 0.04151, 0.04089, 0.04028, 0.04028, 0.04089, 0.04089, 0.04089, 0.04028, 0.03968, 0.04028, 0.04028, 0.04028, 0.03968, 0.03909, 0.03968, 0.03968, 0.03968, 0.03909, 0.03909, 0.03909, 0.03909, 0.03909, 0.03909], [0.03997, 0.04058, 0.04058, 0.04058, 0.03997, 0.03997, 0.04058, 0.04119, 0.04058, 0.03997, 0.03997, 0.04058, 0.04058, 0.04058, 0.03997, 0.03938, 0.03997, 0.03997, 0.03997, 0.03938, 0.03879, 0.03938, 0.03938, 0.03938, 0.03879], [0.03926, 0.03985, 0.03985, 0.03985, 0.03926, 0.03985, 0.04046, 0.04046, 0.04046, 0.03985, 0.03985, 0.04046, 0.04107, 0.04046, 0.03985, 0.03985, 0.04046, 0.04046, 0.04046, 0.03985, 0.03926, 0.03985, 0.03985, 0.03985, 0.03926], [0.03879, 0.03938, 0.03938, 0.03938, 0.03879, 0.03938, 0.03997, 0.03997, 0.03997, 0.03938, 0.03997, 0.04058, 0.04058, 0.04058, 0.03997, 0.03997, 0.04058, 0.04119, 0.04058, 0.03997, 0.03997, 0.04058, 0.04058, 0.04058, 0.03997], [0.03909, 0.03909, 0.03909, 0.03909, 0.03909, 0.03909, 0.03968, 0.03968, 0.03968, 0.03909, 0.03968, 0.04028, 0.04028, 0.04028, 0.03968, 0.04028, 0.04089, 0.04089, 0.04089, 0.04028, 0.04028, 0.04089, 0.04151, 0.04089, 0.04028], [0.03978, 0.04038, 0.04099, 0.04161, 0.04099, 0.03978, 0.04038, 0.04099, 0.04099, 0.04099, 0.03918, 0.03978, 0.04038, 0.04038, 0.04038, 0.03918, 0.03918, 0.03978, 0.03978, 0.03978, 0.0386, 0.03918, 0.03918, 0.03918, 0.03918], [0.03947, 0.04007, 0.04067, 0.04067, 0.04067, 0.03947, 0.04007, 0.04067, 0.04129, 0.04067, 0.03947, 0.04007, 0.04067, 0.04067, 0.04067, 0.03888, 0.03947, 0.04007, 0.04007, 0.04007, 0.03888, 0.03888, 0.03947, 0.03947, 0.03947], [0.03879, 0.03938, 0.03997, 0.03997, 0.03997, 0.03938, 0.03997, 0.04058, 0.04058, 0.04058, 0.03938, 0.03997, 0.04058, 0.04119, 0.04058, 0.03938, 0.03997, 0.04058, 0.04058, 0.04058, 0.03879, 0.03938, 0.03997, 0.03997, 0.03997], [0.03888, 0.03888, 0.03947, 0.03947, 0.03947, 0.03888, 0.03947, 0.04007, 0.04007, 0.04007, 0.03947, 0.04007, 0.04067, 0.04067, 0.04067, 0.03947, 0.04007, 0.04067, 0.04129, 0.04067, 0.03947, 0.04007, 0.04067, 0.04067, 0.04067], [0.0386, 0.03918, 0.03918, 0.03918, 0.03918, 0.03918, 0.03918, 0.03978, 0.03978, 0.03978, 0.03918, 0.03978, 0.04038, 0.04038, 0.04038, 0.03978, 0.04038, 0.04099, 0.04099, 0.04099, 0.03978, 0.04038, 0.04099, 0.04161, 0.04099], [0.03947, 0.04006, 0.04067, 0.04128, 0.04191, 0.03947, 0.04006, 0.04067, 0.04128, 0.04128, 0.03947, 0.03947, 0.04006, 0.04067, 0.04067, 0.03888, 0.03947, 0.03947, 0.04006, 0.04006, 0.0383, 0.03888, 0.03947, 0.03947, 0.03947], [0.03918, 0.03978, 0.04038, 0.04099, 0.04099, 0.03918, 0.03978, 0.04038, 0.04099, 0.04161, 0.03918, 0.03978, 0.04038, 0.04099, 0.04099, 0.03918, 0.03918, 0.03978, 0.04038, 0.04038, 0.0386, 0.03918, 0.03918, 0.03978, 0.03978], [0.03909, 0.03909, 0.03968, 0.04028, 0.04028, 0.03909, 0.03968, 0.04028, 0.04089, 0.04089, 0.03909, 0.03968, 0.04028, 0.04089, 0.04151, 0.03909, 0.03968, 0.04028, 0.04089, 0.04089, 0.03909, 0.03909, 0.03968, 0.04028, 0.04028], [0.0386, 0.03918, 0.03918, 0.03978, 0.03978, 0.03918, 0.03918, 0.03978, 0.04038, 0.04038, 0.03918, 0.03978, 0.04038, 0.04099, 0.04099, 0.03918, 0.03978, 0.04038, 0.04099, 0.04161, 0.03918, 0.03978, 0.04038, 0.04099, 0.04099], [0.0383, 0.03888, 0.03947, 0.03947, 0.03947, 0.03888, 0.03947, 0.03947, 0.04006, 0.04006, 0.03947, 0.03947, 0.04006, 0.04067, 0.04067, 0.03947, 0.04006, 0.04067, 0.04128, 0.04128, 0.03947, 0.04006, 0.04067, 0.04128, 0.04191]]