[[0.04126, 0.04085, 0.04045, 0.04004, 0.03965, 0.04085, 0.04085, 0.04045, 0.04004, 0.03965, 0.04045, 0.04045, 0.04004, 0.03965, 0.03965, 0.04004, 0.04004, 0.03965, 0.03965, 0.03925, 0.03965, 0.03965, 0.03965, 0.03925, 0.03886], [0.04066, 0.04107, 0.04066, 0.04025, 0.03985, 0.04066, 0.04066, 0.04066, 0.04025, 0.03985, 0.04025, 0.04025, 0.04025, 0.03985, 0.03946, 0.03985, 0.03985, 0.03985, 0.03946, 0.03946, 0.03946, 0.03946, 0.03946, 0.03946, 0.03906], [0.04019, 0.04059, 0.041, 0.04059, 0.04019, 0.04019, 0.04059, 0.04059, 0.04059, 0.04019, 0.03979, 0.04019, 0.04019, 0.04019, 0.03979, 0.03939, 0.03979, 0.03979, 0.03979, 0.03939, 0.03939, 0.03939, 0.03939, 0.03939, 0.03939], [0.03985, 0.04025, 0.04066, 0.04107, 0.04066, 0.03985, 0.04025, 0.04066, 0.04066, 0.04066, 0.03946, 0.03985, 0.04025, 0.04025, 0.04025, 0.03946, 0.03946, 0.03985, 0.03985, 0.03985, 0.03906, 0.03946, 0.03946, 0.03946, 0.03946], [0.03965, 0.04004, 0.04045, 0.04085, 0.04126, 0.03965, 0.04004, 0.04045, 0.04085, 0.04085, 0.03965, 0.03965, 0.04004, 0.04045, 0.04045, 0.03925, 0.03965, 0.03965, 0.04004, 0.04004, 0.03886, 0.03925, 0.03965, 0.03965, 0.03965], [0.04066, 0.04066, 0.04025, 0.03985, 0.03946, 0.04107, 0.04066, 0.04025, 0.03985, 0.03946, 0.04066, 0.04066, 0.04025, 0.03985, 0.03946, 0.04025, 0.04025, 0.03985, 0.03946, 0.03946, 0.03985, 0.03985, 0.03946, 0.03946, 0.03906], [0.04045, 0.04045, 0.04045, 0.04005, 0.03965, 0.04045, 0.04085, 0.04045, 0.04005, 0.03965, 0.04045, 0.04045, 0.04045, 0.04005, 0.03965, 0.04005, 0.04005, 0.04005, 0.03965, 0.03925, 0.03965, 0.03965, 0.03965, 0.03925, 0.03925], [0.03998, 0.04038, 0.04038, 0.04038, 0.03998, 0.03998, 0.04038, 0.04079, 0.04038, 0.03998, 0.03998, 0.04038, 0.04038, 0.04038, 0.03998, 0.03958, 0.03998, 0.03998, 0.03998, 0.03958, 0.03919, 0.03958, 0.03958, 0.03958, 0.03919], [0.03965, 0.04005, 0.04045, 0.04045, 0.04045, 0.03965, 0.04005, 0.04045, 0.04085, 0.04045, 0.03965, 0.04005, 0.04045, 0.04045, 0.04045, 0.03925, 0.03965, 0.04005, 0.04005, 0.04005, 0.03925, 0.03925, 0.03965, 0.03965, 0.03965], [0.03946, 0.03985, 0.04025, 0.04066, 0.04066, 0.03946, 0.03985, 0.04025, 0.04066, 0.04107, 0.03946, 0.03985, 0.04025, 0.04066, 0.04066, 0.03946, 0.03946, 0.03985, 0.04025, 0.04025, 0.03906, 0.03946, 0.03946, 0.03985, 0.03985], [0.04019, 0.04019, 0.03979, 0.03939, 0.03939, 0.04059, 0.04059, 0.04019, 0.03979, 0.03939, 0.041, 0.04059, 0.04019, 0.03979, 0.03939, 0.04059, 0.04059, 0.04019, 0.03979, 0.03939, 0.04019, 0.04019, 0.03979, 0.03939, 0.03939], [0.03998, 0.03998, 0.03998, 0.03958, 0.03919, 0.04038, 0.04038, 0.04038, 0.03998, 0.03958, 0.04038, 0.04079, 0.04038, 0.03998, 0.03958, 0.04038, 0.04038, 0.04038, 0.03998, 0.03958, 0.03998, 0.03998, 0.03998, 0.03958, 0.03919], [0.03951, 0.0399, 0.0399, 0.0399, 0.03951, 0.0399, 0.0403, 0.0403, 0.0403, 0.0399, 0.0399, 0.0403, 0.04071, 0.0403, 0.0399, 0.0399, 0.0403, 0.0403, 0.0403, 0.0399, 0.03951, 0.0399, 0.0399, 0.0399, 0.03951], [0.03919, 0.03958, 0.03998, 0.03998, 0.03998, 0.03958, 0.03998, 0.04038, 0.04038, 0.04038, 0.03958, 0.03998, 0.04038, 0.04079, 0.04038, 0.03958, 0.03998, 0.04038, 0.04038, 0.04038, 0.03919, 0.03958, 0.03998, 0.03998, 0.03998], [0.03939, 0.03939, 0.03979, 0.04019, 0.04019, 0.03939, 0.03979, 0.04019, 0.04059, 0.04059, 0.03939, 0.03979, 0.04019, 0.04059, 0.041, 0.03939, 0.03979, 0.04019, 0.04059, 0.04059, 0.03939, 0.03939, 0.03979, 0.04019, 0.04019], [0.03985, 0.03985, 0.03946, 0.03946, 0.03906, 0.04025, 0.04025, 0.03985, 0.03946, 0.03946, 0.04066, 0.04066, 0.04025, 0.03985, 0.03946, 0.04107, 0.04066, 0.04025, 0.03985, 0.03946, 0.04066, 0.04066, 0.04025, 0.03985, 0.03946], [0.03965, 0.03965, 0.03965, 0.03925, 0.03925, 0.04005, 0.04005, 0.04005, 0.03965, 0.03925, 0.04045, 0.04045, 0.04045, 0.04005, 0.03965, 0.04045, 0.04085, 0.04045, 0.04005, 0.03965, 0.04045, 0.04045, 0.04045, 0.04005, 0.03965], [0.03919, 0.03958, 0.03958, 0.03958, 0.03919, 0.03958, 0.03998, 0.03998, 0.03998, 0.03958, 0.03998, 0.04038, 0.04038, 0.04038, 0.03998, 0.03998, 0.04038, 0.04079, 0.04038, 0.03998, 0.03998, 0.04038, 0.04038, 0.04038, 0.03998], [0.03925, 0.03925, 0.03965, 0.03965, 0.03965, 0.03925, 0.03965, 0.04005, 0.04005, 0.04005, 0.03965, 0.04005, 0.04045, 0.04045, 0.04045, 0.03965, 0.04005, 0.04045, 0.04085, 0.04045, 0.03965, 0.04005, 0.04045, 0.04045, 0.04045], [0.03906, 0.03946, 0.03946, 0.03985, 0.03985, 0.03946, 0.03946, 0.03985, 0.04025, 0.04025, 0.03946, 0.03985, 0.04025, 0.04066, 0.04066, 0.03946, 0.03985, 0.04025, 0.04066, 0.04107, 0.03946, 0.03985, 0.04025, 0.04066, 0.04066], [0.03965, 0.03965, 0.03965, 0.03925, 0.03886, 0.04004, 0.04004, 0.03965, 0.03965, 0.03925, 0.04045, 0.04045, 0.04004, 0.03965, 0.03965, 0.04085, 0.04085, 0.04045, 0.04004, 0.03965, 0.04126, 0.04085, 0.04045, 0.04004, 0.03965], [0.03946, 0.03946, 0.03946, 0.03946, 0.03906, 0.03985, 0.03985, 0.03985, 0.03946, 0.03946, 0.04025, 0.04025, 0.04025, 0.03985, 0.03946, 0.04066, 0.04066, 0.04066, 0.04025, 0.03985, 0.04066, 0.04107, 0.04066, 0.04025, 0.03985], [0.03939, 0.03939, 0.03939, 0.03939, 0.03939, 0.03939, 0.03979, 0.03979, 0.03979, 0.03939, 0.03979, 0.04019, 0.04019, 0.04019, 0.03979, 0.04019, 0.04059, 0.04059, 0.04059, 0.04019, 0.04019, 0.04059, 0.041, 0.04059, 0.04019], [0.03906, 0.03946, 0.03946, 0.03946, 0.03946, 0.03946, 0.03946, 0.03985, 0.03985, 0.03985, 0.03946, 0.03985, 0.04025, 0.04025, 0.04025, 0.03985, 0.04025, 0.04066, 0.04066, 0.04066, 0.03985, 0.04025, 0.04066, 0.04107, 0.04066], [0.03886, 0.03925, 0.03965, 0.03965, 0.03965, 0.03925, 0.03965, 0.03965, 0.04004, 0.04004, 0.03965, 0.03965, 0.04004, 0.04045, 0.04045, 0.03965, 0.04004, 0.04045, 0.04085, 0.04085, 0.03965, 0.04004, 0.04045, 0.04085, 0.04126]]