[[0.07759, 0.06165, 0.04898, 0.03892, 0.03092, 0.06165, 0.06165, 0.04898, 0.03892, 0.03092, 0.04898, 0.04898, 0.03892, 0.03092, 0.03092, 0.03892, 0.03892, 0.03092, 0.03092, 0.02457, 0.03092, 0.03092, 0.03092, 0.02457, 0.01952], [0.05578, 0.05578, 0.04432, 0.03521, 0.02798, 0.0702, 0.05578, 0.04432, 0.03521, 0.02798, 0.05578, 0.05578, 0.04432, 0.03521, 0.02798, 0.04432, 0.04432, 0.03521, 0.02798, 0.02798, 0.03521, 0.03521, 0.02798, 0.02798, 0.02223], [0.04298, 0.04298, 0.03415, 0.02713, 0.02713, 0.05409, 0.05409, 0.04298, 0.03415, 0.02713, 0.06808, 0.05409, 0.04298, 0.03415, 0.02713, 0.05409, 0.05409, 0.04298, 0.03415, 0.02713, 0.04298, 0.04298, 0.03415, 0.02713, 0.02713], [0.03521, 0.03521, 0.02798, 0.02798, 0.02223, 0.04432, 0.04432, 0.03521, 0.02798, 0.02798, 0.05578, 0.05578, 0.04432, 0.03521, 0.02798, 0.0702, 0.05578, 0.04432, 0.03521, 0.02798, 0.05578, 0.05578, 0.04432, 0.03521, 0.02798], [0.03092, 0.03092, 0.03092, 0.02457, 0.01952, 0.03892, 0.03892, 0.03092, 0.03092, 0.02457, 0.04898, 0.04898, 0.03892, 0.03092, 0.03092, 0.06165, 0.06165, 0.04898, 0.03892, 0.03092, 0.07759, 0.06165, 0.04898, 0.03892, 0.03092], [0.05578, 0.0702, 0.05578, 0.04432, 0.03521, 0.05578, 0.05578, 0.05578, 0.04432, 0.03521, 0.04432, 0.04432, 0.04432, 0.03521, 0.02798, 0.03521, 0.03521, 0.03521, 0.02798, 0.02798, 0.02798, 0.02798, 0.02798, 0.02798, 0.02223], [0.05013, 0.05013, 0.05013, 0.03983, 0.03164, 0.05013, 0.06309, 0.05013, 0.03983, 0.03164, 0.05013, 0.05013, 0.05013, 0.03983, 0.03164, 0.03983, 0.03983, 0.03983, 0.03164, 0.02514, 0.03164, 0.03164, 0.03164, 0.02514, 0.02514], [0.03863, 0.03863, 0.03863, 0.03069, 0.02439, 0.04862, 0.04862, 0.04862, 0.03863, 0.03069, 0.04862, 0.06119, 0.04862, 0.03863, 0.03069, 0.04862, 0.04862, 0.04862, 0.03863, 0.03069, 0.03863, 0.03863, 0.03863, 0.03069, 0.02439], [0.03164, 0.03164, 0.03164, 0.02514, 0.02514, 0.03983, 0.03983, 0.03983, 0.03164, 0.02514, 0.05013, 0.05013, 0.05013, 0.03983, 0.03164, 0.05013, 0.06309, 0.05013, 0.03983, 0.03164, 0.05013, 0.05013, 0.05013, 0.03983, 0.03164], [0.02798, 0.02798, 0.02798, 0.02798, 0.02223, 0.03521, 0.03521, 0.03521, 0.02798, 0.02798, 0.04432, 0.04432, 0.04432, 0.03521, 0.02798, 0.05578, 0.05578, 0.05578, 0.04432, 0.03521, 0.05578, 0.0702, 0.05578, 0.04432, 0.03521], [0.04298, 0.05409, 0.06808, 0.05409, 0.04298, 0.04298, 0.05409, 0.05409, 0.05409, 0.04298, 0.03415, 0.04298, 0.04298, 0.04298, 0.03415, 0.02713, 0.03415, 0.03415, 0.03415, 0.02713, 0.02713, 0.02713, 0.02713, 0.02713, 0.02713], [0.03863, 0.04862, 0.04862, 0.04862, 0.03863, 0.03863, 0.04862, 0.06119, 0.04862, 0.03863, 0.03863, 0.04862, 0.04862, 0.04862, 0.03863, 0.03069, 0.03863, 0.03863, 0.03863, 0.03069, 0.02439, 0.03069, 0.03069, 0.03069, 0.02439], [0.02961, 0.03727, 0.03727, 0.03727, 0.02961, 0.03727, 0.04691, 0.04691, 0.04691, 0.03727, 0.03727, 0.04691, 0.05904, 0.04691, 0.03727, 0.03727, 0.04691, 0.04691, 0.04691, 0.03727, 0.02961, 0.03727, 0.03727, 0.03727, 0.02961], [0.02439, 0.03069, 0.03069, 0.03069, 0.02439, 0.03069, 0.03863, 0.03863, 0.03863, 0.03069, 0.03863, 0.04862, 0.04862, 0.04862, 0.03863, 0.03863, 0.04862, 0.06119, 0.04862, 0.03863, 0.03863, 0.04862, 0.04862, 0.04862, 0.03863], [0.02713, 0.02713, 0.02713, 0.02713, 0.02713, 0.02713, 0.03415, 0.03415, 0.03415, 0.02713, 0.03415, 0.04298, 0.04298, 0.04298, 0.03415, 0.04298, 0.05409, 0.05409, 0.05409, 0.04298, 0.04298, 0.05409, 0.06808, 0.05409, 0.04298], [0.03521, 0.04432, 0.05578, 0.0702, 0.05578, 0.03521, 0.04432, 0.05578, 0.05578, 0.05578, 0.02798, 0.03521, 0.04432, 0.04432, 0.04432, 0.02798, 0.02798, 0.03521, 0.03521, 0.03521, 0.02223, 0.02798, 0.02798, 0.02798, 0.02798], [0.03164, 0.03983, 0.05013, 0.05013, 0.05013, 0.03164, 0.03983, 0.05013, 0.06309, 0.05013, 0.03164, 0.03983, 0.05013, 0.05013, 0.05013, 0.02514, 0.03164, 0.03983, 0.03983, 0.03983, 0.02514, 0.02514, 0.03164, 0.03164, 0.03164], [0.02439, 0.03069, 0.03863, 0.03863, 0.03863, 0.03069, 0.03863, 0.04862, 0.04862, 0.04862, 0.03069, 0.03863, 0.04862, 0.06119, 0.04862, 0.03069, 0.03863, 0.04862, 0.04862, 0.04862, 0.02439, 0.03069, 0.03863, 0.03863, 0.03863], [0.02514, 0.02514, 0.03164, 0.03164, 0.03164, 0.02514, 0.03164, 0.03983, 0.03983, 0.03983, 0.03164, 0.03983, 0.05013, 0.05013, 0.05013, 0.03164, 0.03983, 0.05013, 0.06309, 0.05013, 0.03164, 0.03983, 0.05013, 0.05013, 0.05013], [0.02223, 0.02798, 0.02798, 0.02798, 0.02798, 0.02798, 0.02798, 0.03521, 0.03521, 0.03521, 0.02798, 0.03521, 0.04432, 0.04432, 0.04432, 0.03521, 0.04432, 0.05578, 0.05578, 0.05578, 0.03521, 0.04432, 0.05578, 0.0702, 0.05578], [0.03092, 0.03892, 0.04898, 0.06165, 0.07759, 0.03092, 0.03892, 0.04898, 0.06165, 0.06165, 0.03092, 0.03092, 0.03892, 0.04898, 0.04898, 0.02457, 0.03092, 0.03092, 0.03892, 0.03892, 0.01952, 0.02457, 0.03092, 0.03092, 0.03092], [0.02798, 0.03521, 0.04432, 0.05578, 0.05578, 0.02798, 0.03521, 0.04432, 0.05578, 0.0702, 0.02798, 0.03521, 0.04432, 0.05578, 0.05578, 0.02798, 0.02798, 0.03521, 0.04432, 0.04432, 0.02223, 0.02798, 0.02798, 0.03521, 0.03521], [0.02713, 0.02713, 0.03415, 0.04298, 0.04298, 0.02713, 0.03415, 0.04298, 0.05409, 0.05409, 0.02713, 0.03415, 0.04298, 0.05409, 0.06808, 0.02713, 0.03415, 0.04298, 0.05409, 0.05409, 0.02713, 0.02713, 0.03415, 0.04298, 0.04298], [0.02223, 0.02798, 0.02798, 0.03521, 0.03521, 0.02798, 0.02798, 0.03521, 0.04432, 0.04432, 0.02798, 0.03521, 0.04432, 0.05578, 0.05578, 0.02798, 0.03521, 0.04432, 0.05578, 0.0702, 0.02798, 0.03521, 0.04432, 0.05578, 0.05578], [0.01952, 0.02457, 0.03092, 0.03092, 0.03092, 0.02457, 0.03092, 0.03092, 0.03892, 0.03892, 0.03092, 0.03092, 0.03892, 0.04898, 0.04898, 0.03092, 0.03892, 0.04898, 0.06165, 0.06165, 0.03092, 0.03892, 0.04898, 0.06165, 0.07759]]