[[0.04322, 0.04215, 0.04111, 0.04009, 0.0391, 0.04215, 0.04215, 0.04111, 0.04009, 0.0391, 0.04111, 0.04111, 0.04009, 0.0391, 0.0391, 0.04009, 0.04009, 0.0391, 0.0391, 0.03814, 0.0391, 0.0391, 0.0391, 0.03814, 0.0372], [0.04165, 0.04165, 0.04062, 0.03962, 0.03864, 0.04271, 0.04165, 0.04062, 0.03962, 0.03864, 0.04165, 0.04165, 0.04062, 0.03962, 0.03864, 0.04062, 0.04062, 0.03962, 0.03864, 0.03864, 0.03962, 0.03962, 0.03864, 0.03864, 0.03769], [0.04046, 0.04046, 0.03947, 0.03849, 0.03849, 0.04149, 0.04149, 0.04046, 0.03947, 0.03849, 0.04254, 0.04149, 0.04046, 0.03947, 0.03849, 0.04149, 0.04149, 0.04046, 0.03947, 0.03849, 0.04046, 0.04046, 0.03947, 0.03849, 0.03849], [0.03962, 0.03962, 0.03864, 0.03864, 0.03769, 0.04062, 0.04062, 0.03962, 0.03864, 0.03864, 0.04165, 0.04165, 0.04062, 0.03962, 0.03864, 0.04271, 0.04165, 0.04062, 0.03962, 0.03864, 0.04165, 0.04165, 0.04062, 0.03962, 0.03864], [0.0391, 0.0391, 0.0391, 0.03814, 0.0372, 0.04009, 0.04009, 0.0391, 0.0391, 0.03814, 0.04111, 0.04111, 0.04009, 0.0391, 0.0391, 0.04215, 0.04215, 0.04111, 0.04009, 0.0391, 0.04322, 0.04215, 0.04111, 0.04009, 0.0391], [0.04165, 0.04271, 0.04165, 0.04062, 0.03962, 0.04165, 0.04165, 0.04165, 0.04062, 0.03962, 0.04062, 0.04062, 0.04062, 0.03962, 0.03864, 0.03962, 0.03962, 0.03962, 0.03864, 0.03864, 0.03864, 0.03864, 0.03864, 0.03864, 0.03769], [0.04112, 0.04112, 0.04112, 0.0401, 0.03911, 0.04112, 0.04216, 0.04112, 0.0401, 0.03911, 0.04112, 0.04112, 0.04112, 0.0401, 0.03911, 0.0401, 0.0401, 0.0401, 0.03911, 0.03815, 0.03911, 0.03911, 0.03911, 0.03815, 0.03815], [0.03995, 0.03995, 0.03995, 0.03896, 0.038, 0.04096, 0.04096, 0.04096, 0.03995, 0.03896, 0.04096, 0.042, 0.04096, 0.03995, 0.03896, 0.04096, 0.04096, 0.04096, 0.03995, 0.03896, 0.03995, 0.03995, 0.03995, 0.03896, 0.038], [0.03911, 0.03911, 0.03911, 0.03815, 0.03815, 0.0401, 0.0401, 0.0401, 0.03911, 0.03815, 0.04112, 0.04112, 0.04112, 0.0401, 0.03911, 0.04112, 0.04216, 0.04112, 0.0401, 0.03911, 0.04112, 0.04112, 0.04112, 0.0401, 0.03911], [0.03864, 0.03864, 0.03864, 0.03864, 0.03769, 0.03962, 0.03962, 0.03962, 0.03864, 0.03864, 0.04062, 0.04062, 0.04062, 0.03962, 0.03864, 0.04165, 0.04165, 0.04165, 0.04062, 0.03962, 0.04165, 0.04271, 0.04165, 0.04062, 0.03962], [0.04046, 0.04149, 0.04254, 0.04149, 0.04046, 0.04046, 0.04149, 0.04149, 0.04149, 0.04046, 0.03947, 0.04046, 0.04046, 0.04046, 0.03947, 0.03849, 0.03947, 0.03947, 0.03947, 0.03849, 0.03849, 0.03849, 0.03849, 0.03849, 0.03849], [0.03995, 0.04096, 0.04096, 0.04096, 0.03995, 0.03995, 0.04096, 0.042, 0.04096, 0.03995, 0.03995, 0.04096, 0.04096, 0.04096, 0.03995, 0.03896, 0.03995, 0.03995, 0.03995, 0.03896, 0.038, 0.03896, 0.03896, 0.03896, 0.038], [0.03877, 0.03975, 0.03975, 0.03975, 0.03877, 0.03975, 0.04076, 0.04076, 0.04076, 0.03975, 0.03975, 0.04076, 0.04179, 0.04076, 0.03975, 0.03975, 0.04076, 0.04076, 0.04076, 0.03975, 0.03877, 0.03975, 0.03975, 0.03975, 0.03877], [0.038, 0.03896, 0.03896, 0.03896, 0.038, 0.03896, 0.03995, 0.03995, 0.03995, 0.03896, 0.03995, 0.04096, 0.04096, 0.04096, 0.03995, 0.03995, 0.04096, 0.042, 0.04096, 0.03995, 0.03995, 0.04096, 0.04096, 0.04096, 0.03995], [0.03849, 0.03849, 0.03849, 0.03849, 0.03849, 0.03849, 0.03947, 0.03947, 0.03947, 0.03849, 0.03947, 0.04046, 0.04046, 0.04046, 0.03947, 0.04046, 0.04149, 0.04149, 0.04149, 0.04046, 0.04046, 0.04149, 0.04254, 0.04149, 0.04046], [0.03962, 0.04062, 0.04165, 0.04271, 0.04165, 0.03962, 0.04062, 0.04165, 0.04165, 0.04165, 0.03864, 0.03962, 0.04062, 0.04062, 0.04062, 0.03864, 0.03864, 0.03962, 0.03962, 0.03962, 0.03769, 0.03864, 0.03864, 0.03864, 0.03864], [0.03911, 0.0401, 0.04112, 0.04112, 0.04112, 0.03911, 0.0401, 0.04112, 0.04216, 0.04112, 0.03911, 0.0401, 0.04112, 0.04112, 0.04112, 0.03815, 0.03911, 0.0401, 0.0401, 0.0401, 0.03815, 0.03815, 0.03911, 0.03911, 0.03911], [0.038, 0.03896, 0.03995, 0.03995, 0.03995, 0.03896, 0.03995, 0.04096, 0.04096, 0.04096, 0.03896, 0.03995, 0.04096, 0.042, 0.04096, 0.03896, 0.03995, 0.04096, 0.04096, 0.04096, 0.038, 0.03896, 0.03995, 0.03995, 0.03995], [0.03815, 0.03815, 0.03911, 0.03911, 0.03911, 0.03815, 0.03911, 0.0401, 0.0401, 0.0401, 0.03911, 0.0401, 0.04112, 0.04112, 0.04112, 0.03911, 0.0401, 0.04112, 0.04216, 0.04112, 0.03911, 0.0401, 0.04112, 0.04112, 0.04112], [0.03769, 0.03864, 0.03864, 0.03864, 0.03864, 0.03864, 0.03864, 0.03962, 0.03962, 0.03962, 0.03864, 0.03962, 0.04062, 0.04062, 0.04062, 0.03962, 0.04062, 0.04165, 0.04165, 0.04165, 0.03962, 0.04062, 0.04165, 0.04271, 0.04165], [0.0391, 0.04009, 0.04111, 0.04215, 0.04322, 0.0391, 0.04009, 0.04111, 0.04215, 0.04215, 0.0391, 0.0391, 0.04009, 0.04111, 0.04111, 0.03814, 0.0391, 0.0391, 0.04009, 0.04009, 0.0372, 0.03814, 0.0391, 0.0391, 0.0391], [0.03864, 0.03962, 0.04062, 0.04165, 0.04165, 0.03864, 0.03962, 0.04062, 0.04165, 0.04271, 0.03864, 0.03962, 0.04062, 0.04165, 0.04165, 0.03864, 0.03864, 0.03962, 0.04062, 0.04062, 0.03769, 0.03864, 0.03864, 0.03962, 0.03962], [0.03849, 0.03849, 0.03947, 0.04046, 0.04046, 0.03849, 0.03947, 0.04046, 0.04149, 0.04149, 0.03849, 0.03947, 0.04046, 0.04149, 0.04254, 0.03849, 0.03947, 0.04046, 0.04149, 0.04149, 0.03849, 0.03849, 0.03947, 0.04046, 0.04046], [0.03769, 0.03864, 0.03864, 0.03962, 0.03962, 0.03864, 0.03864, 0.03962, 0.04062, 0.04062, 0.03864, 0.03962, 0.04062, 0.04165, 0.04165, 0.03864, 0.03962, 0.04062, 0.04165, 0.04271, 0.03864, 0.03962, 0.04062, 0.04165, 0.04165], [0.0372, 0.03814, 0.0391, 0.0391, 0.0391, 0.03814, 0.0391, 0.0391, 0.04009, 0.04009, 0.0391, 0.0391, 0.04009, 0.04111, 0.04111, 0.0391, 0.04009, 0.04111, 0.04215, 0.04215, 0.0391, 0.04009, 0.04111, 0.04215, 0.04322]]