[[0.04133, 0.0409, 0.04047, 0.04005, 0.03963, 0.0409, 0.0409, 0.04047, 0.04005, 0.03963, 0.04047, 0.04047, 0.04005, 0.03963, 0.03963, 0.04005, 0.04005, 0.03963, 0.03963, 0.03921, 0.03963, 0.03963, 0.03963, 0.03921, 0.0388], [0.04069, 0.04112, 0.04069, 0.04027, 0.03985, 0.04069, 0.04069, 0.04069, 0.04027, 0.03985, 0.04027, 0.04027, 0.04027, 0.03985, 0.03943, 0.03985, 0.03985, 0.03985, 0.03943, 0.03943, 0.03943, 0.03943, 0.03943, 0.03943, 0.03902], [0.0402, 0.04062, 0.04105, 0.04062, 0.0402, 0.0402, 0.04062, 0.04062, 0.04062, 0.0402, 0.03978, 0.0402, 0.0402, 0.0402, 0.03978, 0.03936, 0.03978, 0.03978, 0.03978, 0.03936, 0.03936, 0.03936, 0.03936, 0.03936, 0.03936], [0.03985, 0.04027, 0.04069, 0.04112, 0.04069, 0.03985, 0.04027, 0.04069, 0.04069, 0.04069, 0.03943, 0.03985, 0.04027, 0.04027, 0.04027, 0.03943, 0.03943, 0.03985, 0.03985, 0.03985, 0.03902, 0.03943, 0.03943, 0.03943, 0.03943], [0.03963, 0.04005, 0.04047, 0.0409, 0.04133, 0.03963, 0.04005, 0.04047, 0.0409, 0.0409, 0.03963, 0.03963, 0.04005, 0.04047, 0.04047, 0.03921, 0.03963, 0.03963, 0.04005, 0.04005, 0.0388, 0.03921, 0.03963, 0.03963, 0.03963], [0.04069, 0.04069, 0.04027, 0.03985, 0.03943, 0.04112, 0.04069, 0.04027, 0.03985, 0.03943, 0.04069, 0.04069, 0.04027, 0.03985, 0.03943, 0.04027, 0.04027, 0.03985, 0.03943, 0.03943, 0.03985, 0.03985, 0.03943, 0.03943, 0.03902], [0.04047, 0.04047, 0.04047, 0.04005, 0.03963, 0.04047, 0.0409, 0.04047, 0.04005, 0.03963, 0.04047, 0.04047, 0.04047, 0.04005, 0.03963, 0.04005, 0.04005, 0.04005, 0.03963, 0.03922, 0.03963, 0.03963, 0.03963, 0.03922, 0.03922], [0.03998, 0.0404, 0.0404, 0.0404, 0.03998, 0.03998, 0.0404, 0.04083, 0.0404, 0.03998, 0.03998, 0.0404, 0.0404, 0.0404, 0.03998, 0.03956, 0.03998, 0.03998, 0.03998, 0.03956, 0.03915, 0.03956, 0.03956, 0.03956, 0.03915], [0.03963, 0.04005, 0.04047, 0.04047, 0.04047, 0.03963, 0.04005, 0.04047, 0.0409, 0.04047, 0.03963, 0.04005, 0.04047, 0.04047, 0.04047, 0.03922, 0.03963, 0.04005, 0.04005, 0.04005, 0.03922, 0.03922, 0.03963, 0.03963, 0.03963], [0.03943, 0.03985, 0.04027, 0.04069, 0.04069, 0.03943, 0.03985, 0.04027, 0.04069, 0.04112, 0.03943, 0.03985, 0.04027, 0.04069, 0.04069, 0.03943, 0.03943, 0.03985, 0.04027, 0.04027, 0.03902, 0.03943, 0.03943, 0.03985, 0.03985], [0.0402, 0.0402, 0.03978, 0.03936, 0.03936, 0.04062, 0.04062, 0.0402, 0.03978, 0.03936, 0.04105, 0.04062, 0.0402, 0.03978, 0.03936, 0.04062, 0.04062, 0.0402, 0.03978, 0.03936, 0.0402, 0.0402, 0.03978, 0.03936, 0.03936], [0.03998, 0.03998, 0.03998, 0.03956, 0.03915, 0.0404, 0.0404, 0.0404, 0.03998, 0.03956, 0.0404, 0.04083, 0.0404, 0.03998, 0.03956, 0.0404, 0.0404, 0.0404, 0.03998, 0.03956, 0.03998, 0.03998, 0.03998, 0.03956, 0.03915], [0.03948, 0.0399, 0.0399, 0.0399, 0.03948, 0.0399, 0.04032, 0.04032, 0.04032, 0.0399, 0.0399, 0.04032, 0.04074, 0.04032, 0.0399, 0.0399, 0.04032, 0.04032, 0.04032, 0.0399, 0.03948, 0.0399, 0.0399, 0.0399, 0.03948], [0.03915, 0.03956, 0.03998, 0.03998, 0.03998, 0.03956, 0.03998, 0.0404, 0.0404, 0.0404, 0.03956, 0.03998, 0.0404, 0.04083, 0.0404, 0.03956, 0.03998, 0.0404, 0.0404, 0.0404, 0.03915, 0.03956, 0.03998, 0.03998, 0.03998], [0.03936, 0.03936, 0.03978, 0.0402, 0.0402, 0.03936, 0.03978, 0.0402, 0.04062, 0.04062, 0.03936, 0.03978, 0.0402, 0.04062, 0.04105, 0.03936, 0.03978, 0.0402, 0.04062, 0.04062, 0.03936, 0.03936, 0.03978, 0.0402, 0.0402], [0.03985, 0.03985, 0.03943, 0.03943, 0.03902, 0.04027, 0.04027, 0.03985, 0.03943, 0.03943, 0.04069, 0.04069, 0.04027, 0.03985, 0.03943, 0.04112, 0.04069, 0.04027, 0.03985, 0.03943, 0.04069, 0.04069, 0.04027, 0.03985, 0.03943], [0.03963, 0.03963, 0.03963, 0.03922, 0.03922, 0.04005, 0.04005, 0.04005, 0.03963, 0.03922, 0.04047, 0.04047, 0.04047, 0.04005, 0.03963, 0.04047, 0.0409, 0.04047, 0.04005, 0.03963, 0.04047, 0.04047, 0.04047, 0.04005, 0.03963], [0.03915, 0.03956, 0.03956, 0.03956, 0.03915, 0.03956, 0.03998, 0.03998, 0.03998, 0.03956, 0.03998, 0.0404, 0.0404, 0.0404, 0.03998, 0.03998, 0.0404, 0.04083, 0.0404, 0.03998, 0.03998, 0.0404, 0.0404, 0.0404, 0.03998], [0.03922, 0.03922, 0.03963, 0.03963, 0.03963, 0.03922, 0.03963, 0.04005, 0.04005, 0.04005, 0.03963, 0.04005, 0.04047, 0.04047, 0.04047, 0.03963, 0.04005, 0.04047, 0.0409, 0.04047, 0.03963, 0.04005, 0.04047, 0.04047, 0.04047], [0.03902, 0.03943, 0.03943, 0.03985, 0.03985, 0.03943, 0.03943, 0.03985, 0.04027, 0.04027, 0.03943, 0.03985, 0.04027, 0.04069, 0.04069, 0.03943, 0.03985, 0.04027, 0.04069, 0.04112, 0.03943, 0.03985, 0.04027, 0.04069, 0.04069], [0.03963, 0.03963, 0.03963, 0.03921, 0.0388, 0.04005, 0.04005, 0.03963, 0.03963, 0.03921, 0.04047, 0.04047, 0.04005, 0.03963, 0.03963, 0.0409, 0.0409, 0.04047, 0.04005, 0.03963, 0.04133, 0.0409, 0.04047, 0.04005, 0.03963], [0.03943, 0.03943, 0.03943, 0.03943, 0.03902, 0.03985, 0.03985, 0.03985, 0.03943, 0.03943, 0.04027, 0.04027, 0.04027, 0.03985, 0.03943, 0.04069, 0.04069, 0.04069, 0.04027, 0.03985, 0.04069, 0.04112, 0.04069, 0.04027, 0.03985], [0.03936, 0.03936, 0.03936, 0.03936, 0.03936, 0.03936, 0.03978, 0.03978, 0.03978, 0.03936, 0.03978, 0.0402, 0.0402, 0.0402, 0.03978, 0.0402, 0.04062, 0.04062, 0.04062, 0.0402, 0.0402, 0.04062, 0.04105, 0.04062, 0.0402], [0.03902, 0.03943, 0.03943, 0.03943, 0.03943, 0.03943, 0.03943, 0.03985, 0.03985, 0.03985, 0.03943, 0.03985, 0.04027, 0.04027, 0.04027, 0.03985, 0.04027, 0.04069, 0.04069, 0.04069, 0.03985, 0.04027, 0.04069, 0.04112, 0.04069], [0.0388, 0.03921, 0.03963, 0.03963, 0.03963, 0.03921, 0.03963, 0.03963, 0.04005, 0.04005, 0.03963, 0.03963, 0.04005, 0.04047, 0.04047, 0.03963, 0.04005, 0.04047, 0.0409, 0.0409, 0.03963, 0.04005, 0.04047, 0.0409, 0.04133]]