[[0.07066, 0.05814, 0.04784, 0.03936, 0.03239, 0.05814, 0.05814, 0.04784, 0.03936, 0.03239, 0.04784, 0.04784, 0.03936, 0.03239, 0.03239, 0.03936, 0.03936, 0.03239, 0.03239, 0.02665, 0.03239, 0.03239, 0.03239, 0.02665, 0.02193], [0.05333, 0.05333, 0.04388, 0.03611, 0.02971, 0.06482, 0.05333, 0.04388, 0.03611, 0.02971, 0.05333, 0.05333, 0.04388, 0.03611, 0.02971, 0.04388, 0.04388, 0.03611, 0.02971, 0.02971, 0.03611, 0.03611, 0.02971, 0.02971, 0.02445], [0.04272, 0.04272, 0.03515, 0.02893, 0.02893, 0.05192, 0.05192, 0.04272, 0.03515, 0.02893, 0.0631, 0.05192, 0.04272, 0.03515, 0.02893, 0.05192, 0.05192, 0.04272, 0.03515, 0.02893, 0.04272, 0.04272, 0.03515, 0.02893, 0.02893], [0.03611, 0.03611, 0.02971, 0.02971, 0.02445, 0.04388, 0.04388, 0.03611, 0.02971, 0.02971, 0.05333, 0.05333, 0.04388, 0.03611, 0.02971, 0.06482, 0.05333, 0.04388, 0.03611, 0.02971, 0.05333, 0.05333, 0.04388, 0.03611, 0.02971], [0.03239, 0.03239, 0.03239, 0.02665, 0.02193, 0.03936, 0.03936, 0.03239, 0.03239, 0.02665, 0.04784, 0.04784, 0.03936, 0.03239, 0.03239, 0.05814, 0.05814, 0.04784, 0.03936, 0.03239, 0.07066, 0.05814, 0.04784, 0.03936, 0.03239], [0.05333, 0.06482, 0.05333, 0.04388, 0.03611, 0.05333, 0.05333, 0.05333, 0.04388, 0.03611, 0.04388, 0.04388, 0.04388, 0.03611, 0.02971, 0.03611, 0.03611, 0.03611, 0.02971, 0.02971, 0.02971, 0.02971, 0.02971, 0.02971, 0.02445], [0.04863, 0.04863, 0.04863, 0.04002, 0.03293, 0.04863, 0.0591, 0.04863, 0.04002, 0.03293, 0.04863, 0.04863, 0.04863, 0.04002, 0.03293, 0.04002, 0.04002, 0.04002, 0.03293, 0.02709, 0.03293, 0.03293, 0.03293, 0.02709, 0.02709], [0.03896, 0.03896, 0.03896, 0.03206, 0.02638, 0.04735, 0.04735, 0.04735, 0.03896, 0.03206, 0.04735, 0.05754, 0.04735, 0.03896, 0.03206, 0.04735, 0.04735, 0.04735, 0.03896, 0.03206, 0.03896, 0.03896, 0.03896, 0.03206, 0.02638], [0.03293, 0.03293, 0.03293, 0.02709, 0.02709, 0.04002, 0.04002, 0.04002, 0.03293, 0.02709, 0.04863, 0.04863, 0.04863, 0.04002, 0.03293, 0.04863, 0.0591, 0.04863, 0.04002, 0.03293, 0.04863, 0.04863, 0.04863, 0.04002, 0.03293], [0.02971, 0.02971, 0.02971, 0.02971, 0.02445, 0.03611, 0.03611, 0.03611, 0.02971, 0.02971, 0.04388, 0.04388, 0.04388, 0.03611, 0.02971, 0.05333, 0.05333, 0.05333, 0.04388, 0.03611, 0.05333, 0.06482, 0.05333, 0.04388, 0.03611], [0.04272, 0.05192, 0.0631, 0.05192, 0.04272, 0.04272, 0.05192, 0.05192, 0.05192, 0.04272, 0.03515, 0.04272, 0.04272, 0.04272, 0.03515, 0.02893, 0.03515, 0.03515, 0.03515, 0.02893, 0.02893, 0.02893, 0.02893, 0.02893, 0.02893], [0.03896, 0.04735, 0.04735, 0.04735, 0.03896, 0.03896, 0.04735, 0.05754, 0.04735, 0.03896, 0.03896, 0.04735, 0.04735, 0.04735, 0.03896, 0.03206, 0.03896, 0.03896, 0.03896, 0.03206, 0.02638, 0.03206, 0.03206, 0.03206, 0.02638], [0.03106, 0.03775, 0.03775, 0.03775, 0.03106, 0.03775, 0.04588, 0.04588, 0.04588, 0.03775, 0.03775, 0.04588, 0.05575, 0.04588, 0.03775, 0.03775, 0.04588, 0.04588, 0.04588, 0.03775, 0.03106, 0.03775, 0.03775, 0.03775, 0.03106], [0.02638, 0.03206, 0.03206, 0.03206, 0.02638, 0.03206, 0.03896, 0.03896, 0.03896, 0.03206, 0.03896, 0.04735, 0.04735, 0.04735, 0.03896, 0.03896, 0.04735, 0.05754, 0.04735, 0.03896, 0.03896, 0.04735, 0.04735, 0.04735, 0.03896], [0.02893, 0.02893, 0.02893, 0.02893, 0.02893, 0.02893, 0.03515, 0.03515, 0.03515, 0.02893, 0.03515, 0.04272, 0.04272, 0.04272, 0.03515, 0.04272, 0.05192, 0.05192, 0.05192, 0.04272, 0.04272, 0.05192, 0.0631, 0.05192, 0.04272], [0.03611, 0.04388, 0.05333, 0.06482, 0.05333, 0.03611, 0.04388, 0.05333, 0.05333, 0.05333, 0.02971, 0.03611, 0.04388, 0.04388, 0.04388, 0.02971, 0.02971, 0.03611, 0.03611, 0.03611, 0.02445, 0.02971, 0.02971, 0.02971, 0.02971], [0.03293, 0.04002, 0.04863, 0.04863, 0.04863, 0.03293, 0.04002, 0.04863, 0.0591, 0.04863, 0.03293, 0.04002, 0.04863, 0.04863, 0.04863, 0.02709, 0.03293, 0.04002, 0.04002, 0.04002, 0.02709, 0.02709, 0.03293, 0.03293, 0.03293], [0.02638, 0.03206, 0.03896, 0.03896, 0.03896, 0.03206, 0.03896, 0.04735, 0.04735, 0.04735, 0.03206, 0.03896, 0.04735, 0.05754, 0.04735, 0.03206, 0.03896, 0.04735, 0.04735, 0.04735, 0.02638, 0.03206, 0.03896, 0.03896, 0.03896], [0.02709, 0.02709, 0.03293, 0.03293, 0.03293, 0.02709, 0.03293, 0.04002, 0.04002, 0.04002, 0.03293, 0.04002, 0.04863, 0.04863, 0.04863, 0.03293, 0.04002, 0.04863, 0.0591, 0.04863, 0.03293, 0.04002, 0.04863, 0.04863, 0.04863], [0.02445, 0.02971, 0.02971, 0.02971, 0.02971, 0.02971, 0.02971, 0.03611, 0.03611, 0.03611, 0.02971, 0.03611, 0.04388, 0.04388, 0.04388, 0.03611, 0.04388, 0.05333, 0.05333, 0.05333, 0.03611, 0.04388, 0.05333, 0.06482, 0.05333], [0.03239, 0.03936, 0.04784, 0.05814, 0.07066, 0.03239, 0.03936, 0.04784, 0.05814, 0.05814, 0.03239, 0.03239, 0.03936, 0.04784, 0.04784, 0.02665, 0.03239, 0.03239, 0.03936, 0.03936, 0.02193, 0.02665, 0.03239, 0.03239, 0.03239], [0.02971, 0.03611, 0.04388, 0.05333, 0.05333, 0.02971, 0.03611, 0.04388, 0.05333, 0.06482, 0.02971, 0.03611, 0.04388, 0.05333, 0.05333, 0.02971, 0.02971, 0.03611, 0.04388, 0.04388, 0.02445, 0.02971, 0.02971, 0.03611, 0.03611], [0.02893, 0.02893, 0.03515, 0.04272, 0.04272, 0.02893, 0.03515, 0.04272, 0.05192, 0.05192, 0.02893, 0.03515, 0.04272, 0.05192, 0.0631, 0.02893, 0.03515, 0.04272, 0.05192, 0.05192, 0.02893, 0.02893, 0.03515, 0.04272, 0.04272], [0.02445, 0.02971, 0.02971, 0.03611, 0.03611, 0.02971, 0.02971, 0.03611, 0.04388, 0.04388, 0.02971, 0.03611, 0.04388, 0.05333, 0.05333, 0.02971, 0.03611, 0.04388, 0.05333, 0.06482, 0.02971, 0.03611, 0.04388, 0.05333, 0.05333], [0.02193, 0.02665, 0.03239, 0.03239, 0.03239, 0.02665, 0.03239, 0.03239, 0.03936, 0.03936, 0.03239, 0.03239, 0.03936, 0.04784, 0.04784, 0.03239, 0.03936, 0.04784, 0.05814, 0.05814, 0.03239, 0.03936, 0.04784, 0.05814, 0.07066]]