[[0.04217, 0.04146, 0.04076, 0.04007, 0.03939, 0.04146, 0.04146, 0.04076, 0.04007, 0.03939, 0.04076, 0.04076, 0.04007, 0.03939, 0.03939, 0.04007, 0.04007, 0.03939, 0.03939, 0.03873, 0.03939, 0.03939, 0.03939, 0.03873, 0.03808], [0.04112, 0.04183, 0.04112, 0.04043, 0.03975, 0.04112, 0.04112, 0.04112, 0.04043, 0.03975, 0.04043, 0.04043, 0.04043, 0.03975, 0.03908, 0.03975, 0.03975, 0.03975, 0.03908, 0.03908, 0.03908, 0.03908, 0.03908, 0.03908, 0.03842], [0.04032, 0.04101, 0.04171, 0.04101, 0.04032, 0.04032, 0.04101, 0.04101, 0.04101, 0.04032, 0.03964, 0.04032, 0.04032, 0.04032, 0.03964, 0.03897, 0.03964, 0.03964, 0.03964, 0.03897, 0.03897, 0.03897, 0.03897, 0.03897, 0.03897], [0.03975, 0.04043, 0.04112, 0.04183, 0.04112, 0.03975, 0.04043, 0.04112, 0.04112, 0.04112, 0.03908, 0.03975, 0.04043, 0.04043, 0.04043, 0.03908, 0.03908, 0.03975, 0.03975, 0.03975, 0.03842, 0.03908, 0.03908, 0.03908, 0.03908], [0.03939, 0.04007, 0.04076, 0.04146, 0.04217, 0.03939, 0.04007, 0.04076, 0.04146, 0.04146, 0.03939, 0.03939, 0.04007, 0.04076, 0.04076, 0.03873, 0.03939, 0.03939, 0.04007, 0.04007, 0.03808, 0.03873, 0.03939, 0.03939, 0.03939], [0.04112, 0.04112, 0.04043, 0.03975, 0.03908, 0.04183, 0.04112, 0.04043, 0.03975, 0.03908, 0.04112, 0.04112, 0.04043, 0.03975, 0.03908, 0.04043, 0.04043, 0.03975, 0.03908, 0.03908, 0.03975, 0.03975, 0.03908, 0.03908, 0.03842], [0.04076, 0.04076, 0.04076, 0.04007, 0.0394, 0.04076, 0.04146, 0.04076, 0.04007, 0.0394, 0.04076, 0.04076, 0.04076, 0.04007, 0.0394, 0.04007, 0.04007, 0.04007, 0.0394, 0.03873, 0.0394, 0.0394, 0.0394, 0.03873, 0.03873], [0.03997, 0.04065, 0.04065, 0.04065, 0.03997, 0.03997, 0.04065, 0.04135, 0.04065, 0.03997, 0.03997, 0.04065, 0.04065, 0.04065, 0.03997, 0.03929, 0.03997, 0.03997, 0.03997, 0.03929, 0.03863, 0.03929, 0.03929, 0.03929, 0.03863], [0.0394, 0.04007, 0.04076, 0.04076, 0.04076, 0.0394, 0.04007, 0.04076, 0.04146, 0.04076, 0.0394, 0.04007, 0.04076, 0.04076, 0.04076, 0.03873, 0.0394, 0.04007, 0.04007, 0.04007, 0.03873, 0.03873, 0.0394, 0.0394, 0.0394], [0.03908, 0.03975, 0.04043, 0.04112, 0.04112, 0.03908, 0.03975, 0.04043, 0.04112, 0.04183, 0.03908, 0.03975, 0.04043, 0.04112, 0.04112, 0.03908, 0.03908, 0.03975, 0.04043, 0.04043, 0.03842, 0.03908, 0.03908, 0.03975, 0.03975], [0.04032, 0.04032, 0.03964, 0.03897, 0.03897, 0.04101, 0.04101, 0.04032, 0.03964, 0.03897, 0.04171, 0.04101, 0.04032, 0.03964, 0.03897, 0.04101, 0.04101, 0.04032, 0.03964, 0.03897, 0.04032, 0.04032, 0.03964, 0.03897, 0.03897], [0.03997, 0.03997, 0.03997, 0.03929, 0.03863, 0.04065, 0.04065, 0.04065, 0.03997, 0.03929, 0.04065, 0.04135, 0.04065, 0.03997, 0.03929, 0.04065, 0.04065, 0.04065, 0.03997, 0.03929, 0.03997, 0.03997, 0.03997, 0.03929, 0.03863], [0.03916, 0.03983, 0.03983, 0.03983, 0.03916, 0.03983, 0.04052, 0.04052, 0.04052, 0.03983, 0.03983, 0.04052, 0.04121, 0.04052, 0.03983, 0.03983, 0.04052, 0.04052, 0.04052, 0.03983, 0.03916, 0.03983, 0.03983, 0.03983, 0.03916], [0.03863, 0.03929, 0.03997, 0.03997, 0.03997, 0.03929, 0.03997, 0.04065, 0.04065, 0.04065, 0.03929, 0.03997, 0.04065, 0.04135, 0.04065, 0.03929, 0.03997, 0.04065, 0.04065, 0.04065, 0.03863, 0.03929, 0.03997, 0.03997, 0.03997], [0.03897, 0.03897, 0.03964, 0.04032, 0.04032, 0.03897, 0.03964, 0.04032, 0.04101, 0.04101, 0.03897, 0.03964, 0.04032, 0.04101, 0.04171, 0.03897, 0.03964, 0.04032, 0.04101, 0.04101, 0.03897, 0.03897, 0.03964, 0.04032, 0.04032], [0.03975, 0.03975, 0.03908, 0.03908, 0.03842, 0.04043, 0.04043, 0.03975, 0.03908, 0.03908, 0.04112, 0.04112, 0.04043, 0.03975, 0.03908, 0.04183, 0.04112, 0.04043, 0.03975, 0.03908, 0.04112, 0.04112, 0.04043, 0.03975, 0.03908], [0.0394, 0.0394, 0.0394, 0.03873, 0.03873, 0.04007, 0.04007, 0.04007, 0.0394, 0.03873, 0.04076, 0.04076, 0.04076, 0.04007, 0.0394, 0.04076, 0.04146, 0.04076, 0.04007, 0.0394, 0.04076, 0.04076, 0.04076, 0.04007, 0.0394], [0.03863, 0.03929, 0.03929, 0.03929, 0.03863, 0.03929, 0.03997, 0.03997, 0.03997, 0.03929, 0.03997, 0.04065, 0.04065, 0.04065, 0.03997, 0.03997, 0.04065, 0.04135, 0.04065, 0.03997, 0.03997, 0.04065, 0.04065, 0.04065, 0.03997], [0.03873, 0.03873, 0.0394, 0.0394, 0.0394, 0.03873, 0.0394, 0.04007, 0.04007, 0.04007, 0.0394, 0.04007, 0.04076, 0.04076, 0.04076, 0.0394, 0.04007, 0.04076, 0.04146, 0.04076, 0.0394, 0.04007, 0.04076, 0.04076, 0.04076], [0.03842, 0.03908, 0.03908, 0.03975, 0.03975, 0.03908, 0.03908, 0.03975, 0.04043, 0.04043, 0.03908, 0.03975, 0.04043, 0.04112, 0.04112, 0.03908, 0.03975, 0.04043, 0.04112, 0.04183, 0.03908, 0.03975, 0.04043, 0.04112, 0.04112], [0.03939, 0.03939, 0.03939, 0.03873, 0.03808, 0.04007, 0.04007, 0.03939, 0.03939, 0.03873, 0.04076, 0.04076, 0.04007, 0.03939, 0.03939, 0.04146, 0.04146, 0.04076, 0.04007, 0.03939, 0.04217, 0.04146, 0.04076, 0.04007, 0.03939], [0.03908, 0.03908, 0.03908, 0.03908, 0.03842, 0.03975, 0.03975, 0.03975, 0.03908, 0.03908, 0.04043, 0.04043, 0.04043, 0.03975, 0.03908, 0.04112, 0.04112, 0.04112, 0.04043, 0.03975, 0.04112, 0.04183, 0.04112, 0.04043, 0.03975], [0.03897, 0.03897, 0.03897, 0.03897, 0.03897, 0.03897, 0.03964, 0.03964, 0.03964, 0.03897, 0.03964, 0.04032, 0.04032, 0.04032, 0.03964, 0.04032, 0.04101, 0.04101, 0.04101, 0.04032, 0.04032, 0.04101, 0.04171, 0.04101, 0.04032], [0.03842, 0.03908, 0.03908, 0.03908, 0.03908, 0.03908, 0.03908, 0.03975, 0.03975, 0.03975, 0.03908, 0.03975, 0.04043, 0.04043, 0.04043, 0.03975, 0.04043, 0.04112, 0.04112, 0.04112, 0.03975, 0.04043, 0.04112, 0.04183, 0.04112], [0.03808, 0.03873, 0.03939, 0.03939, 0.03939, 0.03873, 0.03939, 0.03939, 0.04007, 0.04007, 0.03939, 0.03939, 0.04007, 0.04076, 0.04076, 0.03939, 0.04007, 0.04076, 0.04146, 0.04146, 0.03939, 0.04007, 0.04076, 0.04146, 0.04217]]