[[0.04806, 0.04526, 0.04262, 0.04014, 0.0378, 0.04526, 0.04526, 0.04262, 0.04014, 0.0378, 0.04262, 0.04262, 0.04014, 0.0378, 0.0378, 0.04014, 0.04014, 0.0378, 0.0378, 0.0356, 0.0378, 0.0378, 0.0378, 0.0356, 0.03353], [0.044, 0.044, 0.04144, 0.03903, 0.03675, 0.04672, 0.044, 0.04144, 0.03903, 0.03675, 0.044, 0.044, 0.04144, 0.03903, 0.03675, 0.04144, 0.04144, 0.03903, 0.03675, 0.03675, 0.03903, 0.03903, 0.03675, 0.03675, 0.03461], [0.04106, 0.04106, 0.03867, 0.03642, 0.03642, 0.0436, 0.0436, 0.04106, 0.03867, 0.03642, 0.0463, 0.0436, 0.04106, 0.03867, 0.03642, 0.0436, 0.0436, 0.04106, 0.03867, 0.03642, 0.04106, 0.04106, 0.03867, 0.03642, 0.03642], [0.03903, 0.03903, 0.03675, 0.03675, 0.03461, 0.04144, 0.04144, 0.03903, 0.03675, 0.03675, 0.044, 0.044, 0.04144, 0.03903, 0.03675, 0.04672, 0.044, 0.04144, 0.03903, 0.03675, 0.044, 0.044, 0.04144, 0.03903, 0.03675], [0.0378, 0.0378, 0.0378, 0.0356, 0.03353, 0.04014, 0.04014, 0.0378, 0.0378, 0.0356, 0.04262, 0.04262, 0.04014, 0.0378, 0.0378, 0.04526, 0.04526, 0.04262, 0.04014, 0.0378, 0.04806, 0.04526, 0.04262, 0.04014, 0.0378], [0.044, 0.04672, 0.044, 0.04144, 0.03903, 0.044, 0.044, 0.044, 0.04144, 0.03903, 0.04144, 0.04144, 0.04144, 0.03903, 0.03675, 0.03903, 0.03903, 0.03903, 0.03675, 0.03675, 0.03675, 0.03675, 0.03675, 0.03675, 0.03461], [0.04269, 0.04269, 0.04269, 0.0402, 0.03786, 0.04269, 0.04533, 0.04269, 0.0402, 0.03786, 0.04269, 0.04269, 0.04269, 0.0402, 0.03786, 0.0402, 0.0402, 0.0402, 0.03786, 0.03565, 0.03786, 0.03786, 0.03786, 0.03565, 0.03565], [0.03983, 0.03983, 0.03983, 0.03751, 0.03533, 0.0423, 0.0423, 0.0423, 0.03983, 0.03751, 0.0423, 0.04491, 0.0423, 0.03983, 0.03751, 0.0423, 0.0423, 0.0423, 0.03983, 0.03751, 0.03983, 0.03983, 0.03983, 0.03751, 0.03533], [0.03786, 0.03786, 0.03786, 0.03565, 0.03565, 0.0402, 0.0402, 0.0402, 0.03786, 0.03565, 0.04269, 0.04269, 0.04269, 0.0402, 0.03786, 0.04269, 0.04533, 0.04269, 0.0402, 0.03786, 0.04269, 0.04269, 0.04269, 0.0402, 0.03786], [0.03675, 0.03675, 0.03675, 0.03675, 0.03461, 0.03903, 0.03903, 0.03903, 0.03675, 0.03675, 0.04144, 0.04144, 0.04144, 0.03903, 0.03675, 0.044, 0.044, 0.044, 0.04144, 0.03903, 0.044, 0.04672, 0.044, 0.04144, 0.03903], [0.04106, 0.0436, 0.0463, 0.0436, 0.04106, 0.04106, 0.0436, 0.0436, 0.0436, 0.04106, 0.03867, 0.04106, 0.04106, 0.04106, 0.03867, 0.03642, 0.03867, 0.03867, 0.03867, 0.03642, 0.03642, 0.03642, 0.03642, 0.03642, 0.03642], [0.03983, 0.0423, 0.0423, 0.0423, 0.03983, 0.03983, 0.0423, 0.04491, 0.0423, 0.03983, 0.03983, 0.0423, 0.0423, 0.0423, 0.03983, 0.03751, 0.03983, 0.03983, 0.03983, 0.03751, 0.03533, 0.03751, 0.03751, 0.03751, 0.03533], [0.03709, 0.03939, 0.03939, 0.03939, 0.03709, 0.03939, 0.04182, 0.04182, 0.04182, 0.03939, 0.03939, 0.04182, 0.04441, 0.04182, 0.03939, 0.03939, 0.04182, 0.04182, 0.04182, 0.03939, 0.03709, 0.03939, 0.03939, 0.03939, 0.03709], [0.03533, 0.03751, 0.03751, 0.03751, 0.03533, 0.03751, 0.03983, 0.03983, 0.03983, 0.03751, 0.03983, 0.0423, 0.0423, 0.0423, 0.03983, 0.03983, 0.0423, 0.04491, 0.0423, 0.03983, 0.03983, 0.0423, 0.0423, 0.0423, 0.03983], [0.03642, 0.03642, 0.03642, 0.03642, 0.03642, 0.03642, 0.03867, 0.03867, 0.03867, 0.03642, 0.03867, 0.04106, 0.04106, 0.04106, 0.03867, 0.04106, 0.0436, 0.0436, 0.0436, 0.04106, 0.04106, 0.0436, 0.0463, 0.0436, 0.04106], [0.03903, 0.04144, 0.044, 0.04672, 0.044, 0.03903, 0.04144, 0.044, 0.044, 0.044, 0.03675, 0.03903, 0.04144, 0.04144, 0.04144, 0.03675, 0.03675, 0.03903, 0.03903, 0.03903, 0.03461, 0.03675, 0.03675, 0.03675, 0.03675], [0.03786, 0.0402, 0.04269, 0.04269, 0.04269, 0.03786, 0.0402, 0.04269, 0.04533, 0.04269, 0.03786, 0.0402, 0.04269, 0.04269, 0.04269, 0.03565, 0.03786, 0.0402, 0.0402, 0.0402, 0.03565, 0.03565, 0.03786, 0.03786, 0.03786], [0.03533, 0.03751, 0.03983, 0.03983, 0.03983, 0.03751, 0.03983, 0.0423, 0.0423, 0.0423, 0.03751, 0.03983, 0.0423, 0.04491, 0.0423, 0.03751, 0.03983, 0.0423, 0.0423, 0.0423, 0.03533, 0.03751, 0.03983, 0.03983, 0.03983], [0.03565, 0.03565, 0.03786, 0.03786, 0.03786, 0.03565, 0.03786, 0.0402, 0.0402, 0.0402, 0.03786, 0.0402, 0.04269, 0.04269, 0.04269, 0.03786, 0.0402, 0.04269, 0.04533, 0.04269, 0.03786, 0.0402, 0.04269, 0.04269, 0.04269], [0.03461, 0.03675, 0.03675, 0.03675, 0.03675, 0.03675, 0.03675, 0.03903, 0.03903, 0.03903, 0.03675, 0.03903, 0.04144, 0.04144, 0.04144, 0.03903, 0.04144, 0.044, 0.044, 0.044, 0.03903, 0.04144, 0.044, 0.04672, 0.044], [0.0378, 0.04014, 0.04262, 0.04526, 0.04806, 0.0378, 0.04014, 0.04262, 0.04526, 0.04526, 0.0378, 0.0378, 0.04014, 0.04262, 0.04262, 0.0356, 0.0378, 0.0378, 0.04014, 0.04014, 0.03353, 0.0356, 0.0378, 0.0378, 0.0378], [0.03675, 0.03903, 0.04144, 0.044, 0.044, 0.03675, 0.03903, 0.04144, 0.044, 0.04672, 0.03675, 0.03903, 0.04144, 0.044, 0.044, 0.03675, 0.03675, 0.03903, 0.04144, 0.04144, 0.03461, 0.03675, 0.03675, 0.03903, 0.03903], [0.03642, 0.03642, 0.03867, 0.04106, 0.04106, 0.03642, 0.03867, 0.04106, 0.0436, 0.0436, 0.03642, 0.03867, 0.04106, 0.0436, 0.0463, 0.03642, 0.03867, 0.04106, 0.0436, 0.0436, 0.03642, 0.03642, 0.03867, 0.04106, 0.04106], [0.03461, 0.03675, 0.03675, 0.03903, 0.03903, 0.03675, 0.03675, 0.03903, 0.04144, 0.04144, 0.03675, 0.03903, 0.04144, 0.044, 0.044, 0.03675, 0.03903, 0.04144, 0.044, 0.04672, 0.03675, 0.03903, 0.04144, 0.044, 0.044], [0.03353, 0.0356, 0.0378, 0.0378, 0.0378, 0.0356, 0.0378, 0.0378, 0.04014, 0.04014, 0.0378, 0.0378, 0.04014, 0.04262, 0.04262, 0.0378, 0.04014, 0.04262, 0.04526, 0.04526, 0.0378, 0.04014, 0.04262, 0.04526, 0.04806]]