[[0.09398, 0.06928, 0.05107, 0.03764, 0.02775, 0.06928, 0.06928, 0.05107, 0.03764, 0.02775, 0.05107, 0.05107, 0.03764, 0.02775, 0.02775, 0.03764, 0.03764, 0.02775, 0.02775, 0.02045, 0.02775, 0.02775, 0.02775, 0.02045, 0.01508], [0.06097, 0.06097, 0.04494, 0.03313, 0.02442, 0.08272, 0.06097, 0.04494, 0.03313, 0.02442, 0.06097, 0.06097, 0.04494, 0.03313, 0.02442, 0.04494, 0.04494, 0.03313, 0.02442, 0.02442, 0.03313, 0.03313, 0.02442, 0.02442, 0.018], [0.04327, 0.04327, 0.03189, 0.02351, 0.02351, 0.0587, 0.0587, 0.04327, 0.03189, 0.02351, 0.07963, 0.0587, 0.04327, 0.03189, 0.02351, 0.0587, 0.0587, 0.04327, 0.03189, 0.02351, 0.04327, 0.04327, 0.03189, 0.02351, 0.02351], [0.03313, 0.03313, 0.02442, 0.02442, 0.018, 0.04494, 0.04494, 0.03313, 0.02442, 0.02442, 0.06097, 0.06097, 0.04494, 0.03313, 0.02442, 0.08272, 0.06097, 0.04494, 0.03313, 0.02442, 0.06097, 0.06097, 0.04494, 0.03313, 0.02442], [0.02775, 0.02775, 0.02775, 0.02045, 0.01508, 0.03764, 0.03764, 0.02775, 0.02775, 0.02045, 0.05107, 0.05107, 0.03764, 0.02775, 0.02775, 0.06928, 0.06928, 0.05107, 0.03764, 0.02775, 0.09398, 0.06928, 0.05107, 0.03764, 0.02775], [0.06097, 0.08272, 0.06097, 0.04494, 0.03313, 0.06097, 0.06097, 0.06097, 0.04494, 0.03313, 0.04494, 0.04494, 0.04494, 0.03313, 0.02442, 0.03313, 0.03313, 0.03313, 0.02442, 0.02442, 0.02442, 0.02442, 0.02442, 0.02442, 0.018], [0.05324, 0.05324, 0.05324, 0.03924, 0.02893, 0.05324, 0.07222, 0.05324, 0.03924, 0.02893, 0.05324, 0.05324, 0.05324, 0.03924, 0.02893, 0.03924, 0.03924, 0.03924, 0.02893, 0.02132, 0.02893, 0.02893, 0.02893, 0.02132, 0.02132], [0.03778, 0.03778, 0.03778, 0.02785, 0.02053, 0.05126, 0.05126, 0.05126, 0.03778, 0.02785, 0.05126, 0.06954, 0.05126, 0.03778, 0.02785, 0.05126, 0.05126, 0.05126, 0.03778, 0.02785, 0.03778, 0.03778, 0.03778, 0.02785, 0.02053], [0.02893, 0.02893, 0.02893, 0.02132, 0.02132, 0.03924, 0.03924, 0.03924, 0.02893, 0.02132, 0.05324, 0.05324, 0.05324, 0.03924, 0.02893, 0.05324, 0.07222, 0.05324, 0.03924, 0.02893, 0.05324, 0.05324, 0.05324, 0.03924, 0.02893], [0.02442, 0.02442, 0.02442, 0.02442, 0.018, 0.03313, 0.03313, 0.03313, 0.02442, 0.02442, 0.04494, 0.04494, 0.04494, 0.03313, 0.02442, 0.06097, 0.06097, 0.06097, 0.04494, 0.03313, 0.06097, 0.08272, 0.06097, 0.04494, 0.03313], [0.04327, 0.0587, 0.07963, 0.0587, 0.04327, 0.04327, 0.0587, 0.0587, 0.0587, 0.04327, 0.03189, 0.04327, 0.04327, 0.04327, 0.03189, 0.02351, 0.03189, 0.03189, 0.03189, 0.02351, 0.02351, 0.02351, 0.02351, 0.02351, 0.02351], [0.03778, 0.05126, 0.05126, 0.05126, 0.03778, 0.03778, 0.05126, 0.06954, 0.05126, 0.03778, 0.03778, 0.05126, 0.05126, 0.05126, 0.03778, 0.02785, 0.03778, 0.03778, 0.03778, 0.02785, 0.02053, 0.02785, 0.02785, 0.02785, 0.02053], [0.02667, 0.03618, 0.03618, 0.03618, 0.02667, 0.03618, 0.04908, 0.04908, 0.04908, 0.03618, 0.03618, 0.04908, 0.06658, 0.04908, 0.03618, 0.03618, 0.04908, 0.04908, 0.04908, 0.03618, 0.02667, 0.03618, 0.03618, 0.03618, 0.02667], [0.02053, 0.02785, 0.02785, 0.02785, 0.02053, 0.02785, 0.03778, 0.03778, 0.03778, 0.02785, 0.03778, 0.05126, 0.05126, 0.05126, 0.03778, 0.03778, 0.05126, 0.06954, 0.05126, 0.03778, 0.03778, 0.05126, 0.05126, 0.05126, 0.03778], [0.02351, 0.02351, 0.02351, 0.02351, 0.02351, 0.02351, 0.03189, 0.03189, 0.03189, 0.02351, 0.03189, 0.04327, 0.04327, 0.04327, 0.03189, 0.04327, 0.0587, 0.0587, 0.0587, 0.04327, 0.04327, 0.0587, 0.07963, 0.0587, 0.04327], [0.03313, 0.04494, 0.06097, 0.08272, 0.06097, 0.03313, 0.04494, 0.06097, 0.06097, 0.06097, 0.02442, 0.03313, 0.04494, 0.04494, 0.04494, 0.02442, 0.02442, 0.03313, 0.03313, 0.03313, 0.018, 0.02442, 0.02442, 0.02442, 0.02442], [0.02893, 0.03924, 0.05324, 0.05324, 0.05324, 0.02893, 0.03924, 0.05324, 0.07222, 0.05324, 0.02893, 0.03924, 0.05324, 0.05324, 0.05324, 0.02132, 0.02893, 0.03924, 0.03924, 0.03924, 0.02132, 0.02132, 0.02893, 0.02893, 0.02893], [0.02053, 0.02785, 0.03778, 0.03778, 0.03778, 0.02785, 0.03778, 0.05126, 0.05126, 0.05126, 0.02785, 0.03778, 0.05126, 0.06954, 0.05126, 0.02785, 0.03778, 0.05126, 0.05126, 0.05126, 0.02053, 0.02785, 0.03778, 0.03778, 0.03778], [0.02132, 0.02132, 0.02893, 0.02893, 0.02893, 0.02132, 0.02893, 0.03924, 0.03924, 0.03924, 0.02893, 0.03924, 0.05324, 0.05324, 0.05324, 0.02893, 0.03924, 0.05324, 0.07222, 0.05324, 0.02893, 0.03924, 0.05324, 0.05324, 0.05324], [0.018, 0.02442, 0.02442, 0.02442, 0.02442, 0.02442, 0.02442, 0.03313, 0.03313, 0.03313, 0.02442, 0.03313, 0.04494, 0.04494, 0.04494, 0.03313, 0.04494, 0.06097, 0.06097, 0.06097, 0.03313, 0.04494, 0.06097, 0.08272, 0.06097], [0.02775, 0.03764, 0.05107, 0.06928, 0.09398, 0.02775, 0.03764, 0.05107, 0.06928, 0.06928, 0.02775, 0.02775, 0.03764, 0.05107, 0.05107, 0.02045, 0.02775, 0.02775, 0.03764, 0.03764, 0.01508, 0.02045, 0.02775, 0.02775, 0.02775], [0.02442, 0.03313, 0.04494, 0.06097, 0.06097, 0.02442, 0.03313, 0.04494, 0.06097, 0.08272, 0.02442, 0.03313, 0.04494, 0.06097, 0.06097, 0.02442, 0.02442, 0.03313, 0.04494, 0.04494, 0.018, 0.02442, 0.02442, 0.03313, 0.03313], [0.02351, 0.02351, 0.03189, 0.04327, 0.04327, 0.02351, 0.03189, 0.04327, 0.0587, 0.0587, 0.02351, 0.03189, 0.04327, 0.0587, 0.07963, 0.02351, 0.03189, 0.04327, 0.0587, 0.0587, 0.02351, 0.02351, 0.03189, 0.04327, 0.04327], [0.018, 0.02442, 0.02442, 0.03313, 0.03313, 0.02442, 0.02442, 0.03313, 0.04494, 0.04494, 0.02442, 0.03313, 0.04494, 0.06097, 0.06097, 0.02442, 0.03313, 0.04494, 0.06097, 0.08272, 0.02442, 0.03313, 0.04494, 0.06097, 0.06097], [0.01508, 0.02045, 0.02775, 0.02775, 0.02775, 0.02045, 0.02775, 0.02775, 0.03764, 0.03764, 0.02775, 0.02775, 0.03764, 0.05107, 0.05107, 0.02775, 0.03764, 0.05107, 0.06928, 0.06928, 0.02775, 0.03764, 0.05107, 0.06928, 0.09398]]