[[0.07259, 0.05914, 0.04818, 0.03925, 0.03197, 0.05914, 0.05914, 0.04818, 0.03925, 0.03197, 0.04818, 0.04818, 0.03925, 0.03197, 0.03197, 0.03925, 0.03925, 0.03197, 0.03197, 0.02605, 0.03197, 0.03197, 0.03197, 0.02605, 0.02122], [0.05403, 0.05403, 0.04402, 0.03586, 0.02921, 0.06633, 0.05403, 0.04402, 0.03586, 0.02921, 0.05403, 0.05403, 0.04402, 0.03586, 0.02921, 0.04402, 0.04402, 0.03586, 0.02921, 0.02921, 0.03586, 0.03586, 0.02921, 0.02921, 0.0238], [0.0428, 0.0428, 0.03487, 0.02841, 0.02841, 0.05254, 0.05254, 0.0428, 0.03487, 0.02841, 0.0645, 0.05254, 0.0428, 0.03487, 0.02841, 0.05254, 0.05254, 0.0428, 0.03487, 0.02841, 0.0428, 0.0428, 0.03487, 0.02841, 0.02841], [0.03586, 0.03586, 0.02921, 0.02921, 0.0238, 0.04402, 0.04402, 0.03586, 0.02921, 0.02921, 0.05403, 0.05403, 0.04402, 0.03586, 0.02921, 0.06633, 0.05403, 0.04402, 0.03586, 0.02921, 0.05403, 0.05403, 0.04402, 0.03586, 0.02921], [0.03197, 0.03197, 0.03197, 0.02605, 0.02122, 0.03925, 0.03925, 0.03197, 0.03197, 0.02605, 0.04818, 0.04818, 0.03925, 0.03197, 0.03197, 0.05914, 0.05914, 0.04818, 0.03925, 0.03197, 0.07259, 0.05914, 0.04818, 0.03925, 0.03197], [0.05403, 0.06633, 0.05403, 0.04402, 0.03586, 0.05403, 0.05403, 0.05403, 0.04402, 0.03586, 0.04402, 0.04402, 0.04402, 0.03586, 0.02921, 0.03586, 0.03586, 0.03586, 0.02921, 0.02921, 0.02921, 0.02921, 0.02921, 0.02921, 0.0238], [0.04906, 0.04906, 0.04906, 0.03997, 0.03256, 0.04906, 0.06022, 0.04906, 0.03997, 0.03256, 0.04906, 0.04906, 0.04906, 0.03997, 0.03256, 0.03997, 0.03997, 0.03997, 0.03256, 0.02652, 0.03256, 0.03256, 0.03256, 0.02652, 0.02652], [0.03887, 0.03887, 0.03887, 0.03166, 0.0258, 0.04771, 0.04771, 0.04771, 0.03887, 0.03166, 0.04771, 0.05857, 0.04771, 0.03887, 0.03166, 0.04771, 0.04771, 0.04771, 0.03887, 0.03166, 0.03887, 0.03887, 0.03887, 0.03166, 0.0258], [0.03256, 0.03256, 0.03256, 0.02652, 0.02652, 0.03997, 0.03997, 0.03997, 0.03256, 0.02652, 0.04906, 0.04906, 0.04906, 0.03997, 0.03256, 0.04906, 0.06022, 0.04906, 0.03997, 0.03256, 0.04906, 0.04906, 0.04906, 0.03997, 0.03256], [0.02921, 0.02921, 0.02921, 0.02921, 0.0238, 0.03586, 0.03586, 0.03586, 0.02921, 0.02921, 0.04402, 0.04402, 0.04402, 0.03586, 0.02921, 0.05403, 0.05403, 0.05403, 0.04402, 0.03586, 0.05403, 0.06633, 0.05403, 0.04402, 0.03586], [0.0428, 0.05254, 0.0645, 0.05254, 0.0428, 0.0428, 0.05254, 0.05254, 0.05254, 0.0428, 0.03487, 0.0428, 0.0428, 0.0428, 0.03487, 0.02841, 0.03487, 0.03487, 0.03487, 0.02841, 0.02841, 0.02841, 0.02841, 0.02841, 0.02841], [0.03887, 0.04771, 0.04771, 0.04771, 0.03887, 0.03887, 0.04771, 0.05857, 0.04771, 0.03887, 0.03887, 0.04771, 0.04771, 0.04771, 0.03887, 0.03166, 0.03887, 0.03887, 0.03887, 0.03166, 0.0258, 0.03166, 0.03166, 0.03166, 0.0258], [0.03064, 0.03761, 0.03761, 0.03761, 0.03064, 0.03761, 0.04617, 0.04617, 0.04617, 0.03761, 0.03761, 0.04617, 0.05668, 0.04617, 0.03761, 0.03761, 0.04617, 0.04617, 0.04617, 0.03761, 0.03064, 0.03761, 0.03761, 0.03761, 0.03064], [0.0258, 0.03166, 0.03166, 0.03166, 0.0258, 0.03166, 0.03887, 0.03887, 0.03887, 0.03166, 0.03887, 0.04771, 0.04771, 0.04771, 0.03887, 0.03887, 0.04771, 0.05857, 0.04771, 0.03887, 0.03887, 0.04771, 0.04771, 0.04771, 0.03887], [0.02841, 0.02841, 0.02841, 0.02841, 0.02841, 0.02841, 0.03487, 0.03487, 0.03487, 0.02841, 0.03487, 0.0428, 0.0428, 0.0428, 0.03487, 0.0428, 0.05254, 0.05254, 0.05254, 0.0428, 0.0428, 0.05254, 0.0645, 0.05254, 0.0428], [0.03586, 0.04402, 0.05403, 0.06633, 0.05403, 0.03586, 0.04402, 0.05403, 0.05403, 0.05403, 0.02921, 0.03586, 0.04402, 0.04402, 0.04402, 0.02921, 0.02921, 0.03586, 0.03586, 0.03586, 0.0238, 0.02921, 0.02921, 0.02921, 0.02921], [0.03256, 0.03997, 0.04906, 0.04906, 0.04906, 0.03256, 0.03997, 0.04906, 0.06022, 0.04906, 0.03256, 0.03997, 0.04906, 0.04906, 0.04906, 0.02652, 0.03256, 0.03997, 0.03997, 0.03997, 0.02652, 0.02652, 0.03256, 0.03256, 0.03256], [0.0258, 0.03166, 0.03887, 0.03887, 0.03887, 0.03166, 0.03887, 0.04771, 0.04771, 0.04771, 0.03166, 0.03887, 0.04771, 0.05857, 0.04771, 0.03166, 0.03887, 0.04771, 0.04771, 0.04771, 0.0258, 0.03166, 0.03887, 0.03887, 0.03887], [0.02652, 0.02652, 0.03256, 0.03256, 0.03256, 0.02652, 0.03256, 0.03997, 0.03997, 0.03997, 0.03256, 0.03997, 0.04906, 0.04906, 0.04906, 0.03256, 0.03997, 0.04906, 0.06022, 0.04906, 0.03256, 0.03997, 0.04906, 0.04906, 0.04906], [0.0238, 0.02921, 0.02921, 0.02921, 0.02921, 0.02921, 0.02921, 0.03586, 0.03586, 0.03586, 0.02921, 0.03586, 0.04402, 0.04402, 0.04402, 0.03586, 0.04402, 0.05403, 0.05403, 0.05403, 0.03586, 0.04402, 0.05403, 0.06633, 0.05403], [0.03197, 0.03925, 0.04818, 0.05914, 0.07259, 0.03197, 0.03925, 0.04818, 0.05914, 0.05914, 0.03197, 0.03197, 0.03925, 0.04818, 0.04818, 0.02605, 0.03197, 0.03197, 0.03925, 0.03925, 0.02122, 0.02605, 0.03197, 0.03197, 0.03197], [0.02921, 0.03586, 0.04402, 0.05403, 0.05403, 0.02921, 0.03586, 0.04402, 0.05403, 0.06633, 0.02921, 0.03586, 0.04402, 0.05403, 0.05403, 0.02921, 0.02921, 0.03586, 0.04402, 0.04402, 0.0238, 0.02921, 0.02921, 0.03586, 0.03586], [0.02841, 0.02841, 0.03487, 0.0428, 0.0428, 0.02841, 0.03487, 0.0428, 0.05254, 0.05254, 0.02841, 0.03487, 0.0428, 0.05254, 0.0645, 0.02841, 0.03487, 0.0428, 0.05254, 0.05254, 0.02841, 0.02841, 0.03487, 0.0428, 0.0428], [0.0238, 0.02921, 0.02921, 0.03586, 0.03586, 0.02921, 0.02921, 0.03586, 0.04402, 0.04402, 0.02921, 0.03586, 0.04402, 0.05403, 0.05403, 0.02921, 0.03586, 0.04402, 0.05403, 0.06633, 0.02921, 0.03586, 0.04402, 0.05403, 0.05403], [0.02122, 0.02605, 0.03197, 0.03197, 0.03197, 0.02605, 0.03197, 0.03197, 0.03925, 0.03925, 0.03197, 0.03197, 0.03925, 0.04818, 0.04818, 0.03197, 0.03925, 0.04818, 0.05914, 0.05914, 0.03197, 0.03925, 0.04818, 0.05914, 0.07259]]