[[0.08176, 0.06367, 0.04959, 0.03862, 0.03008, 0.06367, 0.06367, 0.04959, 0.03862, 0.03008, 0.04959, 0.04959, 0.03862, 0.03008, 0.03008, 0.03862, 0.03862, 0.03008, 0.03008, 0.02342, 0.03008, 0.03008, 0.03008, 0.02342, 0.01824], [0.05717, 0.05717, 0.04452, 0.03468, 0.02701, 0.07341, 0.05717, 0.04452, 0.03468, 0.02701, 0.05717, 0.05717, 0.04452, 0.03468, 0.02701, 0.04452, 0.04452, 0.03468, 0.02701, 0.02701, 0.03468, 0.03468, 0.02701, 0.02701, 0.02103], [0.04309, 0.04309, 0.03356, 0.02613, 0.02613, 0.05533, 0.05533, 0.04309, 0.03356, 0.02613, 0.07104, 0.05533, 0.04309, 0.03356, 0.02613, 0.05533, 0.05533, 0.04309, 0.03356, 0.02613, 0.04309, 0.04309, 0.03356, 0.02613, 0.02613], [0.03468, 0.03468, 0.02701, 0.02701, 0.02103, 0.04452, 0.04452, 0.03468, 0.02701, 0.02701, 0.05717, 0.05717, 0.04452, 0.03468, 0.02701, 0.07341, 0.05717, 0.04452, 0.03468, 0.02701, 0.05717, 0.05717, 0.04452, 0.03468, 0.02701], [0.03008, 0.03008, 0.03008, 0.02342, 0.01824, 0.03862, 0.03862, 0.03008, 0.03008, 0.02342, 0.04959, 0.04959, 0.03862, 0.03008, 0.03008, 0.06367, 0.06367, 0.04959, 0.03862, 0.03008, 0.08176, 0.06367, 0.04959, 0.03862, 0.03008], [0.05717, 0.07341, 0.05717, 0.04452, 0.03468, 0.05717, 0.05717, 0.05717, 0.04452, 0.03468, 0.04452, 0.04452, 0.04452, 0.03468, 0.02701, 0.03468, 0.03468, 0.03468, 0.02701, 0.02701, 0.02701, 0.02701, 0.02701, 0.02701, 0.02103], [0.05097, 0.05097, 0.05097, 0.03969, 0.03091, 0.05097, 0.06545, 0.05097, 0.03969, 0.03091, 0.05097, 0.05097, 0.05097, 0.03969, 0.03091, 0.03969, 0.03969, 0.03969, 0.03091, 0.02408, 0.03091, 0.03091, 0.03091, 0.02408, 0.02408], [0.03842, 0.03842, 0.03842, 0.02992, 0.0233, 0.04933, 0.04933, 0.04933, 0.03842, 0.02992, 0.04933, 0.06334, 0.04933, 0.03842, 0.02992, 0.04933, 0.04933, 0.04933, 0.03842, 0.02992, 0.03842, 0.03842, 0.03842, 0.02992, 0.0233], [0.03091, 0.03091, 0.03091, 0.02408, 0.02408, 0.03969, 0.03969, 0.03969, 0.03091, 0.02408, 0.05097, 0.05097, 0.05097, 0.03969, 0.03091, 0.05097, 0.06545, 0.05097, 0.03969, 0.03091, 0.05097, 0.05097, 0.05097, 0.03969, 0.03091], [0.02701, 0.02701, 0.02701, 0.02701, 0.02103, 0.03468, 0.03468, 0.03468, 0.02701, 0.02701, 0.04452, 0.04452, 0.04452, 0.03468, 0.02701, 0.05717, 0.05717, 0.05717, 0.04452, 0.03468, 0.05717, 0.07341, 0.05717, 0.04452, 0.03468], [0.04309, 0.05533, 0.07104, 0.05533, 0.04309, 0.04309, 0.05533, 0.05533, 0.05533, 0.04309, 0.03356, 0.04309, 0.04309, 0.04309, 0.03356, 0.02613, 0.03356, 0.03356, 0.03356, 0.02613, 0.02613, 0.02613, 0.02613, 0.02613, 0.02613], [0.03842, 0.04933, 0.04933, 0.04933, 0.03842, 0.03842, 0.04933, 0.06334, 0.04933, 0.03842, 0.03842, 0.04933, 0.04933, 0.04933, 0.03842, 0.02992, 0.03842, 0.03842, 0.03842, 0.02992, 0.0233, 0.02992, 0.02992, 0.02992, 0.0233], [0.02881, 0.03699, 0.03699, 0.03699, 0.02881, 0.03699, 0.04749, 0.04749, 0.04749, 0.03699, 0.03699, 0.04749, 0.06098, 0.04749, 0.03699, 0.03699, 0.04749, 0.04749, 0.04749, 0.03699, 0.02881, 0.03699, 0.03699, 0.03699, 0.02881], [0.0233, 0.02992, 0.02992, 0.02992, 0.0233, 0.02992, 0.03842, 0.03842, 0.03842, 0.02992, 0.03842, 0.04933, 0.04933, 0.04933, 0.03842, 0.03842, 0.04933, 0.06334, 0.04933, 0.03842, 0.03842, 0.04933, 0.04933, 0.04933, 0.03842], [0.02613, 0.02613, 0.02613, 0.02613, 0.02613, 0.02613, 0.03356, 0.03356, 0.03356, 0.02613, 0.03356, 0.04309, 0.04309, 0.04309, 0.03356, 0.04309, 0.05533, 0.05533, 0.05533, 0.04309, 0.04309, 0.05533, 0.07104, 0.05533, 0.04309], [0.03468, 0.04452, 0.05717, 0.07341, 0.05717, 0.03468, 0.04452, 0.05717, 0.05717, 0.05717, 0.02701, 0.03468, 0.04452, 0.04452, 0.04452, 0.02701, 0.02701, 0.03468, 0.03468, 0.03468, 0.02103, 0.02701, 0.02701, 0.02701, 0.02701], [0.03091, 0.03969, 0.05097, 0.05097, 0.05097, 0.03091, 0.03969, 0.05097, 0.06545, 0.05097, 0.03091, 0.03969, 0.05097, 0.05097, 0.05097, 0.02408, 0.03091, 0.03969, 0.03969, 0.03969, 0.02408, 0.02408, 0.03091, 0.03091, 0.03091], [0.0233, 0.02992, 0.03842, 0.03842, 0.03842, 0.02992, 0.03842, 0.04933, 0.04933, 0.04933, 0.02992, 0.03842, 0.04933, 0.06334, 0.04933, 0.02992, 0.03842, 0.04933, 0.04933, 0.04933, 0.0233, 0.02992, 0.03842, 0.03842, 0.03842], [0.02408, 0.02408, 0.03091, 0.03091, 0.03091, 0.02408, 0.03091, 0.03969, 0.03969, 0.03969, 0.03091, 0.03969, 0.05097, 0.05097, 0.05097, 0.03091, 0.03969, 0.05097, 0.06545, 0.05097, 0.03091, 0.03969, 0.05097, 0.05097, 0.05097], [0.02103, 0.02701, 0.02701, 0.02701, 0.02701, 0.02701, 0.02701, 0.03468, 0.03468, 0.03468, 0.02701, 0.03468, 0.04452, 0.04452, 0.04452, 0.03468, 0.04452, 0.05717, 0.05717, 0.05717, 0.03468, 0.04452, 0.05717, 0.07341, 0.05717], [0.03008, 0.03862, 0.04959, 0.06367, 0.08176, 0.03008, 0.03862, 0.04959, 0.06367, 0.06367, 0.03008, 0.03008, 0.03862, 0.04959, 0.04959, 0.02342, 0.03008, 0.03008, 0.03862, 0.03862, 0.01824, 0.02342, 0.03008, 0.03008, 0.03008], [0.02701, 0.03468, 0.04452, 0.05717, 0.05717, 0.02701, 0.03468, 0.04452, 0.05717, 0.07341, 0.02701, 0.03468, 0.04452, 0.05717, 0.05717, 0.02701, 0.02701, 0.03468, 0.04452, 0.04452, 0.02103, 0.02701, 0.02701, 0.03468, 0.03468], [0.02613, 0.02613, 0.03356, 0.04309, 0.04309, 0.02613, 0.03356, 0.04309, 0.05533, 0.05533, 0.02613, 0.03356, 0.04309, 0.05533, 0.07104, 0.02613, 0.03356, 0.04309, 0.05533, 0.05533, 0.02613, 0.02613, 0.03356, 0.04309, 0.04309], [0.02103, 0.02701, 0.02701, 0.03468, 0.03468, 0.02701, 0.02701, 0.03468, 0.04452, 0.04452, 0.02701, 0.03468, 0.04452, 0.05717, 0.05717, 0.02701, 0.03468, 0.04452, 0.05717, 0.07341, 0.02701, 0.03468, 0.04452, 0.05717, 0.05717], [0.01824, 0.02342, 0.03008, 0.03008, 0.03008, 0.02342, 0.03008, 0.03008, 0.03862, 0.03862, 0.03008, 0.03008, 0.03862, 0.04959, 0.04959, 0.03008, 0.03862, 0.04959, 0.06367, 0.06367, 0.03008, 0.03862, 0.04959, 0.06367, 0.08176]]