[[0.10483, 0.07387, 0.05206, 0.03668, 0.02585, 0.07387, 0.07387, 0.05206, 0.03668, 0.02585, 0.05206, 0.05206, 0.03668, 0.02585, 0.02585, 0.03668, 0.03668, 0.02585, 0.02585, 0.01822, 0.02585, 0.02585, 0.02585, 0.01822, 0.01284], [0.06403, 0.06403, 0.04512, 0.0318, 0.02241, 0.09086, 0.06403, 0.04512, 0.0318, 0.02241, 0.06403, 0.06403, 0.04512, 0.0318, 0.02241, 0.04512, 0.04512, 0.0318, 0.02241, 0.02241, 0.0318, 0.0318, 0.02241, 0.02241, 0.01579], [0.04327, 0.04327, 0.03049, 0.02149, 0.02149, 0.06141, 0.06141, 0.04327, 0.03049, 0.02149, 0.08714, 0.06141, 0.04327, 0.03049, 0.02149, 0.06141, 0.06141, 0.04327, 0.03049, 0.02149, 0.04327, 0.04327, 0.03049, 0.02149, 0.02149], [0.0318, 0.0318, 0.02241, 0.02241, 0.01579, 0.04512, 0.04512, 0.0318, 0.02241, 0.02241, 0.06403, 0.06403, 0.04512, 0.0318, 0.02241, 0.09086, 0.06403, 0.04512, 0.0318, 0.02241, 0.06403, 0.06403, 0.04512, 0.0318, 0.02241], [0.02585, 0.02585, 0.02585, 0.01822, 0.01284, 0.03668, 0.03668, 0.02585, 0.02585, 0.01822, 0.05206, 0.05206, 0.03668, 0.02585, 0.02585, 0.07387, 0.07387, 0.05206, 0.03668, 0.02585, 0.10483, 0.07387, 0.05206, 0.03668, 0.02585], [0.06403, 0.09086, 0.06403, 0.04512, 0.0318, 0.06403, 0.06403, 0.06403, 0.04512, 0.0318, 0.04512, 0.04512, 0.04512, 0.0318, 0.02241, 0.0318, 0.0318, 0.0318, 0.02241, 0.02241, 0.02241, 0.02241, 0.02241, 0.02241, 0.01579], [0.05503, 0.05503, 0.05503, 0.03878, 0.02733, 0.05503, 0.07809, 0.05503, 0.03878, 0.02733, 0.05503, 0.05503, 0.05503, 0.03878, 0.02733, 0.03878, 0.03878, 0.03878, 0.02733, 0.01926, 0.02733, 0.02733, 0.02733, 0.01926, 0.01926], [0.0372, 0.0372, 0.0372, 0.02621, 0.01847, 0.05279, 0.05279, 0.05279, 0.0372, 0.02621, 0.05279, 0.07491, 0.05279, 0.0372, 0.02621, 0.05279, 0.05279, 0.05279, 0.0372, 0.02621, 0.0372, 0.0372, 0.0372, 0.02621, 0.01847], [0.02733, 0.02733, 0.02733, 0.01926, 0.01926, 0.03878, 0.03878, 0.03878, 0.02733, 0.01926, 0.05503, 0.05503, 0.05503, 0.03878, 0.02733, 0.05503, 0.07809, 0.05503, 0.03878, 0.02733, 0.05503, 0.05503, 0.05503, 0.03878, 0.02733], [0.02241, 0.02241, 0.02241, 0.02241, 0.01579, 0.0318, 0.0318, 0.0318, 0.02241, 0.02241, 0.04512, 0.04512, 0.04512, 0.0318, 0.02241, 0.06403, 0.06403, 0.06403, 0.04512, 0.0318, 0.06403, 0.09086, 0.06403, 0.04512, 0.0318], [0.04327, 0.06141, 0.08714, 0.06141, 0.04327, 0.04327, 0.06141, 0.06141, 0.06141, 0.04327, 0.03049, 0.04327, 0.04327, 0.04327, 0.03049, 0.02149, 0.03049, 0.03049, 0.03049, 0.02149, 0.02149, 0.02149, 0.02149, 0.02149, 0.02149], [0.0372, 0.05279, 0.05279, 0.05279, 0.0372, 0.0372, 0.05279, 0.07491, 0.05279, 0.0372, 0.0372, 0.05279, 0.05279, 0.05279, 0.0372, 0.02621, 0.0372, 0.0372, 0.0372, 0.02621, 0.01847, 0.02621, 0.02621, 0.02621, 0.01847], [0.025, 0.03548, 0.03548, 0.03548, 0.025, 0.03548, 0.05035, 0.05035, 0.05035, 0.03548, 0.03548, 0.05035, 0.07145, 0.05035, 0.03548, 0.03548, 0.05035, 0.05035, 0.05035, 0.03548, 0.025, 0.03548, 0.03548, 0.03548, 0.025], [0.01847, 0.02621, 0.02621, 0.02621, 0.01847, 0.02621, 0.0372, 0.0372, 0.0372, 0.02621, 0.0372, 0.05279, 0.05279, 0.05279, 0.0372, 0.0372, 0.05279, 0.07491, 0.05279, 0.0372, 0.0372, 0.05279, 0.05279, 0.05279, 0.0372], [0.02149, 0.02149, 0.02149, 0.02149, 0.02149, 0.02149, 0.03049, 0.03049, 0.03049, 0.02149, 0.03049, 0.04327, 0.04327, 0.04327, 0.03049, 0.04327, 0.06141, 0.06141, 0.06141, 0.04327, 0.04327, 0.06141, 0.08714, 0.06141, 0.04327], [0.0318, 0.04512, 0.06403, 0.09086, 0.06403, 0.0318, 0.04512, 0.06403, 0.06403, 0.06403, 0.02241, 0.0318, 0.04512, 0.04512, 0.04512, 0.02241, 0.02241, 0.0318, 0.0318, 0.0318, 0.01579, 0.02241, 0.02241, 0.02241, 0.02241], [0.02733, 0.03878, 0.05503, 0.05503, 0.05503, 0.02733, 0.03878, 0.05503, 0.07809, 0.05503, 0.02733, 0.03878, 0.05503, 0.05503, 0.05503, 0.01926, 0.02733, 0.03878, 0.03878, 0.03878, 0.01926, 0.01926, 0.02733, 0.02733, 0.02733], [0.01847, 0.02621, 0.0372, 0.0372, 0.0372, 0.02621, 0.0372, 0.05279, 0.05279, 0.05279, 0.02621, 0.0372, 0.05279, 0.07491, 0.05279, 0.02621, 0.0372, 0.05279, 0.05279, 0.05279, 0.01847, 0.02621, 0.0372, 0.0372, 0.0372], [0.01926, 0.01926, 0.02733, 0.02733, 0.02733, 0.01926, 0.02733, 0.03878, 0.03878, 0.03878, 0.02733, 0.03878, 0.05503, 0.05503, 0.05503, 0.02733, 0.03878, 0.05503, 0.07809, 0.05503, 0.02733, 0.03878, 0.05503, 0.05503, 0.05503], [0.01579, 0.02241, 0.02241, 0.02241, 0.02241, 0.02241, 0.02241, 0.0318, 0.0318, 0.0318, 0.02241, 0.0318, 0.04512, 0.04512, 0.04512, 0.0318, 0.04512, 0.06403, 0.06403, 0.06403, 0.0318, 0.04512, 0.06403, 0.09086, 0.06403], [0.02585, 0.03668, 0.05206, 0.07387, 0.10483, 0.02585, 0.03668, 0.05206, 0.07387, 0.07387, 0.02585, 0.02585, 0.03668, 0.05206, 0.05206, 0.01822, 0.02585, 0.02585, 0.03668, 0.03668, 0.01284, 0.01822, 0.02585, 0.02585, 0.02585], [0.02241, 0.0318, 0.04512, 0.06403, 0.06403, 0.02241, 0.0318, 0.04512, 0.06403, 0.09086, 0.02241, 0.0318, 0.04512, 0.06403, 0.06403, 0.02241, 0.02241, 0.0318, 0.04512, 0.04512, 0.01579, 0.02241, 0.02241, 0.0318, 0.0318], [0.02149, 0.02149, 0.03049, 0.04327, 0.04327, 0.02149, 0.03049, 0.04327, 0.06141, 0.06141, 0.02149, 0.03049, 0.04327, 0.06141, 0.08714, 0.02149, 0.03049, 0.04327, 0.06141, 0.06141, 0.02149, 0.02149, 0.03049, 0.04327, 0.04327], [0.01579, 0.02241, 0.02241, 0.0318, 0.0318, 0.02241, 0.02241, 0.0318, 0.04512, 0.04512, 0.02241, 0.0318, 0.04512, 0.06403, 0.06403, 0.02241, 0.0318, 0.04512, 0.06403, 0.09086, 0.02241, 0.0318, 0.04512, 0.06403, 0.06403], [0.01284, 0.01822, 0.02585, 0.02585, 0.02585, 0.01822, 0.02585, 0.02585, 0.03668, 0.03668, 0.02585, 0.02585, 0.03668, 0.05206, 0.05206, 0.02585, 0.03668, 0.05206, 0.07387, 0.07387, 0.02585, 0.03668, 0.05206, 0.07387, 0.10483]]