[[0.04063, 0.04043, 0.04022, 0.04002, 0.03982, 0.04043, 0.04043, 0.04022, 0.04002, 0.03982, 0.04022, 0.04022, 0.04002, 0.03982, 0.03982, 0.04002, 0.04002, 0.03982, 0.03982, 0.03962, 0.03982, 0.03982, 0.03982, 0.03962, 0.03943], [0.04033, 0.04033, 0.04013, 0.03993, 0.03973, 0.04053, 0.04033, 0.04013, 0.03993, 0.03973, 0.04033, 0.04033, 0.04013, 0.03993, 0.03973, 0.04013, 0.04013, 0.03993, 0.03973, 0.03973, 0.03993, 0.03993, 0.03973, 0.03973, 0.03953], [0.0401, 0.0401, 0.0399, 0.0397, 0.0397, 0.0403, 0.0403, 0.0401, 0.0399, 0.0397, 0.0405, 0.0403, 0.0401, 0.0399, 0.0397, 0.0403, 0.0403, 0.0401, 0.0399, 0.0397, 0.0401, 0.0401, 0.0399, 0.0397, 0.0397], [0.03993, 0.03993, 0.03973, 0.03973, 0.03953, 0.04013, 0.04013, 0.03993, 0.03973, 0.03973, 0.04033, 0.04033, 0.04013, 0.03993, 0.03973, 0.04053, 0.04033, 0.04013, 0.03993, 0.03973, 0.04033, 0.04033, 0.04013, 0.03993, 0.03973], [0.03982, 0.03982, 0.03982, 0.03962, 0.03943, 0.04002, 0.04002, 0.03982, 0.03982, 0.03962, 0.04022, 0.04022, 0.04002, 0.03982, 0.03982, 0.04043, 0.04043, 0.04022, 0.04002, 0.03982, 0.04063, 0.04043, 0.04022, 0.04002, 0.03982], [0.04033, 0.04053, 0.04033, 0.04013, 0.03993, 0.04033, 0.04033, 0.04033, 0.04013, 0.03993, 0.04013, 0.04013, 0.04013, 0.03993, 0.03973, 0.03993, 0.03993, 0.03993, 0.03973, 0.03973, 0.03973, 0.03973, 0.03973, 0.03973, 0.03953], [0.04022, 0.04022, 0.04022, 0.04002, 0.03982, 0.04022, 0.04043, 0.04022, 0.04002, 0.03982, 0.04022, 0.04022, 0.04022, 0.04002, 0.03982, 0.04002, 0.04002, 0.04002, 0.03982, 0.03963, 0.03982, 0.03982, 0.03982, 0.03963, 0.03963], [0.03999, 0.03999, 0.03999, 0.03979, 0.03959, 0.04019, 0.04019, 0.04019, 0.03999, 0.03979, 0.04019, 0.04039, 0.04019, 0.03999, 0.03979, 0.04019, 0.04019, 0.04019, 0.03999, 0.03979, 0.03999, 0.03999, 0.03999, 0.03979, 0.03959], [0.03982, 0.03982, 0.03982, 0.03963, 0.03963, 0.04002, 0.04002, 0.04002, 0.03982, 0.03963, 0.04022, 0.04022, 0.04022, 0.04002, 0.03982, 0.04022, 0.04043, 0.04022, 0.04002, 0.03982, 0.04022, 0.04022, 0.04022, 0.04002, 0.03982], [0.03973, 0.03973, 0.03973, 0.03973, 0.03953, 0.03993, 0.03993, 0.03993, 0.03973, 0.03973, 0.04013, 0.04013, 0.04013, 0.03993, 0.03973, 0.04033, 0.04033, 0.04033, 0.04013, 0.03993, 0.04033, 0.04053, 0.04033, 0.04013, 0.03993], [0.0401, 0.0403, 0.0405, 0.0403, 0.0401, 0.0401, 0.0403, 0.0403, 0.0403, 0.0401, 0.0399, 0.0401, 0.0401, 0.0401, 0.0399, 0.0397, 0.0399, 0.0399, 0.0399, 0.0397, 0.0397, 0.0397, 0.0397, 0.0397, 0.0397], [0.03999, 0.04019, 0.04019, 0.04019, 0.03999, 0.03999, 0.04019, 0.04039, 0.04019, 0.03999, 0.03999, 0.04019, 0.04019, 0.04019, 0.03999, 0.03979, 0.03999, 0.03999, 0.03999, 0.03979, 0.03959, 0.03979, 0.03979, 0.03979, 0.03959], [0.03975, 0.03995, 0.03995, 0.03995, 0.03975, 0.03995, 0.04015, 0.04015, 0.04015, 0.03995, 0.03995, 0.04015, 0.04035, 0.04015, 0.03995, 0.03995, 0.04015, 0.04015, 0.04015, 0.03995, 0.03975, 0.03995, 0.03995, 0.03995, 0.03975], [0.03959, 0.03979, 0.03979, 0.03979, 0.03959, 0.03979, 0.03999, 0.03999, 0.03999, 0.03979, 0.03999, 0.04019, 0.04019, 0.04019, 0.03999, 0.03999, 0.04019, 0.04039, 0.04019, 0.03999, 0.03999, 0.04019, 0.04019, 0.04019, 0.03999], [0.0397, 0.0397, 0.0397, 0.0397, 0.0397, 0.0397, 0.0399, 0.0399, 0.0399, 0.0397, 0.0399, 0.0401, 0.0401, 0.0401, 0.0399, 0.0401, 0.0403, 0.0403, 0.0403, 0.0401, 0.0401, 0.0403, 0.0405, 0.0403, 0.0401], [0.03993, 0.04013, 0.04033, 0.04053, 0.04033, 0.03993, 0.04013, 0.04033, 0.04033, 0.04033, 0.03973, 0.03993, 0.04013, 0.04013, 0.04013, 0.03973, 0.03973, 0.03993, 0.03993, 0.03993, 0.03953, 0.03973, 0.03973, 0.03973, 0.03973], [0.03982, 0.04002, 0.04022, 0.04022, 0.04022, 0.03982, 0.04002, 0.04022, 0.04043, 0.04022, 0.03982, 0.04002, 0.04022, 0.04022, 0.04022, 0.03963, 0.03982, 0.04002, 0.04002, 0.04002, 0.03963, 0.03963, 0.03982, 0.03982, 0.03982], [0.03959, 0.03979, 0.03999, 0.03999, 0.03999, 0.03979, 0.03999, 0.04019, 0.04019, 0.04019, 0.03979, 0.03999, 0.04019, 0.04039, 0.04019, 0.03979, 0.03999, 0.04019, 0.04019, 0.04019, 0.03959, 0.03979, 0.03999, 0.03999, 0.03999], [0.03963, 0.03963, 0.03982, 0.03982, 0.03982, 0.03963, 0.03982, 0.04002, 0.04002, 0.04002, 0.03982, 0.04002, 0.04022, 0.04022, 0.04022, 0.03982, 0.04002, 0.04022, 0.04043, 0.04022, 0.03982, 0.04002, 0.04022, 0.04022, 0.04022], [0.03953, 0.03973, 0.03973, 0.03973, 0.03973, 0.03973, 0.03973, 0.03993, 0.03993, 0.03993, 0.03973, 0.03993, 0.04013, 0.04013, 0.04013, 0.03993, 0.04013, 0.04033, 0.04033, 0.04033, 0.03993, 0.04013, 0.04033, 0.04053, 0.04033], [0.03982, 0.04002, 0.04022, 0.04043, 0.04063, 0.03982, 0.04002, 0.04022, 0.04043, 0.04043, 0.03982, 0.03982, 0.04002, 0.04022, 0.04022, 0.03962, 0.03982, 0.03982, 0.04002, 0.04002, 0.03943, 0.03962, 0.03982, 0.03982, 0.03982], [0.03973, 0.03993, 0.04013, 0.04033, 0.04033, 0.03973, 0.03993, 0.04013, 0.04033, 0.04053, 0.03973, 0.03993, 0.04013, 0.04033, 0.04033, 0.03973, 0.03973, 0.03993, 0.04013, 0.04013, 0.03953, 0.03973, 0.03973, 0.03993, 0.03993], [0.0397, 0.0397, 0.0399, 0.0401, 0.0401, 0.0397, 0.0399, 0.0401, 0.0403, 0.0403, 0.0397, 0.0399, 0.0401, 0.0403, 0.0405, 0.0397, 0.0399, 0.0401, 0.0403, 0.0403, 0.0397, 0.0397, 0.0399, 0.0401, 0.0401], [0.03953, 0.03973, 0.03973, 0.03993, 0.03993, 0.03973, 0.03973, 0.03993, 0.04013, 0.04013, 0.03973, 0.03993, 0.04013, 0.04033, 0.04033, 0.03973, 0.03993, 0.04013, 0.04033, 0.04053, 0.03973, 0.03993, 0.04013, 0.04033, 0.04033], [0.03943, 0.03962, 0.03982, 0.03982, 0.03982, 0.03962, 0.03982, 0.03982, 0.04002, 0.04002, 0.03982, 0.03982, 0.04002, 0.04022, 0.04022, 0.03982, 0.04002, 0.04022, 0.04043, 0.04043, 0.03982, 0.04002, 0.04022, 0.04043, 0.04063]]