[[0.05649, 0.05035, 0.04488, 0.04001, 0.03566, 0.05035, 0.05035, 0.04488, 0.04001, 0.03566, 0.04488, 0.04488, 0.04001, 0.03566, 0.03566, 0.04001, 0.04001, 0.03566, 0.03566, 0.03179, 0.03566, 0.03566, 0.03566, 0.03179, 0.02833], [0.04777, 0.04777, 0.04258, 0.03795, 0.03383, 0.05359, 0.04777, 0.04258, 0.03795, 0.03383, 0.04777, 0.04777, 0.04258, 0.03795, 0.03383, 0.04258, 0.04258, 0.03795, 0.03383, 0.03383, 0.03795, 0.03795, 0.03383, 0.03383, 0.03015], [0.04186, 0.04186, 0.03732, 0.03326, 0.03326, 0.04697, 0.04697, 0.04186, 0.03732, 0.03326, 0.05269, 0.04697, 0.04186, 0.03732, 0.03326, 0.04697, 0.04697, 0.04186, 0.03732, 0.03326, 0.04186, 0.04186, 0.03732, 0.03326, 0.03326], [0.03795, 0.03795, 0.03383, 0.03383, 0.03015, 0.04258, 0.04258, 0.03795, 0.03383, 0.03383, 0.04777, 0.04777, 0.04258, 0.03795, 0.03383, 0.05359, 0.04777, 0.04258, 0.03795, 0.03383, 0.04777, 0.04777, 0.04258, 0.03795, 0.03383], [0.03566, 0.03566, 0.03566, 0.03179, 0.02833, 0.04001, 0.04001, 0.03566, 0.03566, 0.03179, 0.04488, 0.04488, 0.04001, 0.03566, 0.03566, 0.05035, 0.05035, 0.04488, 0.04001, 0.03566, 0.05649, 0.05035, 0.04488, 0.04001, 0.03566], [0.04777, 0.05359, 0.04777, 0.04258, 0.03795, 0.04777, 0.04777, 0.04777, 0.04258, 0.03795, 0.04258, 0.04258, 0.04258, 0.03795, 0.03383, 0.03795, 0.03795, 0.03795, 0.03383, 0.03383, 0.03383, 0.03383, 0.03383, 0.03383, 0.03015], [0.04513, 0.04513, 0.04513, 0.04023, 0.03586, 0.04513, 0.05063, 0.04513, 0.04023, 0.03586, 0.04513, 0.04513, 0.04513, 0.04023, 0.03586, 0.04023, 0.04023, 0.04023, 0.03586, 0.03196, 0.03586, 0.03586, 0.03586, 0.03196, 0.03196], [0.03956, 0.03956, 0.03956, 0.03526, 0.03143, 0.04438, 0.04438, 0.04438, 0.03956, 0.03526, 0.04438, 0.04979, 0.04438, 0.03956, 0.03526, 0.04438, 0.04438, 0.04438, 0.03956, 0.03526, 0.03956, 0.03956, 0.03956, 0.03526, 0.03143], [0.03586, 0.03586, 0.03586, 0.03196, 0.03196, 0.04023, 0.04023, 0.04023, 0.03586, 0.03196, 0.04513, 0.04513, 0.04513, 0.04023, 0.03586, 0.04513, 0.05063, 0.04513, 0.04023, 0.03586, 0.04513, 0.04513, 0.04513, 0.04023, 0.03586], [0.03383, 0.03383, 0.03383, 0.03383, 0.03015, 0.03795, 0.03795, 0.03795, 0.03383, 0.03383, 0.04258, 0.04258, 0.04258, 0.03795, 0.03383, 0.04777, 0.04777, 0.04777, 0.04258, 0.03795, 0.04777, 0.05359, 0.04777, 0.04258, 0.03795], [0.04186, 0.04697, 0.05269, 0.04697, 0.04186, 0.04186, 0.04697, 0.04697, 0.04697, 0.04186, 0.03732, 0.04186, 0.04186, 0.04186, 0.03732, 0.03326, 0.03732, 0.03732, 0.03732, 0.03326, 0.03326, 0.03326, 0.03326, 0.03326, 0.03326], [0.03956, 0.04438, 0.04438, 0.04438, 0.03956, 0.03956, 0.04438, 0.04979, 0.04438, 0.03956, 0.03956, 0.04438, 0.04438, 0.04438, 0.03956, 0.03526, 0.03956, 0.03956, 0.03956, 0.03526, 0.03143, 0.03526, 0.03526, 0.03526, 0.03143], [0.03455, 0.03876, 0.03876, 0.03876, 0.03455, 0.03876, 0.04349, 0.04349, 0.04349, 0.03876, 0.03876, 0.04349, 0.04878, 0.04349, 0.03876, 0.03876, 0.04349, 0.04349, 0.04349, 0.03876, 0.03455, 0.03876, 0.03876, 0.03876, 0.03455], [0.03143, 0.03526, 0.03526, 0.03526, 0.03143, 0.03526, 0.03956, 0.03956, 0.03956, 0.03526, 0.03956, 0.04438, 0.04438, 0.04438, 0.03956, 0.03956, 0.04438, 0.04979, 0.04438, 0.03956, 0.03956, 0.04438, 0.04438, 0.04438, 0.03956], [0.03326, 0.03326, 0.03326, 0.03326, 0.03326, 0.03326, 0.03732, 0.03732, 0.03732, 0.03326, 0.03732, 0.04186, 0.04186, 0.04186, 0.03732, 0.04186, 0.04697, 0.04697, 0.04697, 0.04186, 0.04186, 0.04697, 0.05269, 0.04697, 0.04186], [0.03795, 0.04258, 0.04777, 0.05359, 0.04777, 0.03795, 0.04258, 0.04777, 0.04777, 0.04777, 0.03383, 0.03795, 0.04258, 0.04258, 0.04258, 0.03383, 0.03383, 0.03795, 0.03795, 0.03795, 0.03015, 0.03383, 0.03383, 0.03383, 0.03383], [0.03586, 0.04023, 0.04513, 0.04513, 0.04513, 0.03586, 0.04023, 0.04513, 0.05063, 0.04513, 0.03586, 0.04023, 0.04513, 0.04513, 0.04513, 0.03196, 0.03586, 0.04023, 0.04023, 0.04023, 0.03196, 0.03196, 0.03586, 0.03586, 0.03586], [0.03143, 0.03526, 0.03956, 0.03956, 0.03956, 0.03526, 0.03956, 0.04438, 0.04438, 0.04438, 0.03526, 0.03956, 0.04438, 0.04979, 0.04438, 0.03526, 0.03956, 0.04438, 0.04438, 0.04438, 0.03143, 0.03526, 0.03956, 0.03956, 0.03956], [0.03196, 0.03196, 0.03586, 0.03586, 0.03586, 0.03196, 0.03586, 0.04023, 0.04023, 0.04023, 0.03586, 0.04023, 0.04513, 0.04513, 0.04513, 0.03586, 0.04023, 0.04513, 0.05063, 0.04513, 0.03586, 0.04023, 0.04513, 0.04513, 0.04513], [0.03015, 0.03383, 0.03383, 0.03383, 0.03383, 0.03383, 0.03383, 0.03795, 0.03795, 0.03795, 0.03383, 0.03795, 0.04258, 0.04258, 0.04258, 0.03795, 0.04258, 0.04777, 0.04777, 0.04777, 0.03795, 0.04258, 0.04777, 0.05359, 0.04777], [0.03566, 0.04001, 0.04488, 0.05035, 0.05649, 0.03566, 0.04001, 0.04488, 0.05035, 0.05035, 0.03566, 0.03566, 0.04001, 0.04488, 0.04488, 0.03179, 0.03566, 0.03566, 0.04001, 0.04001, 0.02833, 0.03179, 0.03566, 0.03566, 0.03566], [0.03383, 0.03795, 0.04258, 0.04777, 0.04777, 0.03383, 0.03795, 0.04258, 0.04777, 0.05359, 0.03383, 0.03795, 0.04258, 0.04777, 0.04777, 0.03383, 0.03383, 0.03795, 0.04258, 0.04258, 0.03015, 0.03383, 0.03383, 0.03795, 0.03795], [0.03326, 0.03326, 0.03732, 0.04186, 0.04186, 0.03326, 0.03732, 0.04186, 0.04697, 0.04697, 0.03326, 0.03732, 0.04186, 0.04697, 0.05269, 0.03326, 0.03732, 0.04186, 0.04697, 0.04697, 0.03326, 0.03326, 0.03732, 0.04186, 0.04186], [0.03015, 0.03383, 0.03383, 0.03795, 0.03795, 0.03383, 0.03383, 0.03795, 0.04258, 0.04258, 0.03383, 0.03795, 0.04258, 0.04777, 0.04777, 0.03383, 0.03795, 0.04258, 0.04777, 0.05359, 0.03383, 0.03795, 0.04258, 0.04777, 0.04777], [0.02833, 0.03179, 0.03566, 0.03566, 0.03566, 0.03179, 0.03566, 0.03566, 0.04001, 0.04001, 0.03566, 0.03566, 0.04001, 0.04488, 0.04488, 0.03566, 0.04001, 0.04488, 0.05035, 0.05035, 0.03566, 0.04001, 0.04488, 0.05035, 0.05649]]