[[0.05897, 0.05178, 0.04547, 0.03993, 0.03506, 0.05178, 0.05178, 0.04547, 0.03993, 0.03506, 0.04547, 0.04547, 0.03993, 0.03506, 0.03506, 0.03993, 0.03993, 0.03506, 0.03506, 0.03079, 0.03506, 0.03506, 0.03506, 0.03079, 0.02703], [0.04881, 0.04881, 0.04286, 0.03763, 0.03304, 0.05558, 0.04881, 0.04286, 0.03763, 0.03304, 0.04881, 0.04881, 0.04286, 0.03763, 0.03304, 0.04286, 0.04286, 0.03763, 0.03304, 0.03304, 0.03763, 0.03763, 0.03304, 0.03304, 0.02902], [0.04205, 0.04205, 0.03693, 0.03243, 0.03243, 0.04789, 0.04789, 0.04205, 0.03693, 0.03243, 0.05454, 0.04789, 0.04205, 0.03693, 0.03243, 0.04789, 0.04789, 0.04205, 0.03693, 0.03243, 0.04205, 0.04205, 0.03693, 0.03243, 0.03243], [0.03763, 0.03763, 0.03304, 0.03304, 0.02902, 0.04286, 0.04286, 0.03763, 0.03304, 0.03304, 0.04881, 0.04881, 0.04286, 0.03763, 0.03304, 0.05558, 0.04881, 0.04286, 0.03763, 0.03304, 0.04881, 0.04881, 0.04286, 0.03763, 0.03304], [0.03506, 0.03506, 0.03506, 0.03079, 0.02703, 0.03993, 0.03993, 0.03506, 0.03506, 0.03079, 0.04547, 0.04547, 0.03993, 0.03506, 0.03506, 0.05178, 0.05178, 0.04547, 0.03993, 0.03506, 0.05897, 0.05178, 0.04547, 0.03993, 0.03506], [0.04881, 0.05558, 0.04881, 0.04286, 0.03763, 0.04881, 0.04881, 0.04881, 0.04286, 0.03763, 0.04286, 0.04286, 0.04286, 0.03763, 0.03304, 0.03763, 0.03763, 0.03763, 0.03304, 0.03304, 0.03304, 0.03304, 0.03304, 0.03304, 0.02902], [0.0458, 0.0458, 0.0458, 0.04021, 0.03531, 0.0458, 0.05215, 0.0458, 0.04021, 0.03531, 0.0458, 0.0458, 0.0458, 0.04021, 0.03531, 0.04021, 0.04021, 0.04021, 0.03531, 0.03101, 0.03531, 0.03531, 0.03531, 0.03101, 0.03101], [0.03946, 0.03946, 0.03946, 0.03465, 0.03043, 0.04494, 0.04494, 0.04494, 0.03946, 0.03465, 0.04494, 0.05118, 0.04494, 0.03946, 0.03465, 0.04494, 0.04494, 0.04494, 0.03946, 0.03465, 0.03946, 0.03946, 0.03946, 0.03465, 0.03043], [0.03531, 0.03531, 0.03531, 0.03101, 0.03101, 0.04021, 0.04021, 0.04021, 0.03531, 0.03101, 0.0458, 0.0458, 0.0458, 0.04021, 0.03531, 0.0458, 0.05215, 0.0458, 0.04021, 0.03531, 0.0458, 0.0458, 0.0458, 0.04021, 0.03531], [0.03304, 0.03304, 0.03304, 0.03304, 0.02902, 0.03763, 0.03763, 0.03763, 0.03304, 0.03304, 0.04286, 0.04286, 0.04286, 0.03763, 0.03304, 0.04881, 0.04881, 0.04881, 0.04286, 0.03763, 0.04881, 0.05558, 0.04881, 0.04286, 0.03763], [0.04205, 0.04789, 0.05454, 0.04789, 0.04205, 0.04205, 0.04789, 0.04789, 0.04789, 0.04205, 0.03693, 0.04205, 0.04205, 0.04205, 0.03693, 0.03243, 0.03693, 0.03693, 0.03693, 0.03243, 0.03243, 0.03243, 0.03243, 0.03243, 0.03243], [0.03946, 0.04494, 0.04494, 0.04494, 0.03946, 0.03946, 0.04494, 0.05118, 0.04494, 0.03946, 0.03946, 0.04494, 0.04494, 0.04494, 0.03946, 0.03465, 0.03946, 0.03946, 0.03946, 0.03465, 0.03043, 0.03465, 0.03465, 0.03465, 0.03043], [0.03388, 0.03858, 0.03858, 0.03858, 0.03388, 0.03858, 0.04394, 0.04394, 0.04394, 0.03858, 0.03858, 0.04394, 0.05004, 0.04394, 0.03858, 0.03858, 0.04394, 0.04394, 0.04394, 0.03858, 0.03388, 0.03858, 0.03858, 0.03858, 0.03388], [0.03043, 0.03465, 0.03465, 0.03465, 0.03043, 0.03465, 0.03946, 0.03946, 0.03946, 0.03465, 0.03946, 0.04494, 0.04494, 0.04494, 0.03946, 0.03946, 0.04494, 0.05118, 0.04494, 0.03946, 0.03946, 0.04494, 0.04494, 0.04494, 0.03946], [0.03243, 0.03243, 0.03243, 0.03243, 0.03243, 0.03243, 0.03693, 0.03693, 0.03693, 0.03243, 0.03693, 0.04205, 0.04205, 0.04205, 0.03693, 0.04205, 0.04789, 0.04789, 0.04789, 0.04205, 0.04205, 0.04789, 0.05454, 0.04789, 0.04205], [0.03763, 0.04286, 0.04881, 0.05558, 0.04881, 0.03763, 0.04286, 0.04881, 0.04881, 0.04881, 0.03304, 0.03763, 0.04286, 0.04286, 0.04286, 0.03304, 0.03304, 0.03763, 0.03763, 0.03763, 0.02902, 0.03304, 0.03304, 0.03304, 0.03304], [0.03531, 0.04021, 0.0458, 0.0458, 0.0458, 0.03531, 0.04021, 0.0458, 0.05215, 0.0458, 0.03531, 0.04021, 0.0458, 0.0458, 0.0458, 0.03101, 0.03531, 0.04021, 0.04021, 0.04021, 0.03101, 0.03101, 0.03531, 0.03531, 0.03531], [0.03043, 0.03465, 0.03946, 0.03946, 0.03946, 0.03465, 0.03946, 0.04494, 0.04494, 0.04494, 0.03465, 0.03946, 0.04494, 0.05118, 0.04494, 0.03465, 0.03946, 0.04494, 0.04494, 0.04494, 0.03043, 0.03465, 0.03946, 0.03946, 0.03946], [0.03101, 0.03101, 0.03531, 0.03531, 0.03531, 0.03101, 0.03531, 0.04021, 0.04021, 0.04021, 0.03531, 0.04021, 0.0458, 0.0458, 0.0458, 0.03531, 0.04021, 0.0458, 0.05215, 0.0458, 0.03531, 0.04021, 0.0458, 0.0458, 0.0458], [0.02902, 0.03304, 0.03304, 0.03304, 0.03304, 0.03304, 0.03304, 0.03763, 0.03763, 0.03763, 0.03304, 0.03763, 0.04286, 0.04286, 0.04286, 0.03763, 0.04286, 0.04881, 0.04881, 0.04881, 0.03763, 0.04286, 0.04881, 0.05558, 0.04881], [0.03506, 0.03993, 0.04547, 0.05178, 0.05897, 0.03506, 0.03993, 0.04547, 0.05178, 0.05178, 0.03506, 0.03506, 0.03993, 0.04547, 0.04547, 0.03079, 0.03506, 0.03506, 0.03993, 0.03993, 0.02703, 0.03079, 0.03506, 0.03506, 0.03506], [0.03304, 0.03763, 0.04286, 0.04881, 0.04881, 0.03304, 0.03763, 0.04286, 0.04881, 0.05558, 0.03304, 0.03763, 0.04286, 0.04881, 0.04881, 0.03304, 0.03304, 0.03763, 0.04286, 0.04286, 0.02902, 0.03304, 0.03304, 0.03763, 0.03763], [0.03243, 0.03243, 0.03693, 0.04205, 0.04205, 0.03243, 0.03693, 0.04205, 0.04789, 0.04789, 0.03243, 0.03693, 0.04205, 0.04789, 0.05454, 0.03243, 0.03693, 0.04205, 0.04789, 0.04789, 0.03243, 0.03243, 0.03693, 0.04205, 0.04205], [0.02902, 0.03304, 0.03304, 0.03763, 0.03763, 0.03304, 0.03304, 0.03763, 0.04286, 0.04286, 0.03304, 0.03763, 0.04286, 0.04881, 0.04881, 0.03304, 0.03763, 0.04286, 0.04881, 0.05558, 0.03304, 0.03763, 0.04286, 0.04881, 0.04881], [0.02703, 0.03079, 0.03506, 0.03506, 0.03506, 0.03079, 0.03506, 0.03506, 0.03993, 0.03993, 0.03506, 0.03506, 0.03993, 0.04547, 0.04547, 0.03506, 0.03993, 0.04547, 0.05178, 0.05178, 0.03506, 0.03993, 0.04547, 0.05178, 0.05897]]