[[0.04025, 0.04017, 0.04009, 0.04001, 0.03993, 0.04017, 0.04017, 0.04009, 0.04001, 0.03993, 0.04009, 0.04009, 0.04001, 0.03993, 0.03993, 0.04001, 0.04001, 0.03993, 0.03993, 0.03985, 0.03993, 0.03993, 0.03993, 0.03985, 0.03977], [0.04013, 0.04021, 0.04013, 0.04005, 0.03997, 0.04013, 0.04013, 0.04013, 0.04005, 0.03997, 0.04005, 0.04005, 0.04005, 0.03997, 0.03989, 0.03997, 0.03997, 0.03997, 0.03989, 0.03989, 0.03989, 0.03989, 0.03989, 0.03989, 0.03981], [0.04004, 0.04012, 0.0402, 0.04012, 0.04004, 0.04004, 0.04012, 0.04012, 0.04012, 0.04004, 0.03996, 0.04004, 0.04004, 0.04004, 0.03996, 0.03988, 0.03996, 0.03996, 0.03996, 0.03988, 0.03988, 0.03988, 0.03988, 0.03988, 0.03988], [0.03997, 0.04005, 0.04013, 0.04021, 0.04013, 0.03997, 0.04005, 0.04013, 0.04013, 0.04013, 0.03989, 0.03997, 0.04005, 0.04005, 0.04005, 0.03989, 0.03989, 0.03997, 0.03997, 0.03997, 0.03981, 0.03989, 0.03989, 0.03989, 0.03989], [0.03993, 0.04001, 0.04009, 0.04017, 0.04025, 0.03993, 0.04001, 0.04009, 0.04017, 0.04017, 0.03993, 0.03993, 0.04001, 0.04009, 0.04009, 0.03985, 0.03993, 0.03993, 0.04001, 0.04001, 0.03977, 0.03985, 0.03993, 0.03993, 0.03993], [0.04013, 0.04013, 0.04005, 0.03997, 0.03989, 0.04021, 0.04013, 0.04005, 0.03997, 0.03989, 0.04013, 0.04013, 0.04005, 0.03997, 0.03989, 0.04005, 0.04005, 0.03997, 0.03989, 0.03989, 0.03997, 0.03997, 0.03989, 0.03989, 0.03981], [0.04009, 0.04009, 0.04009, 0.04001, 0.03993, 0.04009, 0.04017, 0.04009, 0.04001, 0.03993, 0.04009, 0.04009, 0.04009, 0.04001, 0.03993, 0.04001, 0.04001, 0.04001, 0.03993, 0.03985, 0.03993, 0.03993, 0.03993, 0.03985, 0.03985], [0.04, 0.04008, 0.04008, 0.04008, 0.04, 0.04, 0.04008, 0.04016, 0.04008, 0.04, 0.04, 0.04008, 0.04008, 0.04008, 0.04, 0.03992, 0.04, 0.04, 0.04, 0.03992, 0.03984, 0.03992, 0.03992, 0.03992, 0.03984], [0.03993, 0.04001, 0.04009, 0.04009, 0.04009, 0.03993, 0.04001, 0.04009, 0.04017, 0.04009, 0.03993, 0.04001, 0.04009, 0.04009, 0.04009, 0.03985, 0.03993, 0.04001, 0.04001, 0.04001, 0.03985, 0.03985, 0.03993, 0.03993, 0.03993], [0.03989, 0.03997, 0.04005, 0.04013, 0.04013, 0.03989, 0.03997, 0.04005, 0.04013, 0.04021, 0.03989, 0.03997, 0.04005, 0.04013, 0.04013, 0.03989, 0.03989, 0.03997, 0.04005, 0.04005, 0.03981, 0.03989, 0.03989, 0.03997, 0.03997], [0.04004, 0.04004, 0.03996, 0.03988, 0.03988, 0.04012, 0.04012, 0.04004, 0.03996, 0.03988, 0.0402, 0.04012, 0.04004, 0.03996, 0.03988, 0.04012, 0.04012, 0.04004, 0.03996, 0.03988, 0.04004, 0.04004, 0.03996, 0.03988, 0.03988], [0.04, 0.04, 0.04, 0.03992, 0.03984, 0.04008, 0.04008, 0.04008, 0.04, 0.03992, 0.04008, 0.04016, 0.04008, 0.04, 0.03992, 0.04008, 0.04008, 0.04008, 0.04, 0.03992, 0.04, 0.04, 0.04, 0.03992, 0.03984], [0.0399, 0.03998, 0.03998, 0.03998, 0.0399, 0.03998, 0.04006, 0.04006, 0.04006, 0.03998, 0.03998, 0.04006, 0.04014, 0.04006, 0.03998, 0.03998, 0.04006, 0.04006, 0.04006, 0.03998, 0.0399, 0.03998, 0.03998, 0.03998, 0.0399], [0.03984, 0.03992, 0.04, 0.04, 0.04, 0.03992, 0.04, 0.04008, 0.04008, 0.04008, 0.03992, 0.04, 0.04008, 0.04016, 0.04008, 0.03992, 0.04, 0.04008, 0.04008, 0.04008, 0.03984, 0.03992, 0.04, 0.04, 0.04], [0.03988, 0.03988, 0.03996, 0.04004, 0.04004, 0.03988, 0.03996, 0.04004, 0.04012, 0.04012, 0.03988, 0.03996, 0.04004, 0.04012, 0.0402, 0.03988, 0.03996, 0.04004, 0.04012, 0.04012, 0.03988, 0.03988, 0.03996, 0.04004, 0.04004], [0.03997, 0.03997, 0.03989, 0.03989, 0.03981, 0.04005, 0.04005, 0.03997, 0.03989, 0.03989, 0.04013, 0.04013, 0.04005, 0.03997, 0.03989, 0.04021, 0.04013, 0.04005, 0.03997, 0.03989, 0.04013, 0.04013, 0.04005, 0.03997, 0.03989], [0.03993, 0.03993, 0.03993, 0.03985, 0.03985, 0.04001, 0.04001, 0.04001, 0.03993, 0.03985, 0.04009, 0.04009, 0.04009, 0.04001, 0.03993, 0.04009, 0.04017, 0.04009, 0.04001, 0.03993, 0.04009, 0.04009, 0.04009, 0.04001, 0.03993], [0.03984, 0.03992, 0.03992, 0.03992, 0.03984, 0.03992, 0.04, 0.04, 0.04, 0.03992, 0.04, 0.04008, 0.04008, 0.04008, 0.04, 0.04, 0.04008, 0.04016, 0.04008, 0.04, 0.04, 0.04008, 0.04008, 0.04008, 0.04], [0.03985, 0.03985, 0.03993, 0.03993, 0.03993, 0.03985, 0.03993, 0.04001, 0.04001, 0.04001, 0.03993, 0.04001, 0.04009, 0.04009, 0.04009, 0.03993, 0.04001, 0.04009, 0.04017, 0.04009, 0.03993, 0.04001, 0.04009, 0.04009, 0.04009], [0.03981, 0.03989, 0.03989, 0.03997, 0.03997, 0.03989, 0.03989, 0.03997, 0.04005, 0.04005, 0.03989, 0.03997, 0.04005, 0.04013, 0.04013, 0.03989, 0.03997, 0.04005, 0.04013, 0.04021, 0.03989, 0.03997, 0.04005, 0.04013, 0.04013], [0.03993, 0.03993, 0.03993, 0.03985, 0.03977, 0.04001, 0.04001, 0.03993, 0.03993, 0.03985, 0.04009, 0.04009, 0.04001, 0.03993, 0.03993, 0.04017, 0.04017, 0.04009, 0.04001, 0.03993, 0.04025, 0.04017, 0.04009, 0.04001, 0.03993], [0.03989, 0.03989, 0.03989, 0.03989, 0.03981, 0.03997, 0.03997, 0.03997, 0.03989, 0.03989, 0.04005, 0.04005, 0.04005, 0.03997, 0.03989, 0.04013, 0.04013, 0.04013, 0.04005, 0.03997, 0.04013, 0.04021, 0.04013, 0.04005, 0.03997], [0.03988, 0.03988, 0.03988, 0.03988, 0.03988, 0.03988, 0.03996, 0.03996, 0.03996, 0.03988, 0.03996, 0.04004, 0.04004, 0.04004, 0.03996, 0.04004, 0.04012, 0.04012, 0.04012, 0.04004, 0.04004, 0.04012, 0.0402, 0.04012, 0.04004], [0.03981, 0.03989, 0.03989, 0.03989, 0.03989, 0.03989, 0.03989, 0.03997, 0.03997, 0.03997, 0.03989, 0.03997, 0.04005, 0.04005, 0.04005, 0.03997, 0.04005, 0.04013, 0.04013, 0.04013, 0.03997, 0.04005, 0.04013, 0.04021, 0.04013], [0.03977, 0.03985, 0.03993, 0.03993, 0.03993, 0.03985, 0.03993, 0.03993, 0.04001, 0.04001, 0.03993, 0.03993, 0.04001, 0.04009, 0.04009, 0.03993, 0.04001, 0.04009, 0.04017, 0.04017, 0.03993, 0.04001, 0.04009, 0.04017, 0.04025]]