[[0.04197, 0.04133, 0.04069, 0.04006, 0.03945, 0.04133, 0.04133, 0.04069, 0.04006, 0.03945, 0.04069, 0.04069, 0.04006, 0.03945, 0.03945, 0.04006, 0.04006, 0.03945, 0.03945, 0.03884, 0.03945, 0.03945, 0.03945, 0.03884, 0.03824], [0.04102, 0.04166, 0.04102, 0.04039, 0.03977, 0.04102, 0.04102, 0.04102, 0.04039, 0.03977, 0.04039, 0.04039, 0.04039, 0.03977, 0.03916, 0.03977, 0.03977, 0.03977, 0.03916, 0.03916, 0.03916, 0.03916, 0.03916, 0.03916, 0.03856], [0.04029, 0.04092, 0.04156, 0.04092, 0.04029, 0.04029, 0.04092, 0.04092, 0.04092, 0.04029, 0.03967, 0.04029, 0.04029, 0.04029, 0.03967, 0.03906, 0.03967, 0.03967, 0.03967, 0.03906, 0.03906, 0.03906, 0.03906, 0.03906, 0.03906], [0.03977, 0.04039, 0.04102, 0.04166, 0.04102, 0.03977, 0.04039, 0.04102, 0.04102, 0.04102, 0.03916, 0.03977, 0.04039, 0.04039, 0.04039, 0.03916, 0.03916, 0.03977, 0.03977, 0.03977, 0.03856, 0.03916, 0.03916, 0.03916, 0.03916], [0.03945, 0.04006, 0.04069, 0.04133, 0.04197, 0.03945, 0.04006, 0.04069, 0.04133, 0.04133, 0.03945, 0.03945, 0.04006, 0.04069, 0.04069, 0.03884, 0.03945, 0.03945, 0.04006, 0.04006, 0.03824, 0.03884, 0.03945, 0.03945, 0.03945], [0.04102, 0.04102, 0.04039, 0.03977, 0.03916, 0.04166, 0.04102, 0.04039, 0.03977, 0.03916, 0.04102, 0.04102, 0.04039, 0.03977, 0.03916, 0.04039, 0.04039, 0.03977, 0.03916, 0.03916, 0.03977, 0.03977, 0.03916, 0.03916, 0.03856], [0.04069, 0.04069, 0.04069, 0.04007, 0.03945, 0.04069, 0.04133, 0.04069, 0.04007, 0.03945, 0.04069, 0.04069, 0.04069, 0.04007, 0.03945, 0.04007, 0.04007, 0.04007, 0.03945, 0.03885, 0.03945, 0.03945, 0.03945, 0.03885, 0.03885], [0.03997, 0.04059, 0.04059, 0.04059, 0.03997, 0.03997, 0.04059, 0.04123, 0.04059, 0.03997, 0.03997, 0.04059, 0.04059, 0.04059, 0.03997, 0.03936, 0.03997, 0.03997, 0.03997, 0.03936, 0.03875, 0.03936, 0.03936, 0.03936, 0.03875], [0.03945, 0.04007, 0.04069, 0.04069, 0.04069, 0.03945, 0.04007, 0.04069, 0.04133, 0.04069, 0.03945, 0.04007, 0.04069, 0.04069, 0.04069, 0.03885, 0.03945, 0.04007, 0.04007, 0.04007, 0.03885, 0.03885, 0.03945, 0.03945, 0.03945], [0.03916, 0.03977, 0.04039, 0.04102, 0.04102, 0.03916, 0.03977, 0.04039, 0.04102, 0.04166, 0.03916, 0.03977, 0.04039, 0.04102, 0.04102, 0.03916, 0.03916, 0.03977, 0.04039, 0.04039, 0.03856, 0.03916, 0.03916, 0.03977, 0.03977], [0.04029, 0.04029, 0.03967, 0.03906, 0.03906, 0.04092, 0.04092, 0.04029, 0.03967, 0.03906, 0.04156, 0.04092, 0.04029, 0.03967, 0.03906, 0.04092, 0.04092, 0.04029, 0.03967, 0.03906, 0.04029, 0.04029, 0.03967, 0.03906, 0.03906], [0.03997, 0.03997, 0.03997, 0.03936, 0.03875, 0.04059, 0.04059, 0.04059, 0.03997, 0.03936, 0.04059, 0.04123, 0.04059, 0.03997, 0.03936, 0.04059, 0.04059, 0.04059, 0.03997, 0.03936, 0.03997, 0.03997, 0.03997, 0.03936, 0.03875], [0.03924, 0.03985, 0.03985, 0.03985, 0.03924, 0.03985, 0.04047, 0.04047, 0.04047, 0.03985, 0.03985, 0.04047, 0.0411, 0.04047, 0.03985, 0.03985, 0.04047, 0.04047, 0.04047, 0.03985, 0.03924, 0.03985, 0.03985, 0.03985, 0.03924], [0.03875, 0.03936, 0.03997, 0.03997, 0.03997, 0.03936, 0.03997, 0.04059, 0.04059, 0.04059, 0.03936, 0.03997, 0.04059, 0.04123, 0.04059, 0.03936, 0.03997, 0.04059, 0.04059, 0.04059, 0.03875, 0.03936, 0.03997, 0.03997, 0.03997], [0.03906, 0.03906, 0.03967, 0.04029, 0.04029, 0.03906, 0.03967, 0.04029, 0.04092, 0.04092, 0.03906, 0.03967, 0.04029, 0.04092, 0.04156, 0.03906, 0.03967, 0.04029, 0.04092, 0.04092, 0.03906, 0.03906, 0.03967, 0.04029, 0.04029], [0.03977, 0.03977, 0.03916, 0.03916, 0.03856, 0.04039, 0.04039, 0.03977, 0.03916, 0.03916, 0.04102, 0.04102, 0.04039, 0.03977, 0.03916, 0.04166, 0.04102, 0.04039, 0.03977, 0.03916, 0.04102, 0.04102, 0.04039, 0.03977, 0.03916], [0.03945, 0.03945, 0.03945, 0.03885, 0.03885, 0.04007, 0.04007, 0.04007, 0.03945, 0.03885, 0.04069, 0.04069, 0.04069, 0.04007, 0.03945, 0.04069, 0.04133, 0.04069, 0.04007, 0.03945, 0.04069, 0.04069, 0.04069, 0.04007, 0.03945], [0.03875, 0.03936, 0.03936, 0.03936, 0.03875, 0.03936, 0.03997, 0.03997, 0.03997, 0.03936, 0.03997, 0.04059, 0.04059, 0.04059, 0.03997, 0.03997, 0.04059, 0.04123, 0.04059, 0.03997, 0.03997, 0.04059, 0.04059, 0.04059, 0.03997], [0.03885, 0.03885, 0.03945, 0.03945, 0.03945, 0.03885, 0.03945, 0.04007, 0.04007, 0.04007, 0.03945, 0.04007, 0.04069, 0.04069, 0.04069, 0.03945, 0.04007, 0.04069, 0.04133, 0.04069, 0.03945, 0.04007, 0.04069, 0.04069, 0.04069], [0.03856, 0.03916, 0.03916, 0.03977, 0.03977, 0.03916, 0.03916, 0.03977, 0.04039, 0.04039, 0.03916, 0.03977, 0.04039, 0.04102, 0.04102, 0.03916, 0.03977, 0.04039, 0.04102, 0.04166, 0.03916, 0.03977, 0.04039, 0.04102, 0.04102], [0.03945, 0.03945, 0.03945, 0.03884, 0.03824, 0.04006, 0.04006, 0.03945, 0.03945, 0.03884, 0.04069, 0.04069, 0.04006, 0.03945, 0.03945, 0.04133, 0.04133, 0.04069, 0.04006, 0.03945, 0.04197, 0.04133, 0.04069, 0.04006, 0.03945], [0.03916, 0.03916, 0.03916, 0.03916, 0.03856, 0.03977, 0.03977, 0.03977, 0.03916, 0.03916, 0.04039, 0.04039, 0.04039, 0.03977, 0.03916, 0.04102, 0.04102, 0.04102, 0.04039, 0.03977, 0.04102, 0.04166, 0.04102, 0.04039, 0.03977], [0.03906, 0.03906, 0.03906, 0.03906, 0.03906, 0.03906, 0.03967, 0.03967, 0.03967, 0.03906, 0.03967, 0.04029, 0.04029, 0.04029, 0.03967, 0.04029, 0.04092, 0.04092, 0.04092, 0.04029, 0.04029, 0.04092, 0.04156, 0.04092, 0.04029], [0.03856, 0.03916, 0.03916, 0.03916, 0.03916, 0.03916, 0.03916, 0.03977, 0.03977, 0.03977, 0.03916, 0.03977, 0.04039, 0.04039, 0.04039, 0.03977, 0.04039, 0.04102, 0.04102, 0.04102, 0.03977, 0.04039, 0.04102, 0.04166, 0.04102], [0.03824, 0.03884, 0.03945, 0.03945, 0.03945, 0.03884, 0.03945, 0.03945, 0.04006, 0.04006, 0.03945, 0.03945, 0.04006, 0.04069, 0.04069, 0.03945, 0.04006, 0.04069, 0.04133, 0.04133, 0.03945, 0.04006, 0.04069, 0.04133, 0.04197]]