[[0.04114, 0.04077, 0.0404, 0.04004, 0.03968, 0.04077, 0.04077, 0.0404, 0.04004, 0.03968, 0.0404, 0.0404, 0.04004, 0.03968, 0.03968, 0.04004, 0.04004, 0.03968, 0.03968, 0.03933, 0.03968, 0.03968, 0.03968, 0.03933, 0.03897], [0.04059, 0.04096, 0.04059, 0.04023, 0.03987, 0.04059, 0.04059, 0.04059, 0.04023, 0.03987, 0.04023, 0.04023, 0.04023, 0.03987, 0.03951, 0.03987, 0.03987, 0.03987, 0.03951, 0.03951, 0.03951, 0.03951, 0.03951, 0.03951, 0.03916], [0.04017, 0.04053, 0.0409, 0.04053, 0.04017, 0.04017, 0.04053, 0.04053, 0.04053, 0.04017, 0.03981, 0.04017, 0.04017, 0.04017, 0.03981, 0.03945, 0.03981, 0.03981, 0.03981, 0.03945, 0.03945, 0.03945, 0.03945, 0.03945, 0.03945], [0.03987, 0.04023, 0.04059, 0.04096, 0.04059, 0.03987, 0.04023, 0.04059, 0.04059, 0.04059, 0.03951, 0.03987, 0.04023, 0.04023, 0.04023, 0.03951, 0.03951, 0.03987, 0.03987, 0.03987, 0.03916, 0.03951, 0.03951, 0.03951, 0.03951], [0.03968, 0.04004, 0.0404, 0.04077, 0.04114, 0.03968, 0.04004, 0.0404, 0.04077, 0.04077, 0.03968, 0.03968, 0.04004, 0.0404, 0.0404, 0.03933, 0.03968, 0.03968, 0.04004, 0.04004, 0.03897, 0.03933, 0.03968, 0.03968, 0.03968], [0.04059, 0.04059, 0.04023, 0.03987, 0.03951, 0.04096, 0.04059, 0.04023, 0.03987, 0.03951, 0.04059, 0.04059, 0.04023, 0.03987, 0.03951, 0.04023, 0.04023, 0.03987, 0.03951, 0.03951, 0.03987, 0.03987, 0.03951, 0.03951, 0.03916], [0.0404, 0.0404, 0.0404, 0.04004, 0.03968, 0.0404, 0.04077, 0.0404, 0.04004, 0.03968, 0.0404, 0.0404, 0.0404, 0.04004, 0.03968, 0.04004, 0.04004, 0.04004, 0.03968, 0.03933, 0.03968, 0.03968, 0.03968, 0.03933, 0.03933], [0.03998, 0.04035, 0.04035, 0.04035, 0.03998, 0.03998, 0.04035, 0.04071, 0.04035, 0.03998, 0.03998, 0.04035, 0.04035, 0.04035, 0.03998, 0.03963, 0.03998, 0.03998, 0.03998, 0.03963, 0.03927, 0.03963, 0.03963, 0.03963, 0.03927], [0.03968, 0.04004, 0.0404, 0.0404, 0.0404, 0.03968, 0.04004, 0.0404, 0.04077, 0.0404, 0.03968, 0.04004, 0.0404, 0.0404, 0.0404, 0.03933, 0.03968, 0.04004, 0.04004, 0.04004, 0.03933, 0.03933, 0.03968, 0.03968, 0.03968], [0.03951, 0.03987, 0.04023, 0.04059, 0.04059, 0.03951, 0.03987, 0.04023, 0.04059, 0.04096, 0.03951, 0.03987, 0.04023, 0.04059, 0.04059, 0.03951, 0.03951, 0.03987, 0.04023, 0.04023, 0.03916, 0.03951, 0.03951, 0.03987, 0.03987], [0.04017, 0.04017, 0.03981, 0.03945, 0.03945, 0.04053, 0.04053, 0.04017, 0.03981, 0.03945, 0.0409, 0.04053, 0.04017, 0.03981, 0.03945, 0.04053, 0.04053, 0.04017, 0.03981, 0.03945, 0.04017, 0.04017, 0.03981, 0.03945, 0.03945], [0.03998, 0.03998, 0.03998, 0.03963, 0.03927, 0.04035, 0.04035, 0.04035, 0.03998, 0.03963, 0.04035, 0.04071, 0.04035, 0.03998, 0.03963, 0.04035, 0.04035, 0.04035, 0.03998, 0.03963, 0.03998, 0.03998, 0.03998, 0.03963, 0.03927], [0.03956, 0.03991, 0.03991, 0.03991, 0.03956, 0.03991, 0.04027, 0.04027, 0.04027, 0.03991, 0.03991, 0.04027, 0.04064, 0.04027, 0.03991, 0.03991, 0.04027, 0.04027, 0.04027, 0.03991, 0.03956, 0.03991, 0.03991, 0.03991, 0.03956], [0.03927, 0.03963, 0.03998, 0.03998, 0.03998, 0.03963, 0.03998, 0.04035, 0.04035, 0.04035, 0.03963, 0.03998, 0.04035, 0.04071, 0.04035, 0.03963, 0.03998, 0.04035, 0.04035, 0.04035, 0.03927, 0.03963, 0.03998, 0.03998, 0.03998], [0.03945, 0.03945, 0.03981, 0.04017, 0.04017, 0.03945, 0.03981, 0.04017, 0.04053, 0.04053, 0.03945, 0.03981, 0.04017, 0.04053, 0.0409, 0.03945, 0.03981, 0.04017, 0.04053, 0.04053, 0.03945, 0.03945, 0.03981, 0.04017, 0.04017], [0.03987, 0.03987, 0.03951, 0.03951, 0.03916, 0.04023, 0.04023, 0.03987, 0.03951, 0.03951, 0.04059, 0.04059, 0.04023, 0.03987, 0.03951, 0.04096, 0.04059, 0.04023, 0.03987, 0.03951, 0.04059, 0.04059, 0.04023, 0.03987, 0.03951], [0.03968, 0.03968, 0.03968, 0.03933, 0.03933, 0.04004, 0.04004, 0.04004, 0.03968, 0.03933, 0.0404, 0.0404, 0.0404, 0.04004, 0.03968, 0.0404, 0.04077, 0.0404, 0.04004, 0.03968, 0.0404, 0.0404, 0.0404, 0.04004, 0.03968], [0.03927, 0.03963, 0.03963, 0.03963, 0.03927, 0.03963, 0.03998, 0.03998, 0.03998, 0.03963, 0.03998, 0.04035, 0.04035, 0.04035, 0.03998, 0.03998, 0.04035, 0.04071, 0.04035, 0.03998, 0.03998, 0.04035, 0.04035, 0.04035, 0.03998], [0.03933, 0.03933, 0.03968, 0.03968, 0.03968, 0.03933, 0.03968, 0.04004, 0.04004, 0.04004, 0.03968, 0.04004, 0.0404, 0.0404, 0.0404, 0.03968, 0.04004, 0.0404, 0.04077, 0.0404, 0.03968, 0.04004, 0.0404, 0.0404, 0.0404], [0.03916, 0.03951, 0.03951, 0.03987, 0.03987, 0.03951, 0.03951, 0.03987, 0.04023, 0.04023, 0.03951, 0.03987, 0.04023, 0.04059, 0.04059, 0.03951, 0.03987, 0.04023, 0.04059, 0.04096, 0.03951, 0.03987, 0.04023, 0.04059, 0.04059], [0.03968, 0.03968, 0.03968, 0.03933, 0.03897, 0.04004, 0.04004, 0.03968, 0.03968, 0.03933, 0.0404, 0.0404, 0.04004, 0.03968, 0.03968, 0.04077, 0.04077, 0.0404, 0.04004, 0.03968, 0.04114, 0.04077, 0.0404, 0.04004, 0.03968], [0.03951, 0.03951, 0.03951, 0.03951, 0.03916, 0.03987, 0.03987, 0.03987, 0.03951, 0.03951, 0.04023, 0.04023, 0.04023, 0.03987, 0.03951, 0.04059, 0.04059, 0.04059, 0.04023, 0.03987, 0.04059, 0.04096, 0.04059, 0.04023, 0.03987], [0.03945, 0.03945, 0.03945, 0.03945, 0.03945, 0.03945, 0.03981, 0.03981, 0.03981, 0.03945, 0.03981, 0.04017, 0.04017, 0.04017, 0.03981, 0.04017, 0.04053, 0.04053, 0.04053, 0.04017, 0.04017, 0.04053, 0.0409, 0.04053, 0.04017], [0.03916, 0.03951, 0.03951, 0.03951, 0.03951, 0.03951, 0.03951, 0.03987, 0.03987, 0.03987, 0.03951, 0.03987, 0.04023, 0.04023, 0.04023, 0.03987, 0.04023, 0.04059, 0.04059, 0.04059, 0.03987, 0.04023, 0.04059, 0.04096, 0.04059], [0.03897, 0.03933, 0.03968, 0.03968, 0.03968, 0.03933, 0.03968, 0.03968, 0.04004, 0.04004, 0.03968, 0.03968, 0.04004, 0.0404, 0.0404, 0.03968, 0.04004, 0.0404, 0.04077, 0.04077, 0.03968, 0.04004, 0.0404, 0.04077, 0.04114]]