[[0.0533, 0.04847, 0.04408, 0.04009, 0.03645, 0.04847, 0.04847, 0.04408, 0.04009, 0.03645, 0.04408, 0.04408, 0.04009, 0.03645, 0.03645, 0.04009, 0.04009, 0.03645, 0.03645, 0.03315, 0.03645, 0.03645, 0.03645, 0.03315, 0.03015], [0.04639, 0.04639, 0.04219, 0.03836, 0.03489, 0.05101, 0.04639, 0.04219, 0.03836, 0.03489, 0.04639, 0.04639, 0.04219, 0.03836, 0.03489, 0.04219, 0.04219, 0.03836, 0.03489, 0.03489, 0.03836, 0.03836, 0.03489, 0.03489, 0.03172], [0.04159, 0.04159, 0.03782, 0.03439, 0.03439, 0.04574, 0.04574, 0.04159, 0.03782, 0.03439, 0.0503, 0.04574, 0.04159, 0.03782, 0.03439, 0.04574, 0.04574, 0.04159, 0.03782, 0.03439, 0.04159, 0.04159, 0.03782, 0.03439, 0.03439], [0.03836, 0.03836, 0.03489, 0.03489, 0.03172, 0.04219, 0.04219, 0.03836, 0.03489, 0.03489, 0.04639, 0.04639, 0.04219, 0.03836, 0.03489, 0.05101, 0.04639, 0.04219, 0.03836, 0.03489, 0.04639, 0.04639, 0.04219, 0.03836, 0.03489], [0.03645, 0.03645, 0.03645, 0.03315, 0.03015, 0.04009, 0.04009, 0.03645, 0.03645, 0.03315, 0.04408, 0.04408, 0.04009, 0.03645, 0.03645, 0.04847, 0.04847, 0.04408, 0.04009, 0.03645, 0.0533, 0.04847, 0.04408, 0.04009, 0.03645], [0.04639, 0.05101, 0.04639, 0.04219, 0.03836, 0.04639, 0.04639, 0.04639, 0.04219, 0.03836, 0.04219, 0.04219, 0.04219, 0.03836, 0.03489, 0.03836, 0.03836, 0.03836, 0.03489, 0.03489, 0.03489, 0.03489, 0.03489, 0.03489, 0.03172], [0.04425, 0.04425, 0.04425, 0.04024, 0.03659, 0.04425, 0.04866, 0.04425, 0.04024, 0.03659, 0.04425, 0.04425, 0.04425, 0.04024, 0.03659, 0.04024, 0.04024, 0.04024, 0.03659, 0.03327, 0.03659, 0.03659, 0.03659, 0.03327, 0.03327], [0.03967, 0.03967, 0.03967, 0.03608, 0.03281, 0.04362, 0.04362, 0.04362, 0.03967, 0.03608, 0.04362, 0.04797, 0.04362, 0.03967, 0.03608, 0.04362, 0.04362, 0.04362, 0.03967, 0.03608, 0.03967, 0.03967, 0.03967, 0.03608, 0.03281], [0.03659, 0.03659, 0.03659, 0.03327, 0.03327, 0.04024, 0.04024, 0.04024, 0.03659, 0.03327, 0.04425, 0.04425, 0.04425, 0.04024, 0.03659, 0.04425, 0.04866, 0.04425, 0.04024, 0.03659, 0.04425, 0.04425, 0.04425, 0.04024, 0.03659], [0.03489, 0.03489, 0.03489, 0.03489, 0.03172, 0.03836, 0.03836, 0.03836, 0.03489, 0.03489, 0.04219, 0.04219, 0.04219, 0.03836, 0.03489, 0.04639, 0.04639, 0.04639, 0.04219, 0.03836, 0.04639, 0.05101, 0.04639, 0.04219, 0.03836], [0.04159, 0.04574, 0.0503, 0.04574, 0.04159, 0.04159, 0.04574, 0.04574, 0.04574, 0.04159, 0.03782, 0.04159, 0.04159, 0.04159, 0.03782, 0.03439, 0.03782, 0.03782, 0.03782, 0.03439, 0.03439, 0.03439, 0.03439, 0.03439, 0.03439], [0.03967, 0.04362, 0.04362, 0.04362, 0.03967, 0.03967, 0.04362, 0.04797, 0.04362, 0.03967, 0.03967, 0.04362, 0.04362, 0.04362, 0.03967, 0.03608, 0.03967, 0.03967, 0.03967, 0.03608, 0.03281, 0.03608, 0.03608, 0.03608, 0.03281], [0.03546, 0.039, 0.039, 0.039, 0.03546, 0.039, 0.04288, 0.04288, 0.04288, 0.039, 0.039, 0.04288, 0.04716, 0.04288, 0.039, 0.039, 0.04288, 0.04288, 0.04288, 0.039, 0.03546, 0.039, 0.039, 0.039, 0.03546], [0.03281, 0.03608, 0.03608, 0.03608, 0.03281, 0.03608, 0.03967, 0.03967, 0.03967, 0.03608, 0.03967, 0.04362, 0.04362, 0.04362, 0.03967, 0.03967, 0.04362, 0.04797, 0.04362, 0.03967, 0.03967, 0.04362, 0.04362, 0.04362, 0.03967], [0.03439, 0.03439, 0.03439, 0.03439, 0.03439, 0.03439, 0.03782, 0.03782, 0.03782, 0.03439, 0.03782, 0.04159, 0.04159, 0.04159, 0.03782, 0.04159, 0.04574, 0.04574, 0.04574, 0.04159, 0.04159, 0.04574, 0.0503, 0.04574, 0.04159], [0.03836, 0.04219, 0.04639, 0.05101, 0.04639, 0.03836, 0.04219, 0.04639, 0.04639, 0.04639, 0.03489, 0.03836, 0.04219, 0.04219, 0.04219, 0.03489, 0.03489, 0.03836, 0.03836, 0.03836, 0.03172, 0.03489, 0.03489, 0.03489, 0.03489], [0.03659, 0.04024, 0.04425, 0.04425, 0.04425, 0.03659, 0.04024, 0.04425, 0.04866, 0.04425, 0.03659, 0.04024, 0.04425, 0.04425, 0.04425, 0.03327, 0.03659, 0.04024, 0.04024, 0.04024, 0.03327, 0.03327, 0.03659, 0.03659, 0.03659], [0.03281, 0.03608, 0.03967, 0.03967, 0.03967, 0.03608, 0.03967, 0.04362, 0.04362, 0.04362, 0.03608, 0.03967, 0.04362, 0.04797, 0.04362, 0.03608, 0.03967, 0.04362, 0.04362, 0.04362, 0.03281, 0.03608, 0.03967, 0.03967, 0.03967], [0.03327, 0.03327, 0.03659, 0.03659, 0.03659, 0.03327, 0.03659, 0.04024, 0.04024, 0.04024, 0.03659, 0.04024, 0.04425, 0.04425, 0.04425, 0.03659, 0.04024, 0.04425, 0.04866, 0.04425, 0.03659, 0.04024, 0.04425, 0.04425, 0.04425], [0.03172, 0.03489, 0.03489, 0.03489, 0.03489, 0.03489, 0.03489, 0.03836, 0.03836, 0.03836, 0.03489, 0.03836, 0.04219, 0.04219, 0.04219, 0.03836, 0.04219, 0.04639, 0.04639, 0.04639, 0.03836, 0.04219, 0.04639, 0.05101, 0.04639], [0.03645, 0.04009, 0.04408, 0.04847, 0.0533, 0.03645, 0.04009, 0.04408, 0.04847, 0.04847, 0.03645, 0.03645, 0.04009, 0.04408, 0.04408, 0.03315, 0.03645, 0.03645, 0.04009, 0.04009, 0.03015, 0.03315, 0.03645, 0.03645, 0.03645], [0.03489, 0.03836, 0.04219, 0.04639, 0.04639, 0.03489, 0.03836, 0.04219, 0.04639, 0.05101, 0.03489, 0.03836, 0.04219, 0.04639, 0.04639, 0.03489, 0.03489, 0.03836, 0.04219, 0.04219, 0.03172, 0.03489, 0.03489, 0.03836, 0.03836], [0.03439, 0.03439, 0.03782, 0.04159, 0.04159, 0.03439, 0.03782, 0.04159, 0.04574, 0.04574, 0.03439, 0.03782, 0.04159, 0.04574, 0.0503, 0.03439, 0.03782, 0.04159, 0.04574, 0.04574, 0.03439, 0.03439, 0.03782, 0.04159, 0.04159], [0.03172, 0.03489, 0.03489, 0.03836, 0.03836, 0.03489, 0.03489, 0.03836, 0.04219, 0.04219, 0.03489, 0.03836, 0.04219, 0.04639, 0.04639, 0.03489, 0.03836, 0.04219, 0.04639, 0.05101, 0.03489, 0.03836, 0.04219, 0.04639, 0.04639], [0.03015, 0.03315, 0.03645, 0.03645, 0.03645, 0.03315, 0.03645, 0.03645, 0.04009, 0.04009, 0.03645, 0.03645, 0.04009, 0.04408, 0.04408, 0.03645, 0.04009, 0.04408, 0.04847, 0.04847, 0.03645, 0.04009, 0.04408, 0.04847, 0.0533]]