[[0.05488, 0.04941, 0.04449, 0.04005, 0.03606, 0.04941, 0.04941, 0.04449, 0.04005, 0.03606, 0.04449, 0.04449, 0.04005, 0.03606, 0.03606, 0.04005, 0.04005, 0.03606, 0.03606, 0.03246, 0.03606, 0.03606, 0.03606, 0.03246, 0.02923], [0.04708, 0.04708, 0.04239, 0.03816, 0.03436, 0.05229, 0.04708, 0.04239, 0.03816, 0.03436, 0.04708, 0.04708, 0.04239, 0.03816, 0.03436, 0.04239, 0.04239, 0.03816, 0.03436, 0.03436, 0.03816, 0.03816, 0.03436, 0.03436, 0.03093], [0.04173, 0.04173, 0.03757, 0.03383, 0.03383, 0.04635, 0.04635, 0.04173, 0.03757, 0.03383, 0.05148, 0.04635, 0.04173, 0.03757, 0.03383, 0.04635, 0.04635, 0.04173, 0.03757, 0.03383, 0.04173, 0.04173, 0.03757, 0.03383, 0.03383], [0.03816, 0.03816, 0.03436, 0.03436, 0.03093, 0.04239, 0.04239, 0.03816, 0.03436, 0.03436, 0.04708, 0.04708, 0.04239, 0.03816, 0.03436, 0.05229, 0.04708, 0.04239, 0.03816, 0.03436, 0.04708, 0.04708, 0.04239, 0.03816, 0.03436], [0.03606, 0.03606, 0.03606, 0.03246, 0.02923, 0.04005, 0.04005, 0.03606, 0.03606, 0.03246, 0.04449, 0.04449, 0.04005, 0.03606, 0.03606, 0.04941, 0.04941, 0.04449, 0.04005, 0.03606, 0.05488, 0.04941, 0.04449, 0.04005, 0.03606], [0.04708, 0.05229, 0.04708, 0.04239, 0.03816, 0.04708, 0.04708, 0.04708, 0.04239, 0.03816, 0.04239, 0.04239, 0.04239, 0.03816, 0.03436, 0.03816, 0.03816, 0.03816, 0.03436, 0.03436, 0.03436, 0.03436, 0.03436, 0.03436, 0.03093], [0.04469, 0.04469, 0.04469, 0.04024, 0.03623, 0.04469, 0.04964, 0.04469, 0.04024, 0.03623, 0.04469, 0.04469, 0.04469, 0.04024, 0.03623, 0.04024, 0.04024, 0.04024, 0.03623, 0.03261, 0.03623, 0.03623, 0.03623, 0.03261, 0.03261], [0.03962, 0.03962, 0.03962, 0.03567, 0.03211, 0.044, 0.044, 0.044, 0.03962, 0.03567, 0.044, 0.04887, 0.044, 0.03962, 0.03567, 0.044, 0.044, 0.044, 0.03962, 0.03567, 0.03962, 0.03962, 0.03962, 0.03567, 0.03211], [0.03623, 0.03623, 0.03623, 0.03261, 0.03261, 0.04024, 0.04024, 0.04024, 0.03623, 0.03261, 0.04469, 0.04469, 0.04469, 0.04024, 0.03623, 0.04469, 0.04964, 0.04469, 0.04024, 0.03623, 0.04469, 0.04469, 0.04469, 0.04024, 0.03623], [0.03436, 0.03436, 0.03436, 0.03436, 0.03093, 0.03816, 0.03816, 0.03816, 0.03436, 0.03436, 0.04239, 0.04239, 0.04239, 0.03816, 0.03436, 0.04708, 0.04708, 0.04708, 0.04239, 0.03816, 0.04708, 0.05229, 0.04708, 0.04239, 0.03816], [0.04173, 0.04635, 0.05148, 0.04635, 0.04173, 0.04173, 0.04635, 0.04635, 0.04635, 0.04173, 0.03757, 0.04173, 0.04173, 0.04173, 0.03757, 0.03383, 0.03757, 0.03757, 0.03757, 0.03383, 0.03383, 0.03383, 0.03383, 0.03383, 0.03383], [0.03962, 0.044, 0.044, 0.044, 0.03962, 0.03962, 0.044, 0.04887, 0.044, 0.03962, 0.03962, 0.044, 0.044, 0.044, 0.03962, 0.03567, 0.03962, 0.03962, 0.03962, 0.03567, 0.03211, 0.03567, 0.03567, 0.03567, 0.03211], [0.035, 0.03888, 0.03888, 0.03888, 0.035, 0.03888, 0.04318, 0.04318, 0.04318, 0.03888, 0.03888, 0.04318, 0.04796, 0.04318, 0.03888, 0.03888, 0.04318, 0.04318, 0.04318, 0.03888, 0.035, 0.03888, 0.03888, 0.03888, 0.035], [0.03211, 0.03567, 0.03567, 0.03567, 0.03211, 0.03567, 0.03962, 0.03962, 0.03962, 0.03567, 0.03962, 0.044, 0.044, 0.044, 0.03962, 0.03962, 0.044, 0.04887, 0.044, 0.03962, 0.03962, 0.044, 0.044, 0.044, 0.03962], [0.03383, 0.03383, 0.03383, 0.03383, 0.03383, 0.03383, 0.03757, 0.03757, 0.03757, 0.03383, 0.03757, 0.04173, 0.04173, 0.04173, 0.03757, 0.04173, 0.04635, 0.04635, 0.04635, 0.04173, 0.04173, 0.04635, 0.05148, 0.04635, 0.04173], [0.03816, 0.04239, 0.04708, 0.05229, 0.04708, 0.03816, 0.04239, 0.04708, 0.04708, 0.04708, 0.03436, 0.03816, 0.04239, 0.04239, 0.04239, 0.03436, 0.03436, 0.03816, 0.03816, 0.03816, 0.03093, 0.03436, 0.03436, 0.03436, 0.03436], [0.03623, 0.04024, 0.04469, 0.04469, 0.04469, 0.03623, 0.04024, 0.04469, 0.04964, 0.04469, 0.03623, 0.04024, 0.04469, 0.04469, 0.04469, 0.03261, 0.03623, 0.04024, 0.04024, 0.04024, 0.03261, 0.03261, 0.03623, 0.03623, 0.03623], [0.03211, 0.03567, 0.03962, 0.03962, 0.03962, 0.03567, 0.03962, 0.044, 0.044, 0.044, 0.03567, 0.03962, 0.044, 0.04887, 0.044, 0.03567, 0.03962, 0.044, 0.044, 0.044, 0.03211, 0.03567, 0.03962, 0.03962, 0.03962], [0.03261, 0.03261, 0.03623, 0.03623, 0.03623, 0.03261, 0.03623, 0.04024, 0.04024, 0.04024, 0.03623, 0.04024, 0.04469, 0.04469, 0.04469, 0.03623, 0.04024, 0.04469, 0.04964, 0.04469, 0.03623, 0.04024, 0.04469, 0.04469, 0.04469], [0.03093, 0.03436, 0.03436, 0.03436, 0.03436, 0.03436, 0.03436, 0.03816, 0.03816, 0.03816, 0.03436, 0.03816, 0.04239, 0.04239, 0.04239, 0.03816, 0.04239, 0.04708, 0.04708, 0.04708, 0.03816, 0.04239, 0.04708, 0.05229, 0.04708], [0.03606, 0.04005, 0.04449, 0.04941, 0.05488, 0.03606, 0.04005, 0.04449, 0.04941, 0.04941, 0.03606, 0.03606, 0.04005, 0.04449, 0.04449, 0.03246, 0.03606, 0.03606, 0.04005, 0.04005, 0.02923, 0.03246, 0.03606, 0.03606, 0.03606], [0.03436, 0.03816, 0.04239, 0.04708, 0.04708, 0.03436, 0.03816, 0.04239, 0.04708, 0.05229, 0.03436, 0.03816, 0.04239, 0.04708, 0.04708, 0.03436, 0.03436, 0.03816, 0.04239, 0.04239, 0.03093, 0.03436, 0.03436, 0.03816, 0.03816], [0.03383, 0.03383, 0.03757, 0.04173, 0.04173, 0.03383, 0.03757, 0.04173, 0.04635, 0.04635, 0.03383, 0.03757, 0.04173, 0.04635, 0.05148, 0.03383, 0.03757, 0.04173, 0.04635, 0.04635, 0.03383, 0.03383, 0.03757, 0.04173, 0.04173], [0.03093, 0.03436, 0.03436, 0.03816, 0.03816, 0.03436, 0.03436, 0.03816, 0.04239, 0.04239, 0.03436, 0.03816, 0.04239, 0.04708, 0.04708, 0.03436, 0.03816, 0.04239, 0.04708, 0.05229, 0.03436, 0.03816, 0.04239, 0.04708, 0.04708], [0.02923, 0.03246, 0.03606, 0.03606, 0.03606, 0.03246, 0.03606, 0.03606, 0.04005, 0.04005, 0.03606, 0.03606, 0.04005, 0.04449, 0.04449, 0.03606, 0.04005, 0.04449, 0.04941, 0.04941, 0.03606, 0.04005, 0.04449, 0.04941, 0.05488]]