[[0.04204, 0.04137, 0.04071, 0.04007, 0.03943, 0.04137, 0.04137, 0.04071, 0.04007, 0.03943, 0.04071, 0.04071, 0.04007, 0.03943, 0.03943, 0.04007, 0.04007, 0.03943, 0.03943, 0.0388, 0.03943, 0.03943, 0.03943, 0.0388, 0.03819], [0.04105, 0.04172, 0.04105, 0.0404, 0.03976, 0.04105, 0.04105, 0.04105, 0.0404, 0.03976, 0.0404, 0.0404, 0.0404, 0.03976, 0.03913, 0.03976, 0.03976, 0.03976, 0.03913, 0.03913, 0.03913, 0.03913, 0.03913, 0.03913, 0.03851], [0.0403, 0.04095, 0.04161, 0.04095, 0.0403, 0.0403, 0.04095, 0.04095, 0.04095, 0.0403, 0.03966, 0.0403, 0.0403, 0.0403, 0.03966, 0.03903, 0.03966, 0.03966, 0.03966, 0.03903, 0.03903, 0.03903, 0.03903, 0.03903, 0.03903], [0.03976, 0.0404, 0.04105, 0.04172, 0.04105, 0.03976, 0.0404, 0.04105, 0.04105, 0.04105, 0.03913, 0.03976, 0.0404, 0.0404, 0.0404, 0.03913, 0.03913, 0.03976, 0.03976, 0.03976, 0.03851, 0.03913, 0.03913, 0.03913, 0.03913], [0.03943, 0.04007, 0.04071, 0.04137, 0.04204, 0.03943, 0.04007, 0.04071, 0.04137, 0.04137, 0.03943, 0.03943, 0.04007, 0.04071, 0.04071, 0.0388, 0.03943, 0.03943, 0.04007, 0.04007, 0.03819, 0.0388, 0.03943, 0.03943, 0.03943], [0.04105, 0.04105, 0.0404, 0.03976, 0.03913, 0.04172, 0.04105, 0.0404, 0.03976, 0.03913, 0.04105, 0.04105, 0.0404, 0.03976, 0.03913, 0.0404, 0.0404, 0.03976, 0.03913, 0.03913, 0.03976, 0.03976, 0.03913, 0.03913, 0.03851], [0.04072, 0.04072, 0.04072, 0.04007, 0.03943, 0.04072, 0.04137, 0.04072, 0.04007, 0.03943, 0.04072, 0.04072, 0.04072, 0.04007, 0.03943, 0.04007, 0.04007, 0.04007, 0.03943, 0.03881, 0.03943, 0.03943, 0.03943, 0.03881, 0.03881], [0.03997, 0.04061, 0.04061, 0.04061, 0.03997, 0.03997, 0.04061, 0.04127, 0.04061, 0.03997, 0.03997, 0.04061, 0.04061, 0.04061, 0.03997, 0.03933, 0.03997, 0.03997, 0.03997, 0.03933, 0.03871, 0.03933, 0.03933, 0.03933, 0.03871], [0.03943, 0.04007, 0.04072, 0.04072, 0.04072, 0.03943, 0.04007, 0.04072, 0.04137, 0.04072, 0.03943, 0.04007, 0.04072, 0.04072, 0.04072, 0.03881, 0.03943, 0.04007, 0.04007, 0.04007, 0.03881, 0.03881, 0.03943, 0.03943, 0.03943], [0.03913, 0.03976, 0.0404, 0.04105, 0.04105, 0.03913, 0.03976, 0.0404, 0.04105, 0.04172, 0.03913, 0.03976, 0.0404, 0.04105, 0.04105, 0.03913, 0.03913, 0.03976, 0.0404, 0.0404, 0.03851, 0.03913, 0.03913, 0.03976, 0.03976], [0.0403, 0.0403, 0.03966, 0.03903, 0.03903, 0.04095, 0.04095, 0.0403, 0.03966, 0.03903, 0.04161, 0.04095, 0.0403, 0.03966, 0.03903, 0.04095, 0.04095, 0.0403, 0.03966, 0.03903, 0.0403, 0.0403, 0.03966, 0.03903, 0.03903], [0.03997, 0.03997, 0.03997, 0.03933, 0.03871, 0.04061, 0.04061, 0.04061, 0.03997, 0.03933, 0.04061, 0.04127, 0.04061, 0.03997, 0.03933, 0.04061, 0.04061, 0.04061, 0.03997, 0.03933, 0.03997, 0.03997, 0.03997, 0.03933, 0.03871], [0.03921, 0.03984, 0.03984, 0.03984, 0.03921, 0.03984, 0.04049, 0.04049, 0.04049, 0.03984, 0.03984, 0.04049, 0.04114, 0.04049, 0.03984, 0.03984, 0.04049, 0.04049, 0.04049, 0.03984, 0.03921, 0.03984, 0.03984, 0.03984, 0.03921], [0.03871, 0.03933, 0.03997, 0.03997, 0.03997, 0.03933, 0.03997, 0.04061, 0.04061, 0.04061, 0.03933, 0.03997, 0.04061, 0.04127, 0.04061, 0.03933, 0.03997, 0.04061, 0.04061, 0.04061, 0.03871, 0.03933, 0.03997, 0.03997, 0.03997], [0.03903, 0.03903, 0.03966, 0.0403, 0.0403, 0.03903, 0.03966, 0.0403, 0.04095, 0.04095, 0.03903, 0.03966, 0.0403, 0.04095, 0.04161, 0.03903, 0.03966, 0.0403, 0.04095, 0.04095, 0.03903, 0.03903, 0.03966, 0.0403, 0.0403], [0.03976, 0.03976, 0.03913, 0.03913, 0.03851, 0.0404, 0.0404, 0.03976, 0.03913, 0.03913, 0.04105, 0.04105, 0.0404, 0.03976, 0.03913, 0.04172, 0.04105, 0.0404, 0.03976, 0.03913, 0.04105, 0.04105, 0.0404, 0.03976, 0.03913], [0.03943, 0.03943, 0.03943, 0.03881, 0.03881, 0.04007, 0.04007, 0.04007, 0.03943, 0.03881, 0.04072, 0.04072, 0.04072, 0.04007, 0.03943, 0.04072, 0.04137, 0.04072, 0.04007, 0.03943, 0.04072, 0.04072, 0.04072, 0.04007, 0.03943], [0.03871, 0.03933, 0.03933, 0.03933, 0.03871, 0.03933, 0.03997, 0.03997, 0.03997, 0.03933, 0.03997, 0.04061, 0.04061, 0.04061, 0.03997, 0.03997, 0.04061, 0.04127, 0.04061, 0.03997, 0.03997, 0.04061, 0.04061, 0.04061, 0.03997], [0.03881, 0.03881, 0.03943, 0.03943, 0.03943, 0.03881, 0.03943, 0.04007, 0.04007, 0.04007, 0.03943, 0.04007, 0.04072, 0.04072, 0.04072, 0.03943, 0.04007, 0.04072, 0.04137, 0.04072, 0.03943, 0.04007, 0.04072, 0.04072, 0.04072], [0.03851, 0.03913, 0.03913, 0.03976, 0.03976, 0.03913, 0.03913, 0.03976, 0.0404, 0.0404, 0.03913, 0.03976, 0.0404, 0.04105, 0.04105, 0.03913, 0.03976, 0.0404, 0.04105, 0.04172, 0.03913, 0.03976, 0.0404, 0.04105, 0.04105], [0.03943, 0.03943, 0.03943, 0.0388, 0.03819, 0.04007, 0.04007, 0.03943, 0.03943, 0.0388, 0.04071, 0.04071, 0.04007, 0.03943, 0.03943, 0.04137, 0.04137, 0.04071, 0.04007, 0.03943, 0.04204, 0.04137, 0.04071, 0.04007, 0.03943], [0.03913, 0.03913, 0.03913, 0.03913, 0.03851, 0.03976, 0.03976, 0.03976, 0.03913, 0.03913, 0.0404, 0.0404, 0.0404, 0.03976, 0.03913, 0.04105, 0.04105, 0.04105, 0.0404, 0.03976, 0.04105, 0.04172, 0.04105, 0.0404, 0.03976], [0.03903, 0.03903, 0.03903, 0.03903, 0.03903, 0.03903, 0.03966, 0.03966, 0.03966, 0.03903, 0.03966, 0.0403, 0.0403, 0.0403, 0.03966, 0.0403, 0.04095, 0.04095, 0.04095, 0.0403, 0.0403, 0.04095, 0.04161, 0.04095, 0.0403], [0.03851, 0.03913, 0.03913, 0.03913, 0.03913, 0.03913, 0.03913, 0.03976, 0.03976, 0.03976, 0.03913, 0.03976, 0.0404, 0.0404, 0.0404, 0.03976, 0.0404, 0.04105, 0.04105, 0.04105, 0.03976, 0.0404, 0.04105, 0.04172, 0.04105], [0.03819, 0.0388, 0.03943, 0.03943, 0.03943, 0.0388, 0.03943, 0.03943, 0.04007, 0.04007, 0.03943, 0.03943, 0.04007, 0.04071, 0.04071, 0.03943, 0.04007, 0.04071, 0.04137, 0.04137, 0.03943, 0.04007, 0.04071, 0.04137, 0.04204]]