[[0.04249, 0.04167, 0.04087, 0.04008, 0.0393, 0.04167, 0.04167, 0.04087, 0.04008, 0.0393, 0.04087, 0.04087, 0.04008, 0.0393, 0.0393, 0.04008, 0.04008, 0.0393, 0.0393, 0.03855, 0.0393, 0.0393, 0.0393, 0.03855, 0.0378], [0.04129, 0.0421, 0.04129, 0.04049, 0.03971, 0.04129, 0.04129, 0.04129, 0.04049, 0.03971, 0.04049, 0.04049, 0.04049, 0.03971, 0.03894, 0.03971, 0.03971, 0.03971, 0.03894, 0.03894, 0.03894, 0.03894, 0.03894, 0.03894, 0.03819], [0.04037, 0.04116, 0.04197, 0.04116, 0.04037, 0.04037, 0.04116, 0.04116, 0.04116, 0.04037, 0.03959, 0.04037, 0.04037, 0.04037, 0.03959, 0.03882, 0.03959, 0.03959, 0.03959, 0.03882, 0.03882, 0.03882, 0.03882, 0.03882, 0.03882], [0.03971, 0.04049, 0.04129, 0.0421, 0.04129, 0.03971, 0.04049, 0.04129, 0.04129, 0.04129, 0.03894, 0.03971, 0.04049, 0.04049, 0.04049, 0.03894, 0.03894, 0.03971, 0.03971, 0.03971, 0.03819, 0.03894, 0.03894, 0.03894, 0.03894], [0.0393, 0.04008, 0.04087, 0.04167, 0.04249, 0.0393, 0.04008, 0.04087, 0.04167, 0.04167, 0.0393, 0.0393, 0.04008, 0.04087, 0.04087, 0.03855, 0.0393, 0.0393, 0.04008, 0.04008, 0.0378, 0.03855, 0.0393, 0.0393, 0.0393], [0.04129, 0.04129, 0.04049, 0.03971, 0.03894, 0.0421, 0.04129, 0.04049, 0.03971, 0.03894, 0.04129, 0.04129, 0.04049, 0.03971, 0.03894, 0.04049, 0.04049, 0.03971, 0.03894, 0.03894, 0.03971, 0.03971, 0.03894, 0.03894, 0.03819], [0.04087, 0.04087, 0.04087, 0.04008, 0.03931, 0.04087, 0.04168, 0.04087, 0.04008, 0.03931, 0.04087, 0.04087, 0.04087, 0.04008, 0.03931, 0.04008, 0.04008, 0.04008, 0.03931, 0.03855, 0.03931, 0.03931, 0.03931, 0.03855, 0.03855], [0.03996, 0.04075, 0.04075, 0.04075, 0.03996, 0.03996, 0.04075, 0.04155, 0.04075, 0.03996, 0.03996, 0.04075, 0.04075, 0.04075, 0.03996, 0.03919, 0.03996, 0.03996, 0.03996, 0.03919, 0.03843, 0.03919, 0.03919, 0.03919, 0.03843], [0.03931, 0.04008, 0.04087, 0.04087, 0.04087, 0.03931, 0.04008, 0.04087, 0.04168, 0.04087, 0.03931, 0.04008, 0.04087, 0.04087, 0.04087, 0.03855, 0.03931, 0.04008, 0.04008, 0.04008, 0.03855, 0.03855, 0.03931, 0.03931, 0.03931], [0.03894, 0.03971, 0.04049, 0.04129, 0.04129, 0.03894, 0.03971, 0.04049, 0.04129, 0.0421, 0.03894, 0.03971, 0.04049, 0.04129, 0.04129, 0.03894, 0.03894, 0.03971, 0.04049, 0.04049, 0.03819, 0.03894, 0.03894, 0.03971, 0.03971], [0.04037, 0.04037, 0.03959, 0.03882, 0.03882, 0.04116, 0.04116, 0.04037, 0.03959, 0.03882, 0.04197, 0.04116, 0.04037, 0.03959, 0.03882, 0.04116, 0.04116, 0.04037, 0.03959, 0.03882, 0.04037, 0.04037, 0.03959, 0.03882, 0.03882], [0.03996, 0.03996, 0.03996, 0.03919, 0.03843, 0.04075, 0.04075, 0.04075, 0.03996, 0.03919, 0.04075, 0.04155, 0.04075, 0.03996, 0.03919, 0.04075, 0.04075, 0.04075, 0.03996, 0.03919, 0.03996, 0.03996, 0.03996, 0.03919, 0.03843], [0.03904, 0.03981, 0.03981, 0.03981, 0.03904, 0.03981, 0.04059, 0.04059, 0.04059, 0.03981, 0.03981, 0.04059, 0.04139, 0.04059, 0.03981, 0.03981, 0.04059, 0.04059, 0.04059, 0.03981, 0.03904, 0.03981, 0.03981, 0.03981, 0.03904], [0.03843, 0.03919, 0.03996, 0.03996, 0.03996, 0.03919, 0.03996, 0.04075, 0.04075, 0.04075, 0.03919, 0.03996, 0.04075, 0.04155, 0.04075, 0.03919, 0.03996, 0.04075, 0.04075, 0.04075, 0.03843, 0.03919, 0.03996, 0.03996, 0.03996], [0.03882, 0.03882, 0.03959, 0.04037, 0.04037, 0.03882, 0.03959, 0.04037, 0.04116, 0.04116, 0.03882, 0.03959, 0.04037, 0.04116, 0.04197, 0.03882, 0.03959, 0.04037, 0.04116, 0.04116, 0.03882, 0.03882, 0.03959, 0.04037, 0.04037], [0.03971, 0.03971, 0.03894, 0.03894, 0.03819, 0.04049, 0.04049, 0.03971, 0.03894, 0.03894, 0.04129, 0.04129, 0.04049, 0.03971, 0.03894, 0.0421, 0.04129, 0.04049, 0.03971, 0.03894, 0.04129, 0.04129, 0.04049, 0.03971, 0.03894], [0.03931, 0.03931, 0.03931, 0.03855, 0.03855, 0.04008, 0.04008, 0.04008, 0.03931, 0.03855, 0.04087, 0.04087, 0.04087, 0.04008, 0.03931, 0.04087, 0.04168, 0.04087, 0.04008, 0.03931, 0.04087, 0.04087, 0.04087, 0.04008, 0.03931], [0.03843, 0.03919, 0.03919, 0.03919, 0.03843, 0.03919, 0.03996, 0.03996, 0.03996, 0.03919, 0.03996, 0.04075, 0.04075, 0.04075, 0.03996, 0.03996, 0.04075, 0.04155, 0.04075, 0.03996, 0.03996, 0.04075, 0.04075, 0.04075, 0.03996], [0.03855, 0.03855, 0.03931, 0.03931, 0.03931, 0.03855, 0.03931, 0.04008, 0.04008, 0.04008, 0.03931, 0.04008, 0.04087, 0.04087, 0.04087, 0.03931, 0.04008, 0.04087, 0.04168, 0.04087, 0.03931, 0.04008, 0.04087, 0.04087, 0.04087], [0.03819, 0.03894, 0.03894, 0.03971, 0.03971, 0.03894, 0.03894, 0.03971, 0.04049, 0.04049, 0.03894, 0.03971, 0.04049, 0.04129, 0.04129, 0.03894, 0.03971, 0.04049, 0.04129, 0.0421, 0.03894, 0.03971, 0.04049, 0.04129, 0.04129], [0.0393, 0.0393, 0.0393, 0.03855, 0.0378, 0.04008, 0.04008, 0.0393, 0.0393, 0.03855, 0.04087, 0.04087, 0.04008, 0.0393, 0.0393, 0.04167, 0.04167, 0.04087, 0.04008, 0.0393, 0.04249, 0.04167, 0.04087, 0.04008, 0.0393], [0.03894, 0.03894, 0.03894, 0.03894, 0.03819, 0.03971, 0.03971, 0.03971, 0.03894, 0.03894, 0.04049, 0.04049, 0.04049, 0.03971, 0.03894, 0.04129, 0.04129, 0.04129, 0.04049, 0.03971, 0.04129, 0.0421, 0.04129, 0.04049, 0.03971], [0.03882, 0.03882, 0.03882, 0.03882, 0.03882, 0.03882, 0.03959, 0.03959, 0.03959, 0.03882, 0.03959, 0.04037, 0.04037, 0.04037, 0.03959, 0.04037, 0.04116, 0.04116, 0.04116, 0.04037, 0.04037, 0.04116, 0.04197, 0.04116, 0.04037], [0.03819, 0.03894, 0.03894, 0.03894, 0.03894, 0.03894, 0.03894, 0.03971, 0.03971, 0.03971, 0.03894, 0.03971, 0.04049, 0.04049, 0.04049, 0.03971, 0.04049, 0.04129, 0.04129, 0.04129, 0.03971, 0.04049, 0.04129, 0.0421, 0.04129], [0.0378, 0.03855, 0.0393, 0.0393, 0.0393, 0.03855, 0.0393, 0.0393, 0.04008, 0.04008, 0.0393, 0.0393, 0.04008, 0.04087, 0.04087, 0.0393, 0.04008, 0.04087, 0.04167, 0.04167, 0.0393, 0.04008, 0.04087, 0.04167, 0.04249]]