[[0.04107, 0.04072, 0.04038, 0.04004, 0.0397, 0.04072, 0.04072, 0.04038, 0.04004, 0.0397, 0.04038, 0.04038, 0.04004, 0.0397, 0.0397, 0.04004, 0.04004, 0.0397, 0.0397, 0.03936, 0.0397, 0.0397, 0.0397, 0.03936, 0.03903], [0.04056, 0.04091, 0.04056, 0.04022, 0.03988, 0.04056, 0.04056, 0.04056, 0.04022, 0.03988, 0.04022, 0.04022, 0.04022, 0.03988, 0.03954, 0.03988, 0.03988, 0.03988, 0.03954, 0.03954, 0.03954, 0.03954, 0.03954, 0.03954, 0.0392], [0.04016, 0.0405, 0.04085, 0.0405, 0.04016, 0.04016, 0.0405, 0.0405, 0.0405, 0.04016, 0.03982, 0.04016, 0.04016, 0.04016, 0.03982, 0.03948, 0.03982, 0.03982, 0.03982, 0.03948, 0.03948, 0.03948, 0.03948, 0.03948, 0.03948], [0.03988, 0.04022, 0.04056, 0.04091, 0.04056, 0.03988, 0.04022, 0.04056, 0.04056, 0.04056, 0.03954, 0.03988, 0.04022, 0.04022, 0.04022, 0.03954, 0.03954, 0.03988, 0.03988, 0.03988, 0.0392, 0.03954, 0.03954, 0.03954, 0.03954], [0.0397, 0.04004, 0.04038, 0.04072, 0.04107, 0.0397, 0.04004, 0.04038, 0.04072, 0.04072, 0.0397, 0.0397, 0.04004, 0.04038, 0.04038, 0.03936, 0.0397, 0.0397, 0.04004, 0.04004, 0.03903, 0.03936, 0.0397, 0.0397, 0.0397], [0.04056, 0.04056, 0.04022, 0.03988, 0.03954, 0.04091, 0.04056, 0.04022, 0.03988, 0.03954, 0.04056, 0.04056, 0.04022, 0.03988, 0.03954, 0.04022, 0.04022, 0.03988, 0.03954, 0.03954, 0.03988, 0.03988, 0.03954, 0.03954, 0.0392], [0.04038, 0.04038, 0.04038, 0.04004, 0.0397, 0.04038, 0.04073, 0.04038, 0.04004, 0.0397, 0.04038, 0.04038, 0.04038, 0.04004, 0.0397, 0.04004, 0.04004, 0.04004, 0.0397, 0.03936, 0.0397, 0.0397, 0.0397, 0.03936, 0.03936], [0.03998, 0.04033, 0.04033, 0.04033, 0.03998, 0.03998, 0.04033, 0.04067, 0.04033, 0.03998, 0.03998, 0.04033, 0.04033, 0.04033, 0.03998, 0.03965, 0.03998, 0.03998, 0.03998, 0.03965, 0.03931, 0.03965, 0.03965, 0.03965, 0.03931], [0.0397, 0.04004, 0.04038, 0.04038, 0.04038, 0.0397, 0.04004, 0.04038, 0.04073, 0.04038, 0.0397, 0.04004, 0.04038, 0.04038, 0.04038, 0.03936, 0.0397, 0.04004, 0.04004, 0.04004, 0.03936, 0.03936, 0.0397, 0.0397, 0.0397], [0.03954, 0.03988, 0.04022, 0.04056, 0.04056, 0.03954, 0.03988, 0.04022, 0.04056, 0.04091, 0.03954, 0.03988, 0.04022, 0.04056, 0.04056, 0.03954, 0.03954, 0.03988, 0.04022, 0.04022, 0.0392, 0.03954, 0.03954, 0.03988, 0.03988], [0.04016, 0.04016, 0.03982, 0.03948, 0.03948, 0.0405, 0.0405, 0.04016, 0.03982, 0.03948, 0.04085, 0.0405, 0.04016, 0.03982, 0.03948, 0.0405, 0.0405, 0.04016, 0.03982, 0.03948, 0.04016, 0.04016, 0.03982, 0.03948, 0.03948], [0.03998, 0.03998, 0.03998, 0.03965, 0.03931, 0.04033, 0.04033, 0.04033, 0.03998, 0.03965, 0.04033, 0.04067, 0.04033, 0.03998, 0.03965, 0.04033, 0.04033, 0.04033, 0.03998, 0.03965, 0.03998, 0.03998, 0.03998, 0.03965, 0.03931], [0.03958, 0.03992, 0.03992, 0.03992, 0.03958, 0.03992, 0.04026, 0.04026, 0.04026, 0.03992, 0.03992, 0.04026, 0.0406, 0.04026, 0.03992, 0.03992, 0.04026, 0.04026, 0.04026, 0.03992, 0.03958, 0.03992, 0.03992, 0.03992, 0.03958], [0.03931, 0.03965, 0.03998, 0.03998, 0.03998, 0.03965, 0.03998, 0.04033, 0.04033, 0.04033, 0.03965, 0.03998, 0.04033, 0.04067, 0.04033, 0.03965, 0.03998, 0.04033, 0.04033, 0.04033, 0.03931, 0.03965, 0.03998, 0.03998, 0.03998], [0.03948, 0.03948, 0.03982, 0.04016, 0.04016, 0.03948, 0.03982, 0.04016, 0.0405, 0.0405, 0.03948, 0.03982, 0.04016, 0.0405, 0.04085, 0.03948, 0.03982, 0.04016, 0.0405, 0.0405, 0.03948, 0.03948, 0.03982, 0.04016, 0.04016], [0.03988, 0.03988, 0.03954, 0.03954, 0.0392, 0.04022, 0.04022, 0.03988, 0.03954, 0.03954, 0.04056, 0.04056, 0.04022, 0.03988, 0.03954, 0.04091, 0.04056, 0.04022, 0.03988, 0.03954, 0.04056, 0.04056, 0.04022, 0.03988, 0.03954], [0.0397, 0.0397, 0.0397, 0.03936, 0.03936, 0.04004, 0.04004, 0.04004, 0.0397, 0.03936, 0.04038, 0.04038, 0.04038, 0.04004, 0.0397, 0.04038, 0.04073, 0.04038, 0.04004, 0.0397, 0.04038, 0.04038, 0.04038, 0.04004, 0.0397], [0.03931, 0.03965, 0.03965, 0.03965, 0.03931, 0.03965, 0.03998, 0.03998, 0.03998, 0.03965, 0.03998, 0.04033, 0.04033, 0.04033, 0.03998, 0.03998, 0.04033, 0.04067, 0.04033, 0.03998, 0.03998, 0.04033, 0.04033, 0.04033, 0.03998], [0.03936, 0.03936, 0.0397, 0.0397, 0.0397, 0.03936, 0.0397, 0.04004, 0.04004, 0.04004, 0.0397, 0.04004, 0.04038, 0.04038, 0.04038, 0.0397, 0.04004, 0.04038, 0.04073, 0.04038, 0.0397, 0.04004, 0.04038, 0.04038, 0.04038], [0.0392, 0.03954, 0.03954, 0.03988, 0.03988, 0.03954, 0.03954, 0.03988, 0.04022, 0.04022, 0.03954, 0.03988, 0.04022, 0.04056, 0.04056, 0.03954, 0.03988, 0.04022, 0.04056, 0.04091, 0.03954, 0.03988, 0.04022, 0.04056, 0.04056], [0.0397, 0.0397, 0.0397, 0.03936, 0.03903, 0.04004, 0.04004, 0.0397, 0.0397, 0.03936, 0.04038, 0.04038, 0.04004, 0.0397, 0.0397, 0.04072, 0.04072, 0.04038, 0.04004, 0.0397, 0.04107, 0.04072, 0.04038, 0.04004, 0.0397], [0.03954, 0.03954, 0.03954, 0.03954, 0.0392, 0.03988, 0.03988, 0.03988, 0.03954, 0.03954, 0.04022, 0.04022, 0.04022, 0.03988, 0.03954, 0.04056, 0.04056, 0.04056, 0.04022, 0.03988, 0.04056, 0.04091, 0.04056, 0.04022, 0.03988], [0.03948, 0.03948, 0.03948, 0.03948, 0.03948, 0.03948, 0.03982, 0.03982, 0.03982, 0.03948, 0.03982, 0.04016, 0.04016, 0.04016, 0.03982, 0.04016, 0.0405, 0.0405, 0.0405, 0.04016, 0.04016, 0.0405, 0.04085, 0.0405, 0.04016], [0.0392, 0.03954, 0.03954, 0.03954, 0.03954, 0.03954, 0.03954, 0.03988, 0.03988, 0.03988, 0.03954, 0.03988, 0.04022, 0.04022, 0.04022, 0.03988, 0.04022, 0.04056, 0.04056, 0.04056, 0.03988, 0.04022, 0.04056, 0.04091, 0.04056], [0.03903, 0.03936, 0.0397, 0.0397, 0.0397, 0.03936, 0.0397, 0.0397, 0.04004, 0.04004, 0.0397, 0.0397, 0.04004, 0.04038, 0.04038, 0.0397, 0.04004, 0.04038, 0.04072, 0.04072, 0.0397, 0.04004, 0.04038, 0.04072, 0.04107]]