[[0.06067, 0.05275, 0.04585, 0.03986, 0.03466, 0.05275, 0.05275, 0.04585, 0.03986, 0.03466, 0.04585, 0.04585, 0.03986, 0.03466, 0.03466, 0.03986, 0.03986, 0.03466, 0.03466, 0.03013, 0.03466, 0.03466, 0.03466, 0.03013, 0.02619], [0.0495, 0.0495, 0.04303, 0.03741, 0.03252, 0.05694, 0.0495, 0.04303, 0.03741, 0.03252, 0.0495, 0.0495, 0.04303, 0.03741, 0.03252, 0.04303, 0.04303, 0.03741, 0.03252, 0.03252, 0.03741, 0.03741, 0.03252, 0.03252, 0.02827], [0.04217, 0.04217, 0.03666, 0.03187, 0.03187, 0.04851, 0.04851, 0.04217, 0.03666, 0.03187, 0.0558, 0.04851, 0.04217, 0.03666, 0.03187, 0.04851, 0.04851, 0.04217, 0.03666, 0.03187, 0.04217, 0.04217, 0.03666, 0.03187, 0.03187], [0.03741, 0.03741, 0.03252, 0.03252, 0.02827, 0.04303, 0.04303, 0.03741, 0.03252, 0.03252, 0.0495, 0.0495, 0.04303, 0.03741, 0.03252, 0.05694, 0.0495, 0.04303, 0.03741, 0.03252, 0.0495, 0.0495, 0.04303, 0.03741, 0.03252], [0.03466, 0.03466, 0.03466, 0.03013, 0.02619, 0.03986, 0.03986, 0.03466, 0.03466, 0.03013, 0.04585, 0.04585, 0.03986, 0.03466, 0.03466, 0.05275, 0.05275, 0.04585, 0.03986, 0.03466, 0.06067, 0.05275, 0.04585, 0.03986, 0.03466], [0.0495, 0.05694, 0.0495, 0.04303, 0.03741, 0.0495, 0.0495, 0.0495, 0.04303, 0.03741, 0.04303, 0.04303, 0.04303, 0.03741, 0.03252, 0.03741, 0.03741, 0.03741, 0.03252, 0.03252, 0.03252, 0.03252, 0.03252, 0.03252, 0.02827], [0.04624, 0.04624, 0.04624, 0.0402, 0.03494, 0.04624, 0.05318, 0.04624, 0.0402, 0.03494, 0.04624, 0.04624, 0.04624, 0.0402, 0.03494, 0.0402, 0.0402, 0.0402, 0.03494, 0.03038, 0.03494, 0.03494, 0.03494, 0.03038, 0.03038], [0.0394, 0.0394, 0.0394, 0.03425, 0.02977, 0.04532, 0.04532, 0.04532, 0.0394, 0.03425, 0.04532, 0.05213, 0.04532, 0.0394, 0.03425, 0.04532, 0.04532, 0.04532, 0.0394, 0.03425, 0.0394, 0.0394, 0.0394, 0.03425, 0.02977], [0.03494, 0.03494, 0.03494, 0.03038, 0.03038, 0.0402, 0.0402, 0.0402, 0.03494, 0.03038, 0.04624, 0.04624, 0.04624, 0.0402, 0.03494, 0.04624, 0.05318, 0.04624, 0.0402, 0.03494, 0.04624, 0.04624, 0.04624, 0.0402, 0.03494], [0.03252, 0.03252, 0.03252, 0.03252, 0.02827, 0.03741, 0.03741, 0.03741, 0.03252, 0.03252, 0.04303, 0.04303, 0.04303, 0.03741, 0.03252, 0.0495, 0.0495, 0.0495, 0.04303, 0.03741, 0.0495, 0.05694, 0.0495, 0.04303, 0.03741], [0.04217, 0.04851, 0.0558, 0.04851, 0.04217, 0.04217, 0.04851, 0.04851, 0.04851, 0.04217, 0.03666, 0.04217, 0.04217, 0.04217, 0.03666, 0.03187, 0.03666, 0.03666, 0.03666, 0.03187, 0.03187, 0.03187, 0.03187, 0.03187, 0.03187], [0.0394, 0.04532, 0.04532, 0.04532, 0.0394, 0.0394, 0.04532, 0.05213, 0.04532, 0.0394, 0.0394, 0.04532, 0.04532, 0.04532, 0.0394, 0.03425, 0.0394, 0.0394, 0.0394, 0.03425, 0.02977, 0.03425, 0.03425, 0.03425, 0.02977], [0.03343, 0.03846, 0.03846, 0.03846, 0.03343, 0.03846, 0.04424, 0.04424, 0.04424, 0.03846, 0.03846, 0.04424, 0.05088, 0.04424, 0.03846, 0.03846, 0.04424, 0.04424, 0.04424, 0.03846, 0.03343, 0.03846, 0.03846, 0.03846, 0.03343], [0.02977, 0.03425, 0.03425, 0.03425, 0.02977, 0.03425, 0.0394, 0.0394, 0.0394, 0.03425, 0.0394, 0.04532, 0.04532, 0.04532, 0.0394, 0.0394, 0.04532, 0.05213, 0.04532, 0.0394, 0.0394, 0.04532, 0.04532, 0.04532, 0.0394], [0.03187, 0.03187, 0.03187, 0.03187, 0.03187, 0.03187, 0.03666, 0.03666, 0.03666, 0.03187, 0.03666, 0.04217, 0.04217, 0.04217, 0.03666, 0.04217, 0.04851, 0.04851, 0.04851, 0.04217, 0.04217, 0.04851, 0.0558, 0.04851, 0.04217], [0.03741, 0.04303, 0.0495, 0.05694, 0.0495, 0.03741, 0.04303, 0.0495, 0.0495, 0.0495, 0.03252, 0.03741, 0.04303, 0.04303, 0.04303, 0.03252, 0.03252, 0.03741, 0.03741, 0.03741, 0.02827, 0.03252, 0.03252, 0.03252, 0.03252], [0.03494, 0.0402, 0.04624, 0.04624, 0.04624, 0.03494, 0.0402, 0.04624, 0.05318, 0.04624, 0.03494, 0.0402, 0.04624, 0.04624, 0.04624, 0.03038, 0.03494, 0.0402, 0.0402, 0.0402, 0.03038, 0.03038, 0.03494, 0.03494, 0.03494], [0.02977, 0.03425, 0.0394, 0.0394, 0.0394, 0.03425, 0.0394, 0.04532, 0.04532, 0.04532, 0.03425, 0.0394, 0.04532, 0.05213, 0.04532, 0.03425, 0.0394, 0.04532, 0.04532, 0.04532, 0.02977, 0.03425, 0.0394, 0.0394, 0.0394], [0.03038, 0.03038, 0.03494, 0.03494, 0.03494, 0.03038, 0.03494, 0.0402, 0.0402, 0.0402, 0.03494, 0.0402, 0.04624, 0.04624, 0.04624, 0.03494, 0.0402, 0.04624, 0.05318, 0.04624, 0.03494, 0.0402, 0.04624, 0.04624, 0.04624], [0.02827, 0.03252, 0.03252, 0.03252, 0.03252, 0.03252, 0.03252, 0.03741, 0.03741, 0.03741, 0.03252, 0.03741, 0.04303, 0.04303, 0.04303, 0.03741, 0.04303, 0.0495, 0.0495, 0.0495, 0.03741, 0.04303, 0.0495, 0.05694, 0.0495], [0.03466, 0.03986, 0.04585, 0.05275, 0.06067, 0.03466, 0.03986, 0.04585, 0.05275, 0.05275, 0.03466, 0.03466, 0.03986, 0.04585, 0.04585, 0.03013, 0.03466, 0.03466, 0.03986, 0.03986, 0.02619, 0.03013, 0.03466, 0.03466, 0.03466], [0.03252, 0.03741, 0.04303, 0.0495, 0.0495, 0.03252, 0.03741, 0.04303, 0.0495, 0.05694, 0.03252, 0.03741, 0.04303, 0.0495, 0.0495, 0.03252, 0.03252, 0.03741, 0.04303, 0.04303, 0.02827, 0.03252, 0.03252, 0.03741, 0.03741], [0.03187, 0.03187, 0.03666, 0.04217, 0.04217, 0.03187, 0.03666, 0.04217, 0.04851, 0.04851, 0.03187, 0.03666, 0.04217, 0.04851, 0.0558, 0.03187, 0.03666, 0.04217, 0.04851, 0.04851, 0.03187, 0.03187, 0.03666, 0.04217, 0.04217], [0.02827, 0.03252, 0.03252, 0.03741, 0.03741, 0.03252, 0.03252, 0.03741, 0.04303, 0.04303, 0.03252, 0.03741, 0.04303, 0.0495, 0.0495, 0.03252, 0.03741, 0.04303, 0.0495, 0.05694, 0.03252, 0.03741, 0.04303, 0.0495, 0.0495], [0.02619, 0.03013, 0.03466, 0.03466, 0.03466, 0.03013, 0.03466, 0.03466, 0.03986, 0.03986, 0.03466, 0.03466, 0.03986, 0.04585, 0.04585, 0.03466, 0.03986, 0.04585, 0.05275, 0.05275, 0.03466, 0.03986, 0.04585, 0.05275, 0.06067]]