[[0.10989, 0.0759, 0.05243, 0.03621, 0.02501, 0.0759, 0.0759, 0.05243, 0.03621, 0.02501, 0.05243, 0.05243, 0.03621, 0.02501, 0.02501, 0.03621, 0.03621, 0.02501, 0.02501, 0.01728, 0.02501, 0.02501, 0.02501, 0.01728, 0.01193], [0.06537, 0.06537, 0.04515, 0.03119, 0.02154, 0.09463, 0.06537, 0.04515, 0.03119, 0.02154, 0.06537, 0.06537, 0.04515, 0.03119, 0.02154, 0.04515, 0.04515, 0.03119, 0.02154, 0.02154, 0.03119, 0.03119, 0.02154, 0.02154, 0.01488], [0.04324, 0.04324, 0.02987, 0.02063, 0.02063, 0.0626, 0.0626, 0.04324, 0.02987, 0.02063, 0.09062, 0.0626, 0.04324, 0.02987, 0.02063, 0.0626, 0.0626, 0.04324, 0.02987, 0.02063, 0.04324, 0.04324, 0.02987, 0.02063, 0.02063], [0.03119, 0.03119, 0.02154, 0.02154, 0.01488, 0.04515, 0.04515, 0.03119, 0.02154, 0.02154, 0.06537, 0.06537, 0.04515, 0.03119, 0.02154, 0.09463, 0.06537, 0.04515, 0.03119, 0.02154, 0.06537, 0.06537, 0.04515, 0.03119, 0.02154], [0.02501, 0.02501, 0.02501, 0.01728, 0.01193, 0.03621, 0.03621, 0.02501, 0.02501, 0.01728, 0.05243, 0.05243, 0.03621, 0.02501, 0.02501, 0.0759, 0.0759, 0.05243, 0.03621, 0.02501, 0.10989, 0.0759, 0.05243, 0.03621, 0.02501], [0.06537, 0.09463, 0.06537, 0.04515, 0.03119, 0.06537, 0.06537, 0.06537, 0.04515, 0.03119, 0.04515, 0.04515, 0.04515, 0.03119, 0.02154, 0.03119, 0.03119, 0.03119, 0.02154, 0.02154, 0.02154, 0.02154, 0.02154, 0.02154, 0.01488], [0.0558, 0.0558, 0.0558, 0.03854, 0.02662, 0.0558, 0.08079, 0.0558, 0.03854, 0.02662, 0.0558, 0.0558, 0.0558, 0.03854, 0.02662, 0.03854, 0.03854, 0.03854, 0.02662, 0.01839, 0.02662, 0.02662, 0.02662, 0.01839, 0.01839], [0.03692, 0.03692, 0.03692, 0.0255, 0.01761, 0.05345, 0.05345, 0.05345, 0.03692, 0.0255, 0.05345, 0.07738, 0.05345, 0.03692, 0.0255, 0.05345, 0.05345, 0.05345, 0.03692, 0.0255, 0.03692, 0.03692, 0.03692, 0.0255, 0.01761], [0.02662, 0.02662, 0.02662, 0.01839, 0.01839, 0.03854, 0.03854, 0.03854, 0.02662, 0.01839, 0.0558, 0.0558, 0.0558, 0.03854, 0.02662, 0.0558, 0.08079, 0.0558, 0.03854, 0.02662, 0.0558, 0.0558, 0.0558, 0.03854, 0.02662], [0.02154, 0.02154, 0.02154, 0.02154, 0.01488, 0.03119, 0.03119, 0.03119, 0.02154, 0.02154, 0.04515, 0.04515, 0.04515, 0.03119, 0.02154, 0.06537, 0.06537, 0.06537, 0.04515, 0.03119, 0.06537, 0.09463, 0.06537, 0.04515, 0.03119], [0.04324, 0.0626, 0.09062, 0.0626, 0.04324, 0.04324, 0.0626, 0.0626, 0.0626, 0.04324, 0.02987, 0.04324, 0.04324, 0.04324, 0.02987, 0.02063, 0.02987, 0.02987, 0.02987, 0.02063, 0.02063, 0.02063, 0.02063, 0.02063, 0.02063], [0.03692, 0.05345, 0.05345, 0.05345, 0.03692, 0.03692, 0.05345, 0.07738, 0.05345, 0.03692, 0.03692, 0.05345, 0.05345, 0.05345, 0.03692, 0.0255, 0.03692, 0.03692, 0.03692, 0.0255, 0.01761, 0.0255, 0.0255, 0.0255, 0.01761], [0.02429, 0.03516, 0.03516, 0.03516, 0.02429, 0.03516, 0.0509, 0.0509, 0.0509, 0.03516, 0.03516, 0.0509, 0.07369, 0.0509, 0.03516, 0.03516, 0.0509, 0.0509, 0.0509, 0.03516, 0.02429, 0.03516, 0.03516, 0.03516, 0.02429], [0.01761, 0.0255, 0.0255, 0.0255, 0.01761, 0.0255, 0.03692, 0.03692, 0.03692, 0.0255, 0.03692, 0.05345, 0.05345, 0.05345, 0.03692, 0.03692, 0.05345, 0.07738, 0.05345, 0.03692, 0.03692, 0.05345, 0.05345, 0.05345, 0.03692], [0.02063, 0.02063, 0.02063, 0.02063, 0.02063, 0.02063, 0.02987, 0.02987, 0.02987, 0.02063, 0.02987, 0.04324, 0.04324, 0.04324, 0.02987, 0.04324, 0.0626, 0.0626, 0.0626, 0.04324, 0.04324, 0.0626, 0.09062, 0.0626, 0.04324], [0.03119, 0.04515, 0.06537, 0.09463, 0.06537, 0.03119, 0.04515, 0.06537, 0.06537, 0.06537, 0.02154, 0.03119, 0.04515, 0.04515, 0.04515, 0.02154, 0.02154, 0.03119, 0.03119, 0.03119, 0.01488, 0.02154, 0.02154, 0.02154, 0.02154], [0.02662, 0.03854, 0.0558, 0.0558, 0.0558, 0.02662, 0.03854, 0.0558, 0.08079, 0.0558, 0.02662, 0.03854, 0.0558, 0.0558, 0.0558, 0.01839, 0.02662, 0.03854, 0.03854, 0.03854, 0.01839, 0.01839, 0.02662, 0.02662, 0.02662], [0.01761, 0.0255, 0.03692, 0.03692, 0.03692, 0.0255, 0.03692, 0.05345, 0.05345, 0.05345, 0.0255, 0.03692, 0.05345, 0.07738, 0.05345, 0.0255, 0.03692, 0.05345, 0.05345, 0.05345, 0.01761, 0.0255, 0.03692, 0.03692, 0.03692], [0.01839, 0.01839, 0.02662, 0.02662, 0.02662, 0.01839, 0.02662, 0.03854, 0.03854, 0.03854, 0.02662, 0.03854, 0.0558, 0.0558, 0.0558, 0.02662, 0.03854, 0.0558, 0.08079, 0.0558, 0.02662, 0.03854, 0.0558, 0.0558, 0.0558], [0.01488, 0.02154, 0.02154, 0.02154, 0.02154, 0.02154, 0.02154, 0.03119, 0.03119, 0.03119, 0.02154, 0.03119, 0.04515, 0.04515, 0.04515, 0.03119, 0.04515, 0.06537, 0.06537, 0.06537, 0.03119, 0.04515, 0.06537, 0.09463, 0.06537], [0.02501, 0.03621, 0.05243, 0.0759, 0.10989, 0.02501, 0.03621, 0.05243, 0.0759, 0.0759, 0.02501, 0.02501, 0.03621, 0.05243, 0.05243, 0.01728, 0.02501, 0.02501, 0.03621, 0.03621, 0.01193, 0.01728, 0.02501, 0.02501, 0.02501], [0.02154, 0.03119, 0.04515, 0.06537, 0.06537, 0.02154, 0.03119, 0.04515, 0.06537, 0.09463, 0.02154, 0.03119, 0.04515, 0.06537, 0.06537, 0.02154, 0.02154, 0.03119, 0.04515, 0.04515, 0.01488, 0.02154, 0.02154, 0.03119, 0.03119], [0.02063, 0.02063, 0.02987, 0.04324, 0.04324, 0.02063, 0.02987, 0.04324, 0.0626, 0.0626, 0.02063, 0.02987, 0.04324, 0.0626, 0.09062, 0.02063, 0.02987, 0.04324, 0.0626, 0.0626, 0.02063, 0.02063, 0.02987, 0.04324, 0.04324], [0.01488, 0.02154, 0.02154, 0.03119, 0.03119, 0.02154, 0.02154, 0.03119, 0.04515, 0.04515, 0.02154, 0.03119, 0.04515, 0.06537, 0.06537, 0.02154, 0.03119, 0.04515, 0.06537, 0.09463, 0.02154, 0.03119, 0.04515, 0.06537, 0.06537], [0.01193, 0.01728, 0.02501, 0.02501, 0.02501, 0.01728, 0.02501, 0.02501, 0.03621, 0.03621, 0.02501, 0.02501, 0.03621, 0.05243, 0.05243, 0.02501, 0.03621, 0.05243, 0.0759, 0.0759, 0.02501, 0.03621, 0.05243, 0.0759, 0.10989]]