[[0.04139, 0.04094, 0.04049, 0.04005, 0.03961, 0.04094, 0.04094, 0.04049, 0.04005, 0.03961, 0.04049, 0.04049, 0.04005, 0.03961, 0.03961, 0.04005, 0.04005, 0.03961, 0.03961, 0.03918, 0.03961, 0.03961, 0.03961, 0.03918, 0.03875], [0.04072, 0.04117, 0.04072, 0.04028, 0.03984, 0.04072, 0.04072, 0.04072, 0.04028, 0.03984, 0.04028, 0.04028, 0.04028, 0.03984, 0.0394, 0.03984, 0.03984, 0.03984, 0.0394, 0.0394, 0.0394, 0.0394, 0.0394, 0.0394, 0.03897], [0.04021, 0.04065, 0.0411, 0.04065, 0.04021, 0.04021, 0.04065, 0.04065, 0.04065, 0.04021, 0.03977, 0.04021, 0.04021, 0.04021, 0.03977, 0.03933, 0.03977, 0.03977, 0.03977, 0.03933, 0.03933, 0.03933, 0.03933, 0.03933, 0.03933], [0.03984, 0.04028, 0.04072, 0.04117, 0.04072, 0.03984, 0.04028, 0.04072, 0.04072, 0.04072, 0.0394, 0.03984, 0.04028, 0.04028, 0.04028, 0.0394, 0.0394, 0.03984, 0.03984, 0.03984, 0.03897, 0.0394, 0.0394, 0.0394, 0.0394], [0.03961, 0.04005, 0.04049, 0.04094, 0.04139, 0.03961, 0.04005, 0.04049, 0.04094, 0.04094, 0.03961, 0.03961, 0.04005, 0.04049, 0.04049, 0.03918, 0.03961, 0.03961, 0.04005, 0.04005, 0.03875, 0.03918, 0.03961, 0.03961, 0.03961], [0.04072, 0.04072, 0.04028, 0.03984, 0.0394, 0.04117, 0.04072, 0.04028, 0.03984, 0.0394, 0.04072, 0.04072, 0.04028, 0.03984, 0.0394, 0.04028, 0.04028, 0.03984, 0.0394, 0.0394, 0.03984, 0.03984, 0.0394, 0.0394, 0.03897], [0.04049, 0.04049, 0.04049, 0.04005, 0.03961, 0.04049, 0.04094, 0.04049, 0.04005, 0.03961, 0.04049, 0.04049, 0.04049, 0.04005, 0.03961, 0.04005, 0.04005, 0.04005, 0.03961, 0.03918, 0.03961, 0.03961, 0.03961, 0.03918, 0.03918], [0.03998, 0.04042, 0.04042, 0.04042, 0.03998, 0.03998, 0.04042, 0.04087, 0.04042, 0.03998, 0.03998, 0.04042, 0.04042, 0.04042, 0.03998, 0.03954, 0.03998, 0.03998, 0.03998, 0.03954, 0.03911, 0.03954, 0.03954, 0.03954, 0.03911], [0.03961, 0.04005, 0.04049, 0.04049, 0.04049, 0.03961, 0.04005, 0.04049, 0.04094, 0.04049, 0.03961, 0.04005, 0.04049, 0.04049, 0.04049, 0.03918, 0.03961, 0.04005, 0.04005, 0.04005, 0.03918, 0.03918, 0.03961, 0.03961, 0.03961], [0.0394, 0.03984, 0.04028, 0.04072, 0.04072, 0.0394, 0.03984, 0.04028, 0.04072, 0.04117, 0.0394, 0.03984, 0.04028, 0.04072, 0.04072, 0.0394, 0.0394, 0.03984, 0.04028, 0.04028, 0.03897, 0.0394, 0.0394, 0.03984, 0.03984], [0.04021, 0.04021, 0.03977, 0.03933, 0.03933, 0.04065, 0.04065, 0.04021, 0.03977, 0.03933, 0.0411, 0.04065, 0.04021, 0.03977, 0.03933, 0.04065, 0.04065, 0.04021, 0.03977, 0.03933, 0.04021, 0.04021, 0.03977, 0.03933, 0.03933], [0.03998, 0.03998, 0.03998, 0.03954, 0.03911, 0.04042, 0.04042, 0.04042, 0.03998, 0.03954, 0.04042, 0.04087, 0.04042, 0.03998, 0.03954, 0.04042, 0.04042, 0.04042, 0.03998, 0.03954, 0.03998, 0.03998, 0.03998, 0.03954, 0.03911], [0.03946, 0.03989, 0.03989, 0.03989, 0.03946, 0.03989, 0.04033, 0.04033, 0.04033, 0.03989, 0.03989, 0.04033, 0.04078, 0.04033, 0.03989, 0.03989, 0.04033, 0.04033, 0.04033, 0.03989, 0.03946, 0.03989, 0.03989, 0.03989, 0.03946], [0.03911, 0.03954, 0.03998, 0.03998, 0.03998, 0.03954, 0.03998, 0.04042, 0.04042, 0.04042, 0.03954, 0.03998, 0.04042, 0.04087, 0.04042, 0.03954, 0.03998, 0.04042, 0.04042, 0.04042, 0.03911, 0.03954, 0.03998, 0.03998, 0.03998], [0.03933, 0.03933, 0.03977, 0.04021, 0.04021, 0.03933, 0.03977, 0.04021, 0.04065, 0.04065, 0.03933, 0.03977, 0.04021, 0.04065, 0.0411, 0.03933, 0.03977, 0.04021, 0.04065, 0.04065, 0.03933, 0.03933, 0.03977, 0.04021, 0.04021], [0.03984, 0.03984, 0.0394, 0.0394, 0.03897, 0.04028, 0.04028, 0.03984, 0.0394, 0.0394, 0.04072, 0.04072, 0.04028, 0.03984, 0.0394, 0.04117, 0.04072, 0.04028, 0.03984, 0.0394, 0.04072, 0.04072, 0.04028, 0.03984, 0.0394], [0.03961, 0.03961, 0.03961, 0.03918, 0.03918, 0.04005, 0.04005, 0.04005, 0.03961, 0.03918, 0.04049, 0.04049, 0.04049, 0.04005, 0.03961, 0.04049, 0.04094, 0.04049, 0.04005, 0.03961, 0.04049, 0.04049, 0.04049, 0.04005, 0.03961], [0.03911, 0.03954, 0.03954, 0.03954, 0.03911, 0.03954, 0.03998, 0.03998, 0.03998, 0.03954, 0.03998, 0.04042, 0.04042, 0.04042, 0.03998, 0.03998, 0.04042, 0.04087, 0.04042, 0.03998, 0.03998, 0.04042, 0.04042, 0.04042, 0.03998], [0.03918, 0.03918, 0.03961, 0.03961, 0.03961, 0.03918, 0.03961, 0.04005, 0.04005, 0.04005, 0.03961, 0.04005, 0.04049, 0.04049, 0.04049, 0.03961, 0.04005, 0.04049, 0.04094, 0.04049, 0.03961, 0.04005, 0.04049, 0.04049, 0.04049], [0.03897, 0.0394, 0.0394, 0.03984, 0.03984, 0.0394, 0.0394, 0.03984, 0.04028, 0.04028, 0.0394, 0.03984, 0.04028, 0.04072, 0.04072, 0.0394, 0.03984, 0.04028, 0.04072, 0.04117, 0.0394, 0.03984, 0.04028, 0.04072, 0.04072], [0.03961, 0.03961, 0.03961, 0.03918, 0.03875, 0.04005, 0.04005, 0.03961, 0.03961, 0.03918, 0.04049, 0.04049, 0.04005, 0.03961, 0.03961, 0.04094, 0.04094, 0.04049, 0.04005, 0.03961, 0.04139, 0.04094, 0.04049, 0.04005, 0.03961], [0.0394, 0.0394, 0.0394, 0.0394, 0.03897, 0.03984, 0.03984, 0.03984, 0.0394, 0.0394, 0.04028, 0.04028, 0.04028, 0.03984, 0.0394, 0.04072, 0.04072, 0.04072, 0.04028, 0.03984, 0.04072, 0.04117, 0.04072, 0.04028, 0.03984], [0.03933, 0.03933, 0.03933, 0.03933, 0.03933, 0.03933, 0.03977, 0.03977, 0.03977, 0.03933, 0.03977, 0.04021, 0.04021, 0.04021, 0.03977, 0.04021, 0.04065, 0.04065, 0.04065, 0.04021, 0.04021, 0.04065, 0.0411, 0.04065, 0.04021], [0.03897, 0.0394, 0.0394, 0.0394, 0.0394, 0.0394, 0.0394, 0.03984, 0.03984, 0.03984, 0.0394, 0.03984, 0.04028, 0.04028, 0.04028, 0.03984, 0.04028, 0.04072, 0.04072, 0.04072, 0.03984, 0.04028, 0.04072, 0.04117, 0.04072], [0.03875, 0.03918, 0.03961, 0.03961, 0.03961, 0.03918, 0.03961, 0.03961, 0.04005, 0.04005, 0.03961, 0.03961, 0.04005, 0.04049, 0.04049, 0.03961, 0.04005, 0.04049, 0.04094, 0.04094, 0.03961, 0.04005, 0.04049, 0.04094, 0.04139]]