[[0.0405, 0.04034, 0.04018, 0.04002, 0.03986, 0.04034, 0.04034, 0.04018, 0.04002, 0.03986, 0.04018, 0.04018, 0.04002, 0.03986, 0.03986, 0.04002, 0.04002, 0.03986, 0.03986, 0.0397, 0.03986, 0.03986, 0.03986, 0.0397, 0.03954], [0.04026, 0.04042, 0.04026, 0.0401, 0.03994, 0.04026, 0.04026, 0.04026, 0.0401, 0.03994, 0.0401, 0.0401, 0.0401, 0.03994, 0.03978, 0.03994, 0.03994, 0.03994, 0.03978, 0.03978, 0.03978, 0.03978, 0.03978, 0.03978, 0.03962], [0.04008, 0.04024, 0.0404, 0.04024, 0.04008, 0.04008, 0.04024, 0.04024, 0.04024, 0.04008, 0.03992, 0.04008, 0.04008, 0.04008, 0.03992, 0.03976, 0.03992, 0.03992, 0.03992, 0.03976, 0.03976, 0.03976, 0.03976, 0.03976, 0.03976], [0.03994, 0.0401, 0.04026, 0.04042, 0.04026, 0.03994, 0.0401, 0.04026, 0.04026, 0.04026, 0.03978, 0.03994, 0.0401, 0.0401, 0.0401, 0.03978, 0.03978, 0.03994, 0.03994, 0.03994, 0.03962, 0.03978, 0.03978, 0.03978, 0.03978], [0.03986, 0.04002, 0.04018, 0.04034, 0.0405, 0.03986, 0.04002, 0.04018, 0.04034, 0.04034, 0.03986, 0.03986, 0.04002, 0.04018, 0.04018, 0.0397, 0.03986, 0.03986, 0.04002, 0.04002, 0.03954, 0.0397, 0.03986, 0.03986, 0.03986], [0.04026, 0.04026, 0.0401, 0.03994, 0.03978, 0.04042, 0.04026, 0.0401, 0.03994, 0.03978, 0.04026, 0.04026, 0.0401, 0.03994, 0.03978, 0.0401, 0.0401, 0.03994, 0.03978, 0.03978, 0.03994, 0.03994, 0.03978, 0.03978, 0.03962], [0.04018, 0.04018, 0.04018, 0.04002, 0.03986, 0.04018, 0.04034, 0.04018, 0.04002, 0.03986, 0.04018, 0.04018, 0.04018, 0.04002, 0.03986, 0.04002, 0.04002, 0.04002, 0.03986, 0.0397, 0.03986, 0.03986, 0.03986, 0.0397, 0.0397], [0.03999, 0.04015, 0.04015, 0.04015, 0.03999, 0.03999, 0.04015, 0.04031, 0.04015, 0.03999, 0.03999, 0.04015, 0.04015, 0.04015, 0.03999, 0.03983, 0.03999, 0.03999, 0.03999, 0.03983, 0.03967, 0.03983, 0.03983, 0.03983, 0.03967], [0.03986, 0.04002, 0.04018, 0.04018, 0.04018, 0.03986, 0.04002, 0.04018, 0.04034, 0.04018, 0.03986, 0.04002, 0.04018, 0.04018, 0.04018, 0.0397, 0.03986, 0.04002, 0.04002, 0.04002, 0.0397, 0.0397, 0.03986, 0.03986, 0.03986], [0.03978, 0.03994, 0.0401, 0.04026, 0.04026, 0.03978, 0.03994, 0.0401, 0.04026, 0.04042, 0.03978, 0.03994, 0.0401, 0.04026, 0.04026, 0.03978, 0.03978, 0.03994, 0.0401, 0.0401, 0.03962, 0.03978, 0.03978, 0.03994, 0.03994], [0.04008, 0.04008, 0.03992, 0.03976, 0.03976, 0.04024, 0.04024, 0.04008, 0.03992, 0.03976, 0.0404, 0.04024, 0.04008, 0.03992, 0.03976, 0.04024, 0.04024, 0.04008, 0.03992, 0.03976, 0.04008, 0.04008, 0.03992, 0.03976, 0.03976], [0.03999, 0.03999, 0.03999, 0.03983, 0.03967, 0.04015, 0.04015, 0.04015, 0.03999, 0.03983, 0.04015, 0.04031, 0.04015, 0.03999, 0.03983, 0.04015, 0.04015, 0.04015, 0.03999, 0.03983, 0.03999, 0.03999, 0.03999, 0.03983, 0.03967], [0.0398, 0.03996, 0.03996, 0.03996, 0.0398, 0.03996, 0.04012, 0.04012, 0.04012, 0.03996, 0.03996, 0.04012, 0.04028, 0.04012, 0.03996, 0.03996, 0.04012, 0.04012, 0.04012, 0.03996, 0.0398, 0.03996, 0.03996, 0.03996, 0.0398], [0.03967, 0.03983, 0.03999, 0.03999, 0.03999, 0.03983, 0.03999, 0.04015, 0.04015, 0.04015, 0.03983, 0.03999, 0.04015, 0.04031, 0.04015, 0.03983, 0.03999, 0.04015, 0.04015, 0.04015, 0.03967, 0.03983, 0.03999, 0.03999, 0.03999], [0.03976, 0.03976, 0.03992, 0.04008, 0.04008, 0.03976, 0.03992, 0.04008, 0.04024, 0.04024, 0.03976, 0.03992, 0.04008, 0.04024, 0.0404, 0.03976, 0.03992, 0.04008, 0.04024, 0.04024, 0.03976, 0.03976, 0.03992, 0.04008, 0.04008], [0.03994, 0.03994, 0.03978, 0.03978, 0.03962, 0.0401, 0.0401, 0.03994, 0.03978, 0.03978, 0.04026, 0.04026, 0.0401, 0.03994, 0.03978, 0.04042, 0.04026, 0.0401, 0.03994, 0.03978, 0.04026, 0.04026, 0.0401, 0.03994, 0.03978], [0.03986, 0.03986, 0.03986, 0.0397, 0.0397, 0.04002, 0.04002, 0.04002, 0.03986, 0.0397, 0.04018, 0.04018, 0.04018, 0.04002, 0.03986, 0.04018, 0.04034, 0.04018, 0.04002, 0.03986, 0.04018, 0.04018, 0.04018, 0.04002, 0.03986], [0.03967, 0.03983, 0.03983, 0.03983, 0.03967, 0.03983, 0.03999, 0.03999, 0.03999, 0.03983, 0.03999, 0.04015, 0.04015, 0.04015, 0.03999, 0.03999, 0.04015, 0.04031, 0.04015, 0.03999, 0.03999, 0.04015, 0.04015, 0.04015, 0.03999], [0.0397, 0.0397, 0.03986, 0.03986, 0.03986, 0.0397, 0.03986, 0.04002, 0.04002, 0.04002, 0.03986, 0.04002, 0.04018, 0.04018, 0.04018, 0.03986, 0.04002, 0.04018, 0.04034, 0.04018, 0.03986, 0.04002, 0.04018, 0.04018, 0.04018], [0.03962, 0.03978, 0.03978, 0.03994, 0.03994, 0.03978, 0.03978, 0.03994, 0.0401, 0.0401, 0.03978, 0.03994, 0.0401, 0.04026, 0.04026, 0.03978, 0.03994, 0.0401, 0.04026, 0.04042, 0.03978, 0.03994, 0.0401, 0.04026, 0.04026], [0.03986, 0.03986, 0.03986, 0.0397, 0.03954, 0.04002, 0.04002, 0.03986, 0.03986, 0.0397, 0.04018, 0.04018, 0.04002, 0.03986, 0.03986, 0.04034, 0.04034, 0.04018, 0.04002, 0.03986, 0.0405, 0.04034, 0.04018, 0.04002, 0.03986], [0.03978, 0.03978, 0.03978, 0.03978, 0.03962, 0.03994, 0.03994, 0.03994, 0.03978, 0.03978, 0.0401, 0.0401, 0.0401, 0.03994, 0.03978, 0.04026, 0.04026, 0.04026, 0.0401, 0.03994, 0.04026, 0.04042, 0.04026, 0.0401, 0.03994], [0.03976, 0.03976, 0.03976, 0.03976, 0.03976, 0.03976, 0.03992, 0.03992, 0.03992, 0.03976, 0.03992, 0.04008, 0.04008, 0.04008, 0.03992, 0.04008, 0.04024, 0.04024, 0.04024, 0.04008, 0.04008, 0.04024, 0.0404, 0.04024, 0.04008], [0.03962, 0.03978, 0.03978, 0.03978, 0.03978, 0.03978, 0.03978, 0.03994, 0.03994, 0.03994, 0.03978, 0.03994, 0.0401, 0.0401, 0.0401, 0.03994, 0.0401, 0.04026, 0.04026, 0.04026, 0.03994, 0.0401, 0.04026, 0.04042, 0.04026], [0.03954, 0.0397, 0.03986, 0.03986, 0.03986, 0.0397, 0.03986, 0.03986, 0.04002, 0.04002, 0.03986, 0.03986, 0.04002, 0.04018, 0.04018, 0.03986, 0.04002, 0.04018, 0.04034, 0.04034, 0.03986, 0.04002, 0.04018, 0.04034, 0.0405]]