[[0.07657, 0.06114, 0.04882, 0.03899, 0.03113, 0.06114, 0.06114, 0.04882, 0.03899, 0.03113, 0.04882, 0.04882, 0.03899, 0.03113, 0.03113, 0.03899, 0.03899, 0.03113, 0.03113, 0.02486, 0.03113, 0.03113, 0.03113, 0.02486, 0.01985], [0.05543, 0.05543, 0.04426, 0.03534, 0.02822, 0.06941, 0.05543, 0.04426, 0.03534, 0.02822, 0.05543, 0.05543, 0.04426, 0.03534, 0.02822, 0.04426, 0.04426, 0.03534, 0.02822, 0.02822, 0.03534, 0.03534, 0.02822, 0.02822, 0.02254], [0.04294, 0.04294, 0.03429, 0.02738, 0.02738, 0.05378, 0.05378, 0.04294, 0.03429, 0.02738, 0.06735, 0.05378, 0.04294, 0.03429, 0.02738, 0.05378, 0.05378, 0.04294, 0.03429, 0.02738, 0.04294, 0.04294, 0.03429, 0.02738, 0.02738], [0.03534, 0.03534, 0.02822, 0.02822, 0.02254, 0.04426, 0.04426, 0.03534, 0.02822, 0.02822, 0.05543, 0.05543, 0.04426, 0.03534, 0.02822, 0.06941, 0.05543, 0.04426, 0.03534, 0.02822, 0.05543, 0.05543, 0.04426, 0.03534, 0.02822], [0.03113, 0.03113, 0.03113, 0.02486, 0.01985, 0.03899, 0.03899, 0.03113, 0.03113, 0.02486, 0.04882, 0.04882, 0.03899, 0.03113, 0.03113, 0.06114, 0.06114, 0.04882, 0.03899, 0.03113, 0.07657, 0.06114, 0.04882, 0.03899, 0.03113], [0.05543, 0.06941, 0.05543, 0.04426, 0.03534, 0.05543, 0.05543, 0.05543, 0.04426, 0.03534, 0.04426, 0.04426, 0.04426, 0.03534, 0.02822, 0.03534, 0.03534, 0.03534, 0.02822, 0.02822, 0.02822, 0.02822, 0.02822, 0.02822, 0.02254], [0.04991, 0.04991, 0.04991, 0.03986, 0.03183, 0.04991, 0.06251, 0.04991, 0.03986, 0.03183, 0.04991, 0.04991, 0.04991, 0.03986, 0.03183, 0.03986, 0.03986, 0.03986, 0.03183, 0.02541, 0.03183, 0.03183, 0.03183, 0.02541, 0.02541], [0.03868, 0.03868, 0.03868, 0.03088, 0.02466, 0.04844, 0.04844, 0.04844, 0.03868, 0.03088, 0.04844, 0.06066, 0.04844, 0.03868, 0.03088, 0.04844, 0.04844, 0.04844, 0.03868, 0.03088, 0.03868, 0.03868, 0.03868, 0.03088, 0.02466], [0.03183, 0.03183, 0.03183, 0.02541, 0.02541, 0.03986, 0.03986, 0.03986, 0.03183, 0.02541, 0.04991, 0.04991, 0.04991, 0.03986, 0.03183, 0.04991, 0.06251, 0.04991, 0.03986, 0.03183, 0.04991, 0.04991, 0.04991, 0.03986, 0.03183], [0.02822, 0.02822, 0.02822, 0.02822, 0.02254, 0.03534, 0.03534, 0.03534, 0.02822, 0.02822, 0.04426, 0.04426, 0.04426, 0.03534, 0.02822, 0.05543, 0.05543, 0.05543, 0.04426, 0.03534, 0.05543, 0.06941, 0.05543, 0.04426, 0.03534], [0.04294, 0.05378, 0.06735, 0.05378, 0.04294, 0.04294, 0.05378, 0.05378, 0.05378, 0.04294, 0.03429, 0.04294, 0.04294, 0.04294, 0.03429, 0.02738, 0.03429, 0.03429, 0.03429, 0.02738, 0.02738, 0.02738, 0.02738, 0.02738, 0.02738], [0.03868, 0.04844, 0.04844, 0.04844, 0.03868, 0.03868, 0.04844, 0.06066, 0.04844, 0.03868, 0.03868, 0.04844, 0.04844, 0.04844, 0.03868, 0.03088, 0.03868, 0.03868, 0.03868, 0.03088, 0.02466, 0.03088, 0.03088, 0.03088, 0.02466], [0.02982, 0.03734, 0.03734, 0.03734, 0.02982, 0.03734, 0.04676, 0.04676, 0.04676, 0.03734, 0.03734, 0.04676, 0.05856, 0.04676, 0.03734, 0.03734, 0.04676, 0.04676, 0.04676, 0.03734, 0.02982, 0.03734, 0.03734, 0.03734, 0.02982], [0.02466, 0.03088, 0.03088, 0.03088, 0.02466, 0.03088, 0.03868, 0.03868, 0.03868, 0.03088, 0.03868, 0.04844, 0.04844, 0.04844, 0.03868, 0.03868, 0.04844, 0.06066, 0.04844, 0.03868, 0.03868, 0.04844, 0.04844, 0.04844, 0.03868], [0.02738, 0.02738, 0.02738, 0.02738, 0.02738, 0.02738, 0.03429, 0.03429, 0.03429, 0.02738, 0.03429, 0.04294, 0.04294, 0.04294, 0.03429, 0.04294, 0.05378, 0.05378, 0.05378, 0.04294, 0.04294, 0.05378, 0.06735, 0.05378, 0.04294], [0.03534, 0.04426, 0.05543, 0.06941, 0.05543, 0.03534, 0.04426, 0.05543, 0.05543, 0.05543, 0.02822, 0.03534, 0.04426, 0.04426, 0.04426, 0.02822, 0.02822, 0.03534, 0.03534, 0.03534, 0.02254, 0.02822, 0.02822, 0.02822, 0.02822], [0.03183, 0.03986, 0.04991, 0.04991, 0.04991, 0.03183, 0.03986, 0.04991, 0.06251, 0.04991, 0.03183, 0.03986, 0.04991, 0.04991, 0.04991, 0.02541, 0.03183, 0.03986, 0.03986, 0.03986, 0.02541, 0.02541, 0.03183, 0.03183, 0.03183], [0.02466, 0.03088, 0.03868, 0.03868, 0.03868, 0.03088, 0.03868, 0.04844, 0.04844, 0.04844, 0.03088, 0.03868, 0.04844, 0.06066, 0.04844, 0.03088, 0.03868, 0.04844, 0.04844, 0.04844, 0.02466, 0.03088, 0.03868, 0.03868, 0.03868], [0.02541, 0.02541, 0.03183, 0.03183, 0.03183, 0.02541, 0.03183, 0.03986, 0.03986, 0.03986, 0.03183, 0.03986, 0.04991, 0.04991, 0.04991, 0.03183, 0.03986, 0.04991, 0.06251, 0.04991, 0.03183, 0.03986, 0.04991, 0.04991, 0.04991], [0.02254, 0.02822, 0.02822, 0.02822, 0.02822, 0.02822, 0.02822, 0.03534, 0.03534, 0.03534, 0.02822, 0.03534, 0.04426, 0.04426, 0.04426, 0.03534, 0.04426, 0.05543, 0.05543, 0.05543, 0.03534, 0.04426, 0.05543, 0.06941, 0.05543], [0.03113, 0.03899, 0.04882, 0.06114, 0.07657, 0.03113, 0.03899, 0.04882, 0.06114, 0.06114, 0.03113, 0.03113, 0.03899, 0.04882, 0.04882, 0.02486, 0.03113, 0.03113, 0.03899, 0.03899, 0.01985, 0.02486, 0.03113, 0.03113, 0.03113], [0.02822, 0.03534, 0.04426, 0.05543, 0.05543, 0.02822, 0.03534, 0.04426, 0.05543, 0.06941, 0.02822, 0.03534, 0.04426, 0.05543, 0.05543, 0.02822, 0.02822, 0.03534, 0.04426, 0.04426, 0.02254, 0.02822, 0.02822, 0.03534, 0.03534], [0.02738, 0.02738, 0.03429, 0.04294, 0.04294, 0.02738, 0.03429, 0.04294, 0.05378, 0.05378, 0.02738, 0.03429, 0.04294, 0.05378, 0.06735, 0.02738, 0.03429, 0.04294, 0.05378, 0.05378, 0.02738, 0.02738, 0.03429, 0.04294, 0.04294], [0.02254, 0.02822, 0.02822, 0.03534, 0.03534, 0.02822, 0.02822, 0.03534, 0.04426, 0.04426, 0.02822, 0.03534, 0.04426, 0.05543, 0.05543, 0.02822, 0.03534, 0.04426, 0.05543, 0.06941, 0.02822, 0.03534, 0.04426, 0.05543, 0.05543], [0.01985, 0.02486, 0.03113, 0.03113, 0.03113, 0.02486, 0.03113, 0.03113, 0.03899, 0.03899, 0.03113, 0.03113, 0.03899, 0.04882, 0.04882, 0.03113, 0.03899, 0.04882, 0.06114, 0.06114, 0.03113, 0.03899, 0.04882, 0.06114, 0.07657]]