[[0.04075, 0.04051, 0.04027, 0.04003, 0.03979, 0.04051, 0.04051, 0.04027, 0.04003, 0.03979, 0.04027, 0.04027, 0.04003, 0.03979, 0.03979, 0.04003, 0.04003, 0.03979, 0.03979, 0.03955, 0.03979, 0.03979, 0.03979, 0.03955, 0.03931], [0.04039, 0.04064, 0.04039, 0.04015, 0.03991, 0.04039, 0.04039, 0.04039, 0.04015, 0.03991, 0.04015, 0.04015, 0.04015, 0.03991, 0.03967, 0.03991, 0.03991, 0.03991, 0.03967, 0.03967, 0.03967, 0.03967, 0.03967, 0.03967, 0.03944], [0.04011, 0.04036, 0.0406, 0.04036, 0.04011, 0.04011, 0.04036, 0.04036, 0.04036, 0.04011, 0.03987, 0.04011, 0.04011, 0.04011, 0.03987, 0.03964, 0.03987, 0.03987, 0.03987, 0.03964, 0.03964, 0.03964, 0.03964, 0.03964, 0.03964], [0.03991, 0.04015, 0.04039, 0.04064, 0.04039, 0.03991, 0.04015, 0.04039, 0.04039, 0.04039, 0.03967, 0.03991, 0.04015, 0.04015, 0.04015, 0.03967, 0.03967, 0.03991, 0.03991, 0.03991, 0.03944, 0.03967, 0.03967, 0.03967, 0.03967], [0.03979, 0.04003, 0.04027, 0.04051, 0.04075, 0.03979, 0.04003, 0.04027, 0.04051, 0.04051, 0.03979, 0.03979, 0.04003, 0.04027, 0.04027, 0.03955, 0.03979, 0.03979, 0.04003, 0.04003, 0.03931, 0.03955, 0.03979, 0.03979, 0.03979], [0.04039, 0.04039, 0.04015, 0.03991, 0.03967, 0.04064, 0.04039, 0.04015, 0.03991, 0.03967, 0.04039, 0.04039, 0.04015, 0.03991, 0.03967, 0.04015, 0.04015, 0.03991, 0.03967, 0.03967, 0.03991, 0.03991, 0.03967, 0.03967, 0.03944], [0.04027, 0.04027, 0.04027, 0.04003, 0.03979, 0.04027, 0.04051, 0.04027, 0.04003, 0.03979, 0.04027, 0.04027, 0.04027, 0.04003, 0.03979, 0.04003, 0.04003, 0.04003, 0.03979, 0.03955, 0.03979, 0.03979, 0.03979, 0.03955, 0.03955], [0.03999, 0.04023, 0.04023, 0.04023, 0.03999, 0.03999, 0.04023, 0.04047, 0.04023, 0.03999, 0.03999, 0.04023, 0.04023, 0.04023, 0.03999, 0.03975, 0.03999, 0.03999, 0.03999, 0.03975, 0.03951, 0.03975, 0.03975, 0.03975, 0.03951], [0.03979, 0.04003, 0.04027, 0.04027, 0.04027, 0.03979, 0.04003, 0.04027, 0.04051, 0.04027, 0.03979, 0.04003, 0.04027, 0.04027, 0.04027, 0.03955, 0.03979, 0.04003, 0.04003, 0.04003, 0.03955, 0.03955, 0.03979, 0.03979, 0.03979], [0.03967, 0.03991, 0.04015, 0.04039, 0.04039, 0.03967, 0.03991, 0.04015, 0.04039, 0.04064, 0.03967, 0.03991, 0.04015, 0.04039, 0.04039, 0.03967, 0.03967, 0.03991, 0.04015, 0.04015, 0.03944, 0.03967, 0.03967, 0.03991, 0.03991], [0.04011, 0.04011, 0.03987, 0.03964, 0.03964, 0.04036, 0.04036, 0.04011, 0.03987, 0.03964, 0.0406, 0.04036, 0.04011, 0.03987, 0.03964, 0.04036, 0.04036, 0.04011, 0.03987, 0.03964, 0.04011, 0.04011, 0.03987, 0.03964, 0.03964], [0.03999, 0.03999, 0.03999, 0.03975, 0.03951, 0.04023, 0.04023, 0.04023, 0.03999, 0.03975, 0.04023, 0.04047, 0.04023, 0.03999, 0.03975, 0.04023, 0.04023, 0.04023, 0.03999, 0.03975, 0.03999, 0.03999, 0.03999, 0.03975, 0.03951], [0.0397, 0.03994, 0.03994, 0.03994, 0.0397, 0.03994, 0.04018, 0.04018, 0.04018, 0.03994, 0.03994, 0.04018, 0.04042, 0.04018, 0.03994, 0.03994, 0.04018, 0.04018, 0.04018, 0.03994, 0.0397, 0.03994, 0.03994, 0.03994, 0.0397], [0.03951, 0.03975, 0.03999, 0.03999, 0.03999, 0.03975, 0.03999, 0.04023, 0.04023, 0.04023, 0.03975, 0.03999, 0.04023, 0.04047, 0.04023, 0.03975, 0.03999, 0.04023, 0.04023, 0.04023, 0.03951, 0.03975, 0.03999, 0.03999, 0.03999], [0.03964, 0.03964, 0.03987, 0.04011, 0.04011, 0.03964, 0.03987, 0.04011, 0.04036, 0.04036, 0.03964, 0.03987, 0.04011, 0.04036, 0.0406, 0.03964, 0.03987, 0.04011, 0.04036, 0.04036, 0.03964, 0.03964, 0.03987, 0.04011, 0.04011], [0.03991, 0.03991, 0.03967, 0.03967, 0.03944, 0.04015, 0.04015, 0.03991, 0.03967, 0.03967, 0.04039, 0.04039, 0.04015, 0.03991, 0.03967, 0.04064, 0.04039, 0.04015, 0.03991, 0.03967, 0.04039, 0.04039, 0.04015, 0.03991, 0.03967], [0.03979, 0.03979, 0.03979, 0.03955, 0.03955, 0.04003, 0.04003, 0.04003, 0.03979, 0.03955, 0.04027, 0.04027, 0.04027, 0.04003, 0.03979, 0.04027, 0.04051, 0.04027, 0.04003, 0.03979, 0.04027, 0.04027, 0.04027, 0.04003, 0.03979], [0.03951, 0.03975, 0.03975, 0.03975, 0.03951, 0.03975, 0.03999, 0.03999, 0.03999, 0.03975, 0.03999, 0.04023, 0.04023, 0.04023, 0.03999, 0.03999, 0.04023, 0.04047, 0.04023, 0.03999, 0.03999, 0.04023, 0.04023, 0.04023, 0.03999], [0.03955, 0.03955, 0.03979, 0.03979, 0.03979, 0.03955, 0.03979, 0.04003, 0.04003, 0.04003, 0.03979, 0.04003, 0.04027, 0.04027, 0.04027, 0.03979, 0.04003, 0.04027, 0.04051, 0.04027, 0.03979, 0.04003, 0.04027, 0.04027, 0.04027], [0.03944, 0.03967, 0.03967, 0.03991, 0.03991, 0.03967, 0.03967, 0.03991, 0.04015, 0.04015, 0.03967, 0.03991, 0.04015, 0.04039, 0.04039, 0.03967, 0.03991, 0.04015, 0.04039, 0.04064, 0.03967, 0.03991, 0.04015, 0.04039, 0.04039], [0.03979, 0.03979, 0.03979, 0.03955, 0.03931, 0.04003, 0.04003, 0.03979, 0.03979, 0.03955, 0.04027, 0.04027, 0.04003, 0.03979, 0.03979, 0.04051, 0.04051, 0.04027, 0.04003, 0.03979, 0.04075, 0.04051, 0.04027, 0.04003, 0.03979], [0.03967, 0.03967, 0.03967, 0.03967, 0.03944, 0.03991, 0.03991, 0.03991, 0.03967, 0.03967, 0.04015, 0.04015, 0.04015, 0.03991, 0.03967, 0.04039, 0.04039, 0.04039, 0.04015, 0.03991, 0.04039, 0.04064, 0.04039, 0.04015, 0.03991], [0.03964, 0.03964, 0.03964, 0.03964, 0.03964, 0.03964, 0.03987, 0.03987, 0.03987, 0.03964, 0.03987, 0.04011, 0.04011, 0.04011, 0.03987, 0.04011, 0.04036, 0.04036, 0.04036, 0.04011, 0.04011, 0.04036, 0.0406, 0.04036, 0.04011], [0.03944, 0.03967, 0.03967, 0.03967, 0.03967, 0.03967, 0.03967, 0.03991, 0.03991, 0.03991, 0.03967, 0.03991, 0.04015, 0.04015, 0.04015, 0.03991, 0.04015, 0.04039, 0.04039, 0.04039, 0.03991, 0.04015, 0.04039, 0.04064, 0.04039], [0.03931, 0.03955, 0.03979, 0.03979, 0.03979, 0.03955, 0.03979, 0.03979, 0.04003, 0.04003, 0.03979, 0.03979, 0.04003, 0.04027, 0.04027, 0.03979, 0.04003, 0.04027, 0.04051, 0.04051, 0.03979, 0.04003, 0.04027, 0.04051, 0.04075]]