[[0.11247, 0.07691, 0.0526, 0.03597, 0.0246, 0.07691, 0.07691, 0.0526, 0.03597, 0.0246, 0.0526, 0.0526, 0.03597, 0.0246, 0.0246, 0.03597, 0.03597, 0.0246, 0.0246, 0.01682, 0.0246, 0.0246, 0.0246, 0.01682, 0.0115], [0.06603, 0.06603, 0.04515, 0.03088, 0.02112, 0.09655, 0.06603, 0.04515, 0.03088, 0.02112, 0.06603, 0.06603, 0.04515, 0.03088, 0.02112, 0.04515, 0.04515, 0.03088, 0.02112, 0.02112, 0.03088, 0.03088, 0.02112, 0.02112, 0.01444], [0.04321, 0.04321, 0.02955, 0.02021, 0.02021, 0.06319, 0.06319, 0.04321, 0.02955, 0.02021, 0.0924, 0.06319, 0.04321, 0.02955, 0.02021, 0.06319, 0.06319, 0.04321, 0.02955, 0.02021, 0.04321, 0.04321, 0.02955, 0.02021, 0.02021], [0.03088, 0.03088, 0.02112, 0.02112, 0.01444, 0.04515, 0.04515, 0.03088, 0.02112, 0.02112, 0.06603, 0.06603, 0.04515, 0.03088, 0.02112, 0.09655, 0.06603, 0.04515, 0.03088, 0.02112, 0.06603, 0.06603, 0.04515, 0.03088, 0.02112], [0.0246, 0.0246, 0.0246, 0.01682, 0.0115, 0.03597, 0.03597, 0.0246, 0.0246, 0.01682, 0.0526, 0.0526, 0.03597, 0.0246, 0.0246, 0.07691, 0.07691, 0.0526, 0.03597, 0.0246, 0.11247, 0.07691, 0.0526, 0.03597, 0.0246], [0.06603, 0.09655, 0.06603, 0.04515, 0.03088, 0.06603, 0.06603, 0.06603, 0.04515, 0.03088, 0.04515, 0.04515, 0.04515, 0.03088, 0.02112, 0.03088, 0.03088, 0.03088, 0.02112, 0.02112, 0.02112, 0.02112, 0.02112, 0.02112, 0.01444], [0.05618, 0.05618, 0.05618, 0.03842, 0.02628, 0.05618, 0.08216, 0.05618, 0.03842, 0.02628, 0.05618, 0.05618, 0.05618, 0.03842, 0.02628, 0.03842, 0.03842, 0.03842, 0.02628, 0.01797, 0.02628, 0.02628, 0.02628, 0.01797, 0.01797], [0.03678, 0.03678, 0.03678, 0.02515, 0.0172, 0.05378, 0.05378, 0.05378, 0.03678, 0.02515, 0.05378, 0.07864, 0.05378, 0.03678, 0.02515, 0.05378, 0.05378, 0.05378, 0.03678, 0.02515, 0.03678, 0.03678, 0.03678, 0.02515, 0.0172], [0.02628, 0.02628, 0.02628, 0.01797, 0.01797, 0.03842, 0.03842, 0.03842, 0.02628, 0.01797, 0.05618, 0.05618, 0.05618, 0.03842, 0.02628, 0.05618, 0.08216, 0.05618, 0.03842, 0.02628, 0.05618, 0.05618, 0.05618, 0.03842, 0.02628], [0.02112, 0.02112, 0.02112, 0.02112, 0.01444, 0.03088, 0.03088, 0.03088, 0.02112, 0.02112, 0.04515, 0.04515, 0.04515, 0.03088, 0.02112, 0.06603, 0.06603, 0.06603, 0.04515, 0.03088, 0.06603, 0.09655, 0.06603, 0.04515, 0.03088], [0.04321, 0.06319, 0.0924, 0.06319, 0.04321, 0.04321, 0.06319, 0.06319, 0.06319, 0.04321, 0.02955, 0.04321, 0.04321, 0.04321, 0.02955, 0.02021, 0.02955, 0.02955, 0.02955, 0.02021, 0.02021, 0.02021, 0.02021, 0.02021, 0.02021], [0.03678, 0.05378, 0.05378, 0.05378, 0.03678, 0.03678, 0.05378, 0.07864, 0.05378, 0.03678, 0.03678, 0.05378, 0.05378, 0.05378, 0.03678, 0.02515, 0.03678, 0.03678, 0.03678, 0.02515, 0.0172, 0.02515, 0.02515, 0.02515, 0.0172], [0.02393, 0.035, 0.035, 0.035, 0.02393, 0.035, 0.05118, 0.05118, 0.05118, 0.035, 0.035, 0.05118, 0.07484, 0.05118, 0.035, 0.035, 0.05118, 0.05118, 0.05118, 0.035, 0.02393, 0.035, 0.035, 0.035, 0.02393], [0.0172, 0.02515, 0.02515, 0.02515, 0.0172, 0.02515, 0.03678, 0.03678, 0.03678, 0.02515, 0.03678, 0.05378, 0.05378, 0.05378, 0.03678, 0.03678, 0.05378, 0.07864, 0.05378, 0.03678, 0.03678, 0.05378, 0.05378, 0.05378, 0.03678], [0.02021, 0.02021, 0.02021, 0.02021, 0.02021, 0.02021, 0.02955, 0.02955, 0.02955, 0.02021, 0.02955, 0.04321, 0.04321, 0.04321, 0.02955, 0.04321, 0.06319, 0.06319, 0.06319, 0.04321, 0.04321, 0.06319, 0.0924, 0.06319, 0.04321], [0.03088, 0.04515, 0.06603, 0.09655, 0.06603, 0.03088, 0.04515, 0.06603, 0.06603, 0.06603, 0.02112, 0.03088, 0.04515, 0.04515, 0.04515, 0.02112, 0.02112, 0.03088, 0.03088, 0.03088, 0.01444, 0.02112, 0.02112, 0.02112, 0.02112], [0.02628, 0.03842, 0.05618, 0.05618, 0.05618, 0.02628, 0.03842, 0.05618, 0.08216, 0.05618, 0.02628, 0.03842, 0.05618, 0.05618, 0.05618, 0.01797, 0.02628, 0.03842, 0.03842, 0.03842, 0.01797, 0.01797, 0.02628, 0.02628, 0.02628], [0.0172, 0.02515, 0.03678, 0.03678, 0.03678, 0.02515, 0.03678, 0.05378, 0.05378, 0.05378, 0.02515, 0.03678, 0.05378, 0.07864, 0.05378, 0.02515, 0.03678, 0.05378, 0.05378, 0.05378, 0.0172, 0.02515, 0.03678, 0.03678, 0.03678], [0.01797, 0.01797, 0.02628, 0.02628, 0.02628, 0.01797, 0.02628, 0.03842, 0.03842, 0.03842, 0.02628, 0.03842, 0.05618, 0.05618, 0.05618, 0.02628, 0.03842, 0.05618, 0.08216, 0.05618, 0.02628, 0.03842, 0.05618, 0.05618, 0.05618], [0.01444, 0.02112, 0.02112, 0.02112, 0.02112, 0.02112, 0.02112, 0.03088, 0.03088, 0.03088, 0.02112, 0.03088, 0.04515, 0.04515, 0.04515, 0.03088, 0.04515, 0.06603, 0.06603, 0.06603, 0.03088, 0.04515, 0.06603, 0.09655, 0.06603], [0.0246, 0.03597, 0.0526, 0.07691, 0.11247, 0.0246, 0.03597, 0.0526, 0.07691, 0.07691, 0.0246, 0.0246, 0.03597, 0.0526, 0.0526, 0.01682, 0.0246, 0.0246, 0.03597, 0.03597, 0.0115, 0.01682, 0.0246, 0.0246, 0.0246], [0.02112, 0.03088, 0.04515, 0.06603, 0.06603, 0.02112, 0.03088, 0.04515, 0.06603, 0.09655, 0.02112, 0.03088, 0.04515, 0.06603, 0.06603, 0.02112, 0.02112, 0.03088, 0.04515, 0.04515, 0.01444, 0.02112, 0.02112, 0.03088, 0.03088], [0.02021, 0.02021, 0.02955, 0.04321, 0.04321, 0.02021, 0.02955, 0.04321, 0.06319, 0.06319, 0.02021, 0.02955, 0.04321, 0.06319, 0.0924, 0.02021, 0.02955, 0.04321, 0.06319, 0.06319, 0.02021, 0.02021, 0.02955, 0.04321, 0.04321], [0.01444, 0.02112, 0.02112, 0.03088, 0.03088, 0.02112, 0.02112, 0.03088, 0.04515, 0.04515, 0.02112, 0.03088, 0.04515, 0.06603, 0.06603, 0.02112, 0.03088, 0.04515, 0.06603, 0.09655, 0.02112, 0.03088, 0.04515, 0.06603, 0.06603], [0.0115, 0.01682, 0.0246, 0.0246, 0.0246, 0.01682, 0.0246, 0.0246, 0.03597, 0.03597, 0.0246, 0.0246, 0.03597, 0.0526, 0.0526, 0.0246, 0.03597, 0.0526, 0.07691, 0.07691, 0.0246, 0.03597, 0.0526, 0.07691, 0.11247]]