[[0.10734, 0.07489, 0.05225, 0.03645, 0.02543, 0.07489, 0.07489, 0.05225, 0.03645, 0.02543, 0.05225, 0.05225, 0.03645, 0.02543, 0.02543, 0.03645, 0.03645, 0.02543, 0.02543, 0.01774, 0.02543, 0.02543, 0.02543, 0.01774, 0.01238], [0.0647, 0.0647, 0.04514, 0.03149, 0.02197, 0.09273, 0.0647, 0.04514, 0.03149, 0.02197, 0.0647, 0.0647, 0.04514, 0.03149, 0.02197, 0.04514, 0.04514, 0.03149, 0.02197, 0.02197, 0.03149, 0.03149, 0.02197, 0.02197, 0.01533], [0.04326, 0.04326, 0.03018, 0.02106, 0.02106, 0.062, 0.062, 0.04326, 0.03018, 0.02106, 0.08887, 0.062, 0.04326, 0.03018, 0.02106, 0.062, 0.062, 0.04326, 0.03018, 0.02106, 0.04326, 0.04326, 0.03018, 0.02106, 0.02106], [0.03149, 0.03149, 0.02197, 0.02197, 0.01533, 0.04514, 0.04514, 0.03149, 0.02197, 0.02197, 0.0647, 0.0647, 0.04514, 0.03149, 0.02197, 0.09273, 0.0647, 0.04514, 0.03149, 0.02197, 0.0647, 0.0647, 0.04514, 0.03149, 0.02197], [0.02543, 0.02543, 0.02543, 0.01774, 0.01238, 0.03645, 0.03645, 0.02543, 0.02543, 0.01774, 0.05225, 0.05225, 0.03645, 0.02543, 0.02543, 0.07489, 0.07489, 0.05225, 0.03645, 0.02543, 0.10734, 0.07489, 0.05225, 0.03645, 0.02543], [0.0647, 0.09273, 0.0647, 0.04514, 0.03149, 0.0647, 0.0647, 0.0647, 0.04514, 0.03149, 0.04514, 0.04514, 0.04514, 0.03149, 0.02197, 0.03149, 0.03149, 0.03149, 0.02197, 0.02197, 0.02197, 0.02197, 0.02197, 0.02197, 0.01533], [0.05542, 0.05542, 0.05542, 0.03866, 0.02697, 0.05542, 0.07943, 0.05542, 0.03866, 0.02697, 0.05542, 0.05542, 0.05542, 0.03866, 0.02697, 0.03866, 0.03866, 0.03866, 0.02697, 0.01882, 0.02697, 0.02697, 0.02697, 0.01882, 0.01882], [0.03706, 0.03706, 0.03706, 0.02586, 0.01804, 0.05312, 0.05312, 0.05312, 0.03706, 0.02586, 0.05312, 0.07614, 0.05312, 0.03706, 0.02586, 0.05312, 0.05312, 0.05312, 0.03706, 0.02586, 0.03706, 0.03706, 0.03706, 0.02586, 0.01804], [0.02697, 0.02697, 0.02697, 0.01882, 0.01882, 0.03866, 0.03866, 0.03866, 0.02697, 0.01882, 0.05542, 0.05542, 0.05542, 0.03866, 0.02697, 0.05542, 0.07943, 0.05542, 0.03866, 0.02697, 0.05542, 0.05542, 0.05542, 0.03866, 0.02697], [0.02197, 0.02197, 0.02197, 0.02197, 0.01533, 0.03149, 0.03149, 0.03149, 0.02197, 0.02197, 0.04514, 0.04514, 0.04514, 0.03149, 0.02197, 0.0647, 0.0647, 0.0647, 0.04514, 0.03149, 0.0647, 0.09273, 0.0647, 0.04514, 0.03149], [0.04326, 0.062, 0.08887, 0.062, 0.04326, 0.04326, 0.062, 0.062, 0.062, 0.04326, 0.03018, 0.04326, 0.04326, 0.04326, 0.03018, 0.02106, 0.03018, 0.03018, 0.03018, 0.02106, 0.02106, 0.02106, 0.02106, 0.02106, 0.02106], [0.03706, 0.05312, 0.05312, 0.05312, 0.03706, 0.03706, 0.05312, 0.07614, 0.05312, 0.03706, 0.03706, 0.05312, 0.05312, 0.05312, 0.03706, 0.02586, 0.03706, 0.03706, 0.03706, 0.02586, 0.01804, 0.02586, 0.02586, 0.02586, 0.01804], [0.02464, 0.03532, 0.03532, 0.03532, 0.02464, 0.03532, 0.05063, 0.05063, 0.05063, 0.03532, 0.03532, 0.05063, 0.07256, 0.05063, 0.03532, 0.03532, 0.05063, 0.05063, 0.05063, 0.03532, 0.02464, 0.03532, 0.03532, 0.03532, 0.02464], [0.01804, 0.02586, 0.02586, 0.02586, 0.01804, 0.02586, 0.03706, 0.03706, 0.03706, 0.02586, 0.03706, 0.05312, 0.05312, 0.05312, 0.03706, 0.03706, 0.05312, 0.07614, 0.05312, 0.03706, 0.03706, 0.05312, 0.05312, 0.05312, 0.03706], [0.02106, 0.02106, 0.02106, 0.02106, 0.02106, 0.02106, 0.03018, 0.03018, 0.03018, 0.02106, 0.03018, 0.04326, 0.04326, 0.04326, 0.03018, 0.04326, 0.062, 0.062, 0.062, 0.04326, 0.04326, 0.062, 0.08887, 0.062, 0.04326], [0.03149, 0.04514, 0.0647, 0.09273, 0.0647, 0.03149, 0.04514, 0.0647, 0.0647, 0.0647, 0.02197, 0.03149, 0.04514, 0.04514, 0.04514, 0.02197, 0.02197, 0.03149, 0.03149, 0.03149, 0.01533, 0.02197, 0.02197, 0.02197, 0.02197], [0.02697, 0.03866, 0.05542, 0.05542, 0.05542, 0.02697, 0.03866, 0.05542, 0.07943, 0.05542, 0.02697, 0.03866, 0.05542, 0.05542, 0.05542, 0.01882, 0.02697, 0.03866, 0.03866, 0.03866, 0.01882, 0.01882, 0.02697, 0.02697, 0.02697], [0.01804, 0.02586, 0.03706, 0.03706, 0.03706, 0.02586, 0.03706, 0.05312, 0.05312, 0.05312, 0.02586, 0.03706, 0.05312, 0.07614, 0.05312, 0.02586, 0.03706, 0.05312, 0.05312, 0.05312, 0.01804, 0.02586, 0.03706, 0.03706, 0.03706], [0.01882, 0.01882, 0.02697, 0.02697, 0.02697, 0.01882, 0.02697, 0.03866, 0.03866, 0.03866, 0.02697, 0.03866, 0.05542, 0.05542, 0.05542, 0.02697, 0.03866, 0.05542, 0.07943, 0.05542, 0.02697, 0.03866, 0.05542, 0.05542, 0.05542], [0.01533, 0.02197, 0.02197, 0.02197, 0.02197, 0.02197, 0.02197, 0.03149, 0.03149, 0.03149, 0.02197, 0.03149, 0.04514, 0.04514, 0.04514, 0.03149, 0.04514, 0.0647, 0.0647, 0.0647, 0.03149, 0.04514, 0.0647, 0.09273, 0.0647], [0.02543, 0.03645, 0.05225, 0.07489, 0.10734, 0.02543, 0.03645, 0.05225, 0.07489, 0.07489, 0.02543, 0.02543, 0.03645, 0.05225, 0.05225, 0.01774, 0.02543, 0.02543, 0.03645, 0.03645, 0.01238, 0.01774, 0.02543, 0.02543, 0.02543], [0.02197, 0.03149, 0.04514, 0.0647, 0.0647, 0.02197, 0.03149, 0.04514, 0.0647, 0.09273, 0.02197, 0.03149, 0.04514, 0.0647, 0.0647, 0.02197, 0.02197, 0.03149, 0.04514, 0.04514, 0.01533, 0.02197, 0.02197, 0.03149, 0.03149], [0.02106, 0.02106, 0.03018, 0.04326, 0.04326, 0.02106, 0.03018, 0.04326, 0.062, 0.062, 0.02106, 0.03018, 0.04326, 0.062, 0.08887, 0.02106, 0.03018, 0.04326, 0.062, 0.062, 0.02106, 0.02106, 0.03018, 0.04326, 0.04326], [0.01533, 0.02197, 0.02197, 0.03149, 0.03149, 0.02197, 0.02197, 0.03149, 0.04514, 0.04514, 0.02197, 0.03149, 0.04514, 0.0647, 0.0647, 0.02197, 0.03149, 0.04514, 0.0647, 0.09273, 0.02197, 0.03149, 0.04514, 0.0647, 0.0647], [0.01238, 0.01774, 0.02543, 0.02543, 0.02543, 0.01774, 0.02543, 0.02543, 0.03645, 0.03645, 0.02543, 0.02543, 0.03645, 0.05225, 0.05225, 0.02543, 0.03645, 0.05225, 0.07489, 0.07489, 0.02543, 0.03645, 0.05225, 0.07489, 0.10734]]