[[0.09752, 0.07081, 0.05142, 0.03734, 0.02711, 0.07081, 0.07081, 0.05142, 0.03734, 0.02711, 0.05142, 0.05142, 0.03734, 0.02711, 0.02711, 0.03734, 0.03734, 0.02711, 0.02711, 0.01969, 0.02711, 0.02711, 0.02711, 0.01969, 0.0143], [0.062, 0.062, 0.04502, 0.03269, 0.02374, 0.08538, 0.062, 0.04502, 0.03269, 0.02374, 0.062, 0.062, 0.04502, 0.03269, 0.02374, 0.04502, 0.04502, 0.03269, 0.02374, 0.02374, 0.03269, 0.03269, 0.02374, 0.02374, 0.01724], [0.04328, 0.04328, 0.03143, 0.02282, 0.02282, 0.05961, 0.05961, 0.04328, 0.03143, 0.02282, 0.08208, 0.05961, 0.04328, 0.03143, 0.02282, 0.05961, 0.05961, 0.04328, 0.03143, 0.02282, 0.04328, 0.04328, 0.03143, 0.02282, 0.02282], [0.03269, 0.03269, 0.02374, 0.02374, 0.01724, 0.04502, 0.04502, 0.03269, 0.02374, 0.02374, 0.062, 0.062, 0.04502, 0.03269, 0.02374, 0.08538, 0.062, 0.04502, 0.03269, 0.02374, 0.062, 0.062, 0.04502, 0.03269, 0.02374], [0.02711, 0.02711, 0.02711, 0.01969, 0.0143, 0.03734, 0.03734, 0.02711, 0.02711, 0.01969, 0.05142, 0.05142, 0.03734, 0.02711, 0.02711, 0.07081, 0.07081, 0.05142, 0.03734, 0.02711, 0.09752, 0.07081, 0.05142, 0.03734, 0.02711], [0.062, 0.08538, 0.062, 0.04502, 0.03269, 0.062, 0.062, 0.062, 0.04502, 0.03269, 0.04502, 0.04502, 0.04502, 0.03269, 0.02374, 0.03269, 0.03269, 0.03269, 0.02374, 0.02374, 0.02374, 0.02374, 0.02374, 0.02374, 0.01724], [0.05384, 0.05384, 0.05384, 0.0391, 0.02839, 0.05384, 0.07414, 0.05384, 0.0391, 0.02839, 0.05384, 0.05384, 0.05384, 0.0391, 0.02839, 0.0391, 0.0391, 0.0391, 0.02839, 0.02061, 0.02839, 0.02839, 0.02839, 0.02061, 0.02061], [0.0376, 0.0376, 0.0376, 0.0273, 0.01982, 0.05177, 0.05177, 0.05177, 0.0376, 0.0273, 0.05177, 0.0713, 0.05177, 0.0376, 0.0273, 0.05177, 0.05177, 0.05177, 0.0376, 0.0273, 0.0376, 0.0376, 0.0376, 0.0273, 0.01982], [0.02839, 0.02839, 0.02839, 0.02061, 0.02061, 0.0391, 0.0391, 0.0391, 0.02839, 0.02061, 0.05384, 0.05384, 0.05384, 0.0391, 0.02839, 0.05384, 0.07414, 0.05384, 0.0391, 0.02839, 0.05384, 0.05384, 0.05384, 0.0391, 0.02839], [0.02374, 0.02374, 0.02374, 0.02374, 0.01724, 0.03269, 0.03269, 0.03269, 0.02374, 0.02374, 0.04502, 0.04502, 0.04502, 0.03269, 0.02374, 0.062, 0.062, 0.062, 0.04502, 0.03269, 0.062, 0.08538, 0.062, 0.04502, 0.03269], [0.04328, 0.05961, 0.08208, 0.05961, 0.04328, 0.04328, 0.05961, 0.05961, 0.05961, 0.04328, 0.03143, 0.04328, 0.04328, 0.04328, 0.03143, 0.02282, 0.03143, 0.03143, 0.03143, 0.02282, 0.02282, 0.02282, 0.02282, 0.02282, 0.02282], [0.0376, 0.05177, 0.05177, 0.05177, 0.0376, 0.0376, 0.05177, 0.0713, 0.05177, 0.0376, 0.0376, 0.05177, 0.05177, 0.05177, 0.0376, 0.0273, 0.0376, 0.0376, 0.0376, 0.0273, 0.01982, 0.0273, 0.0273, 0.0273, 0.01982], [0.0261, 0.03595, 0.03595, 0.03595, 0.0261, 0.03595, 0.0495, 0.0495, 0.0495, 0.03595, 0.03595, 0.0495, 0.06817, 0.0495, 0.03595, 0.03595, 0.0495, 0.0495, 0.0495, 0.03595, 0.0261, 0.03595, 0.03595, 0.03595, 0.0261], [0.01982, 0.0273, 0.0273, 0.0273, 0.01982, 0.0273, 0.0376, 0.0376, 0.0376, 0.0273, 0.0376, 0.05177, 0.05177, 0.05177, 0.0376, 0.0376, 0.05177, 0.0713, 0.05177, 0.0376, 0.0376, 0.05177, 0.05177, 0.05177, 0.0376], [0.02282, 0.02282, 0.02282, 0.02282, 0.02282, 0.02282, 0.03143, 0.03143, 0.03143, 0.02282, 0.03143, 0.04328, 0.04328, 0.04328, 0.03143, 0.04328, 0.05961, 0.05961, 0.05961, 0.04328, 0.04328, 0.05961, 0.08208, 0.05961, 0.04328], [0.03269, 0.04502, 0.062, 0.08538, 0.062, 0.03269, 0.04502, 0.062, 0.062, 0.062, 0.02374, 0.03269, 0.04502, 0.04502, 0.04502, 0.02374, 0.02374, 0.03269, 0.03269, 0.03269, 0.01724, 0.02374, 0.02374, 0.02374, 0.02374], [0.02839, 0.0391, 0.05384, 0.05384, 0.05384, 0.02839, 0.0391, 0.05384, 0.07414, 0.05384, 0.02839, 0.0391, 0.05384, 0.05384, 0.05384, 0.02061, 0.02839, 0.0391, 0.0391, 0.0391, 0.02061, 0.02061, 0.02839, 0.02839, 0.02839], [0.01982, 0.0273, 0.0376, 0.0376, 0.0376, 0.0273, 0.0376, 0.05177, 0.05177, 0.05177, 0.0273, 0.0376, 0.05177, 0.0713, 0.05177, 0.0273, 0.0376, 0.05177, 0.05177, 0.05177, 0.01982, 0.0273, 0.0376, 0.0376, 0.0376], [0.02061, 0.02061, 0.02839, 0.02839, 0.02839, 0.02061, 0.02839, 0.0391, 0.0391, 0.0391, 0.02839, 0.0391, 0.05384, 0.05384, 0.05384, 0.02839, 0.0391, 0.05384, 0.07414, 0.05384, 0.02839, 0.0391, 0.05384, 0.05384, 0.05384], [0.01724, 0.02374, 0.02374, 0.02374, 0.02374, 0.02374, 0.02374, 0.03269, 0.03269, 0.03269, 0.02374, 0.03269, 0.04502, 0.04502, 0.04502, 0.03269, 0.04502, 0.062, 0.062, 0.062, 0.03269, 0.04502, 0.062, 0.08538, 0.062], [0.02711, 0.03734, 0.05142, 0.07081, 0.09752, 0.02711, 0.03734, 0.05142, 0.07081, 0.07081, 0.02711, 0.02711, 0.03734, 0.05142, 0.05142, 0.01969, 0.02711, 0.02711, 0.03734, 0.03734, 0.0143, 0.01969, 0.02711, 0.02711, 0.02711], [0.02374, 0.03269, 0.04502, 0.062, 0.062, 0.02374, 0.03269, 0.04502, 0.062, 0.08538, 0.02374, 0.03269, 0.04502, 0.062, 0.062, 0.02374, 0.02374, 0.03269, 0.04502, 0.04502, 0.01724, 0.02374, 0.02374, 0.03269, 0.03269], [0.02282, 0.02282, 0.03143, 0.04328, 0.04328, 0.02282, 0.03143, 0.04328, 0.05961, 0.05961, 0.02282, 0.03143, 0.04328, 0.05961, 0.08208, 0.02282, 0.03143, 0.04328, 0.05961, 0.05961, 0.02282, 0.02282, 0.03143, 0.04328, 0.04328], [0.01724, 0.02374, 0.02374, 0.03269, 0.03269, 0.02374, 0.02374, 0.03269, 0.04502, 0.04502, 0.02374, 0.03269, 0.04502, 0.062, 0.062, 0.02374, 0.03269, 0.04502, 0.062, 0.08538, 0.02374, 0.03269, 0.04502, 0.062, 0.062], [0.0143, 0.01969, 0.02711, 0.02711, 0.02711, 0.01969, 0.02711, 0.02711, 0.03734, 0.03734, 0.02711, 0.02711, 0.03734, 0.05142, 0.05142, 0.02711, 0.03734, 0.05142, 0.07081, 0.07081, 0.02711, 0.03734, 0.05142, 0.07081, 0.09752]]