[[0.08282, 0.06418, 0.04973, 0.03854, 0.02987, 0.06418, 0.06418, 0.04973, 0.03854, 0.02987, 0.04973, 0.04973, 0.03854, 0.02987, 0.02987, 0.03854, 0.03854, 0.02987, 0.02987, 0.02314, 0.02987, 0.02987, 0.02987, 0.02314, 0.01793], [0.05752, 0.05752, 0.04457, 0.03454, 0.02676, 0.07422, 0.05752, 0.04457, 0.03454, 0.02676, 0.05752, 0.05752, 0.04457, 0.03454, 0.02676, 0.04457, 0.04457, 0.03454, 0.02676, 0.02676, 0.03454, 0.03454, 0.02676, 0.02676, 0.02074], [0.04311, 0.04311, 0.03341, 0.02589, 0.02589, 0.05563, 0.05563, 0.04311, 0.03341, 0.02589, 0.07179, 0.05563, 0.04311, 0.03341, 0.02589, 0.05563, 0.05563, 0.04311, 0.03341, 0.02589, 0.04311, 0.04311, 0.03341, 0.02589, 0.02589], [0.03454, 0.03454, 0.02676, 0.02676, 0.02074, 0.04457, 0.04457, 0.03454, 0.02676, 0.02676, 0.05752, 0.05752, 0.04457, 0.03454, 0.02676, 0.07422, 0.05752, 0.04457, 0.03454, 0.02676, 0.05752, 0.05752, 0.04457, 0.03454, 0.02676], [0.02987, 0.02987, 0.02987, 0.02314, 0.01793, 0.03854, 0.03854, 0.02987, 0.02987, 0.02314, 0.04973, 0.04973, 0.03854, 0.02987, 0.02987, 0.06418, 0.06418, 0.04973, 0.03854, 0.02987, 0.08282, 0.06418, 0.04973, 0.03854, 0.02987], [0.05752, 0.07422, 0.05752, 0.04457, 0.03454, 0.05752, 0.05752, 0.05752, 0.04457, 0.03454, 0.04457, 0.04457, 0.04457, 0.03454, 0.02676, 0.03454, 0.03454, 0.03454, 0.02676, 0.02676, 0.02676, 0.02676, 0.02676, 0.02676, 0.02074], [0.05118, 0.05118, 0.05118, 0.03966, 0.03073, 0.05118, 0.06604, 0.05118, 0.03966, 0.03073, 0.05118, 0.05118, 0.05118, 0.03966, 0.03073, 0.03966, 0.03966, 0.03966, 0.03073, 0.02382, 0.03073, 0.03073, 0.03073, 0.02382, 0.02382], [0.03837, 0.03837, 0.03837, 0.02973, 0.02304, 0.04951, 0.04951, 0.04951, 0.03837, 0.02973, 0.04951, 0.06389, 0.04951, 0.03837, 0.02973, 0.04951, 0.04951, 0.04951, 0.03837, 0.02973, 0.03837, 0.03837, 0.03837, 0.02973, 0.02304], [0.03073, 0.03073, 0.03073, 0.02382, 0.02382, 0.03966, 0.03966, 0.03966, 0.03073, 0.02382, 0.05118, 0.05118, 0.05118, 0.03966, 0.03073, 0.05118, 0.06604, 0.05118, 0.03966, 0.03073, 0.05118, 0.05118, 0.05118, 0.03966, 0.03073], [0.02676, 0.02676, 0.02676, 0.02676, 0.02074, 0.03454, 0.03454, 0.03454, 0.02676, 0.02676, 0.04457, 0.04457, 0.04457, 0.03454, 0.02676, 0.05752, 0.05752, 0.05752, 0.04457, 0.03454, 0.05752, 0.07422, 0.05752, 0.04457, 0.03454], [0.04311, 0.05563, 0.07179, 0.05563, 0.04311, 0.04311, 0.05563, 0.05563, 0.05563, 0.04311, 0.03341, 0.04311, 0.04311, 0.04311, 0.03341, 0.02589, 0.03341, 0.03341, 0.03341, 0.02589, 0.02589, 0.02589, 0.02589, 0.02589, 0.02589], [0.03837, 0.04951, 0.04951, 0.04951, 0.03837, 0.03837, 0.04951, 0.06389, 0.04951, 0.03837, 0.03837, 0.04951, 0.04951, 0.04951, 0.03837, 0.02973, 0.03837, 0.03837, 0.03837, 0.02973, 0.02304, 0.02973, 0.02973, 0.02973, 0.02304], [0.02861, 0.03692, 0.03692, 0.03692, 0.02861, 0.03692, 0.04764, 0.04764, 0.04764, 0.03692, 0.03692, 0.04764, 0.06148, 0.04764, 0.03692, 0.03692, 0.04764, 0.04764, 0.04764, 0.03692, 0.02861, 0.03692, 0.03692, 0.03692, 0.02861], [0.02304, 0.02973, 0.02973, 0.02973, 0.02304, 0.02973, 0.03837, 0.03837, 0.03837, 0.02973, 0.03837, 0.04951, 0.04951, 0.04951, 0.03837, 0.03837, 0.04951, 0.06389, 0.04951, 0.03837, 0.03837, 0.04951, 0.04951, 0.04951, 0.03837], [0.02589, 0.02589, 0.02589, 0.02589, 0.02589, 0.02589, 0.03341, 0.03341, 0.03341, 0.02589, 0.03341, 0.04311, 0.04311, 0.04311, 0.03341, 0.04311, 0.05563, 0.05563, 0.05563, 0.04311, 0.04311, 0.05563, 0.07179, 0.05563, 0.04311], [0.03454, 0.04457, 0.05752, 0.07422, 0.05752, 0.03454, 0.04457, 0.05752, 0.05752, 0.05752, 0.02676, 0.03454, 0.04457, 0.04457, 0.04457, 0.02676, 0.02676, 0.03454, 0.03454, 0.03454, 0.02074, 0.02676, 0.02676, 0.02676, 0.02676], [0.03073, 0.03966, 0.05118, 0.05118, 0.05118, 0.03073, 0.03966, 0.05118, 0.06604, 0.05118, 0.03073, 0.03966, 0.05118, 0.05118, 0.05118, 0.02382, 0.03073, 0.03966, 0.03966, 0.03966, 0.02382, 0.02382, 0.03073, 0.03073, 0.03073], [0.02304, 0.02973, 0.03837, 0.03837, 0.03837, 0.02973, 0.03837, 0.04951, 0.04951, 0.04951, 0.02973, 0.03837, 0.04951, 0.06389, 0.04951, 0.02973, 0.03837, 0.04951, 0.04951, 0.04951, 0.02304, 0.02973, 0.03837, 0.03837, 0.03837], [0.02382, 0.02382, 0.03073, 0.03073, 0.03073, 0.02382, 0.03073, 0.03966, 0.03966, 0.03966, 0.03073, 0.03966, 0.05118, 0.05118, 0.05118, 0.03073, 0.03966, 0.05118, 0.06604, 0.05118, 0.03073, 0.03966, 0.05118, 0.05118, 0.05118], [0.02074, 0.02676, 0.02676, 0.02676, 0.02676, 0.02676, 0.02676, 0.03454, 0.03454, 0.03454, 0.02676, 0.03454, 0.04457, 0.04457, 0.04457, 0.03454, 0.04457, 0.05752, 0.05752, 0.05752, 0.03454, 0.04457, 0.05752, 0.07422, 0.05752], [0.02987, 0.03854, 0.04973, 0.06418, 0.08282, 0.02987, 0.03854, 0.04973, 0.06418, 0.06418, 0.02987, 0.02987, 0.03854, 0.04973, 0.04973, 0.02314, 0.02987, 0.02987, 0.03854, 0.03854, 0.01793, 0.02314, 0.02987, 0.02987, 0.02987], [0.02676, 0.03454, 0.04457, 0.05752, 0.05752, 0.02676, 0.03454, 0.04457, 0.05752, 0.07422, 0.02676, 0.03454, 0.04457, 0.05752, 0.05752, 0.02676, 0.02676, 0.03454, 0.04457, 0.04457, 0.02074, 0.02676, 0.02676, 0.03454, 0.03454], [0.02589, 0.02589, 0.03341, 0.04311, 0.04311, 0.02589, 0.03341, 0.04311, 0.05563, 0.05563, 0.02589, 0.03341, 0.04311, 0.05563, 0.07179, 0.02589, 0.03341, 0.04311, 0.05563, 0.05563, 0.02589, 0.02589, 0.03341, 0.04311, 0.04311], [0.02074, 0.02676, 0.02676, 0.03454, 0.03454, 0.02676, 0.02676, 0.03454, 0.04457, 0.04457, 0.02676, 0.03454, 0.04457, 0.05752, 0.05752, 0.02676, 0.03454, 0.04457, 0.05752, 0.07422, 0.02676, 0.03454, 0.04457, 0.05752, 0.05752], [0.01793, 0.02314, 0.02987, 0.02987, 0.02987, 0.02314, 0.02987, 0.02987, 0.03854, 0.03854, 0.02987, 0.02987, 0.03854, 0.04973, 0.04973, 0.02987, 0.03854, 0.04973, 0.06418, 0.06418, 0.02987, 0.03854, 0.04973, 0.06418, 0.08282]]