[[0.05253, 0.04801, 0.04388, 0.0401, 0.03665, 0.04801, 0.04801, 0.04388, 0.0401, 0.03665, 0.04388, 0.04388, 0.0401, 0.03665, 0.03665, 0.0401, 0.0401, 0.03665, 0.03665, 0.03349, 0.03665, 0.03665, 0.03665, 0.03349, 0.03061], [0.04605, 0.04605, 0.04208, 0.03846, 0.03515, 0.05038, 0.04605, 0.04208, 0.03846, 0.03515, 0.04605, 0.04605, 0.04208, 0.03846, 0.03515, 0.04208, 0.04208, 0.03846, 0.03515, 0.03515, 0.03846, 0.03846, 0.03515, 0.03515, 0.03213], [0.04152, 0.04152, 0.03795, 0.03468, 0.03468, 0.04543, 0.04543, 0.04152, 0.03795, 0.03468, 0.04971, 0.04543, 0.04152, 0.03795, 0.03468, 0.04543, 0.04543, 0.04152, 0.03795, 0.03468, 0.04152, 0.04152, 0.03795, 0.03468, 0.03468], [0.03846, 0.03846, 0.03515, 0.03515, 0.03213, 0.04208, 0.04208, 0.03846, 0.03515, 0.03515, 0.04605, 0.04605, 0.04208, 0.03846, 0.03515, 0.05038, 0.04605, 0.04208, 0.03846, 0.03515, 0.04605, 0.04605, 0.04208, 0.03846, 0.03515], [0.03665, 0.03665, 0.03665, 0.03349, 0.03061, 0.0401, 0.0401, 0.03665, 0.03665, 0.03349, 0.04388, 0.04388, 0.0401, 0.03665, 0.03665, 0.04801, 0.04801, 0.04388, 0.0401, 0.03665, 0.05253, 0.04801, 0.04388, 0.0401, 0.03665], [0.04605, 0.05038, 0.04605, 0.04208, 0.03846, 0.04605, 0.04605, 0.04605, 0.04208, 0.03846, 0.04208, 0.04208, 0.04208, 0.03846, 0.03515, 0.03846, 0.03846, 0.03846, 0.03515, 0.03515, 0.03515, 0.03515, 0.03515, 0.03515, 0.03213], [0.04402, 0.04402, 0.04402, 0.04024, 0.03677, 0.04402, 0.04817, 0.04402, 0.04024, 0.03677, 0.04402, 0.04402, 0.04402, 0.04024, 0.03677, 0.04024, 0.04024, 0.04024, 0.03677, 0.03361, 0.03677, 0.03677, 0.03677, 0.03361, 0.03361], [0.0397, 0.0397, 0.0397, 0.03628, 0.03316, 0.04344, 0.04344, 0.04344, 0.0397, 0.03628, 0.04344, 0.04753, 0.04344, 0.0397, 0.03628, 0.04344, 0.04344, 0.04344, 0.0397, 0.03628, 0.0397, 0.0397, 0.0397, 0.03628, 0.03316], [0.03677, 0.03677, 0.03677, 0.03361, 0.03361, 0.04024, 0.04024, 0.04024, 0.03677, 0.03361, 0.04402, 0.04402, 0.04402, 0.04024, 0.03677, 0.04402, 0.04817, 0.04402, 0.04024, 0.03677, 0.04402, 0.04402, 0.04402, 0.04024, 0.03677], [0.03515, 0.03515, 0.03515, 0.03515, 0.03213, 0.03846, 0.03846, 0.03846, 0.03515, 0.03515, 0.04208, 0.04208, 0.04208, 0.03846, 0.03515, 0.04605, 0.04605, 0.04605, 0.04208, 0.03846, 0.04605, 0.05038, 0.04605, 0.04208, 0.03846], [0.04152, 0.04543, 0.04971, 0.04543, 0.04152, 0.04152, 0.04543, 0.04543, 0.04543, 0.04152, 0.03795, 0.04152, 0.04152, 0.04152, 0.03795, 0.03468, 0.03795, 0.03795, 0.03795, 0.03468, 0.03468, 0.03468, 0.03468, 0.03468, 0.03468], [0.0397, 0.04344, 0.04344, 0.04344, 0.0397, 0.0397, 0.04344, 0.04753, 0.04344, 0.0397, 0.0397, 0.04344, 0.04344, 0.04344, 0.0397, 0.03628, 0.0397, 0.0397, 0.0397, 0.03628, 0.03316, 0.03628, 0.03628, 0.03628, 0.03316], [0.03569, 0.03905, 0.03905, 0.03905, 0.03569, 0.03905, 0.04273, 0.04273, 0.04273, 0.03905, 0.03905, 0.04273, 0.04675, 0.04273, 0.03905, 0.03905, 0.04273, 0.04273, 0.04273, 0.03905, 0.03569, 0.03905, 0.03905, 0.03905, 0.03569], [0.03316, 0.03628, 0.03628, 0.03628, 0.03316, 0.03628, 0.0397, 0.0397, 0.0397, 0.03628, 0.0397, 0.04344, 0.04344, 0.04344, 0.0397, 0.0397, 0.04344, 0.04753, 0.04344, 0.0397, 0.0397, 0.04344, 0.04344, 0.04344, 0.0397], [0.03468, 0.03468, 0.03468, 0.03468, 0.03468, 0.03468, 0.03795, 0.03795, 0.03795, 0.03468, 0.03795, 0.04152, 0.04152, 0.04152, 0.03795, 0.04152, 0.04543, 0.04543, 0.04543, 0.04152, 0.04152, 0.04543, 0.04971, 0.04543, 0.04152], [0.03846, 0.04208, 0.04605, 0.05038, 0.04605, 0.03846, 0.04208, 0.04605, 0.04605, 0.04605, 0.03515, 0.03846, 0.04208, 0.04208, 0.04208, 0.03515, 0.03515, 0.03846, 0.03846, 0.03846, 0.03213, 0.03515, 0.03515, 0.03515, 0.03515], [0.03677, 0.04024, 0.04402, 0.04402, 0.04402, 0.03677, 0.04024, 0.04402, 0.04817, 0.04402, 0.03677, 0.04024, 0.04402, 0.04402, 0.04402, 0.03361, 0.03677, 0.04024, 0.04024, 0.04024, 0.03361, 0.03361, 0.03677, 0.03677, 0.03677], [0.03316, 0.03628, 0.0397, 0.0397, 0.0397, 0.03628, 0.0397, 0.04344, 0.04344, 0.04344, 0.03628, 0.0397, 0.04344, 0.04753, 0.04344, 0.03628, 0.0397, 0.04344, 0.04344, 0.04344, 0.03316, 0.03628, 0.0397, 0.0397, 0.0397], [0.03361, 0.03361, 0.03677, 0.03677, 0.03677, 0.03361, 0.03677, 0.04024, 0.04024, 0.04024, 0.03677, 0.04024, 0.04402, 0.04402, 0.04402, 0.03677, 0.04024, 0.04402, 0.04817, 0.04402, 0.03677, 0.04024, 0.04402, 0.04402, 0.04402], [0.03213, 0.03515, 0.03515, 0.03515, 0.03515, 0.03515, 0.03515, 0.03846, 0.03846, 0.03846, 0.03515, 0.03846, 0.04208, 0.04208, 0.04208, 0.03846, 0.04208, 0.04605, 0.04605, 0.04605, 0.03846, 0.04208, 0.04605, 0.05038, 0.04605], [0.03665, 0.0401, 0.04388, 0.04801, 0.05253, 0.03665, 0.0401, 0.04388, 0.04801, 0.04801, 0.03665, 0.03665, 0.0401, 0.04388, 0.04388, 0.03349, 0.03665, 0.03665, 0.0401, 0.0401, 0.03061, 0.03349, 0.03665, 0.03665, 0.03665], [0.03515, 0.03846, 0.04208, 0.04605, 0.04605, 0.03515, 0.03846, 0.04208, 0.04605, 0.05038, 0.03515, 0.03846, 0.04208, 0.04605, 0.04605, 0.03515, 0.03515, 0.03846, 0.04208, 0.04208, 0.03213, 0.03515, 0.03515, 0.03846, 0.03846], [0.03468, 0.03468, 0.03795, 0.04152, 0.04152, 0.03468, 0.03795, 0.04152, 0.04543, 0.04543, 0.03468, 0.03795, 0.04152, 0.04543, 0.04971, 0.03468, 0.03795, 0.04152, 0.04543, 0.04543, 0.03468, 0.03468, 0.03795, 0.04152, 0.04152], [0.03213, 0.03515, 0.03515, 0.03846, 0.03846, 0.03515, 0.03515, 0.03846, 0.04208, 0.04208, 0.03515, 0.03846, 0.04208, 0.04605, 0.04605, 0.03515, 0.03846, 0.04208, 0.04605, 0.05038, 0.03515, 0.03846, 0.04208, 0.04605, 0.04605], [0.03061, 0.03349, 0.03665, 0.03665, 0.03665, 0.03349, 0.03665, 0.03665, 0.0401, 0.0401, 0.03665, 0.03665, 0.0401, 0.04388, 0.04388, 0.03665, 0.0401, 0.04388, 0.04801, 0.04801, 0.03665, 0.0401, 0.04388, 0.04801, 0.05253]]