[[0.10861, 0.0754, 0.05234, 0.03633, 0.02522, 0.0754, 0.0754, 0.05234, 0.03633, 0.02522, 0.05234, 0.05234, 0.03633, 0.02522, 0.02522, 0.03633, 0.03633, 0.02522, 0.02522, 0.01751, 0.02522, 0.02522, 0.02522, 0.01751, 0.01216], [0.06503, 0.06503, 0.04515, 0.03134, 0.02176, 0.09368, 0.06503, 0.04515, 0.03134, 0.02176, 0.06503, 0.06503, 0.04515, 0.03134, 0.02176, 0.04515, 0.04515, 0.03134, 0.02176, 0.02176, 0.03134, 0.03134, 0.02176, 0.02176, 0.0151], [0.04325, 0.04325, 0.03002, 0.02084, 0.02084, 0.0623, 0.0623, 0.04325, 0.03002, 0.02084, 0.08974, 0.0623, 0.04325, 0.03002, 0.02084, 0.0623, 0.0623, 0.04325, 0.03002, 0.02084, 0.04325, 0.04325, 0.03002, 0.02084, 0.02084], [0.03134, 0.03134, 0.02176, 0.02176, 0.0151, 0.04515, 0.04515, 0.03134, 0.02176, 0.02176, 0.06503, 0.06503, 0.04515, 0.03134, 0.02176, 0.09368, 0.06503, 0.04515, 0.03134, 0.02176, 0.06503, 0.06503, 0.04515, 0.03134, 0.02176], [0.02522, 0.02522, 0.02522, 0.01751, 0.01216, 0.03633, 0.03633, 0.02522, 0.02522, 0.01751, 0.05234, 0.05234, 0.03633, 0.02522, 0.02522, 0.0754, 0.0754, 0.05234, 0.03633, 0.02522, 0.10861, 0.0754, 0.05234, 0.03633, 0.02522], [0.06503, 0.09368, 0.06503, 0.04515, 0.03134, 0.06503, 0.06503, 0.06503, 0.04515, 0.03134, 0.04515, 0.04515, 0.04515, 0.03134, 0.02176, 0.03134, 0.03134, 0.03134, 0.02176, 0.02176, 0.02176, 0.02176, 0.02176, 0.02176, 0.0151], [0.05561, 0.05561, 0.05561, 0.0386, 0.0268, 0.05561, 0.08011, 0.05561, 0.0386, 0.0268, 0.05561, 0.05561, 0.05561, 0.0386, 0.0268, 0.0386, 0.0386, 0.0386, 0.0268, 0.0186, 0.0268, 0.0268, 0.0268, 0.0186, 0.0186], [0.03699, 0.03699, 0.03699, 0.02568, 0.01783, 0.05329, 0.05329, 0.05329, 0.03699, 0.02568, 0.05329, 0.07676, 0.05329, 0.03699, 0.02568, 0.05329, 0.05329, 0.05329, 0.03699, 0.02568, 0.03699, 0.03699, 0.03699, 0.02568, 0.01783], [0.0268, 0.0268, 0.0268, 0.0186, 0.0186, 0.0386, 0.0386, 0.0386, 0.0268, 0.0186, 0.05561, 0.05561, 0.05561, 0.0386, 0.0268, 0.05561, 0.08011, 0.05561, 0.0386, 0.0268, 0.05561, 0.05561, 0.05561, 0.0386, 0.0268], [0.02176, 0.02176, 0.02176, 0.02176, 0.0151, 0.03134, 0.03134, 0.03134, 0.02176, 0.02176, 0.04515, 0.04515, 0.04515, 0.03134, 0.02176, 0.06503, 0.06503, 0.06503, 0.04515, 0.03134, 0.06503, 0.09368, 0.06503, 0.04515, 0.03134], [0.04325, 0.0623, 0.08974, 0.0623, 0.04325, 0.04325, 0.0623, 0.0623, 0.0623, 0.04325, 0.03002, 0.04325, 0.04325, 0.04325, 0.03002, 0.02084, 0.03002, 0.03002, 0.03002, 0.02084, 0.02084, 0.02084, 0.02084, 0.02084, 0.02084], [0.03699, 0.05329, 0.05329, 0.05329, 0.03699, 0.03699, 0.05329, 0.07676, 0.05329, 0.03699, 0.03699, 0.05329, 0.05329, 0.05329, 0.03699, 0.02568, 0.03699, 0.03699, 0.03699, 0.02568, 0.01783, 0.02568, 0.02568, 0.02568, 0.01783], [0.02446, 0.03524, 0.03524, 0.03524, 0.02446, 0.03524, 0.05077, 0.05077, 0.05077, 0.03524, 0.03524, 0.05077, 0.07313, 0.05077, 0.03524, 0.03524, 0.05077, 0.05077, 0.05077, 0.03524, 0.02446, 0.03524, 0.03524, 0.03524, 0.02446], [0.01783, 0.02568, 0.02568, 0.02568, 0.01783, 0.02568, 0.03699, 0.03699, 0.03699, 0.02568, 0.03699, 0.05329, 0.05329, 0.05329, 0.03699, 0.03699, 0.05329, 0.07676, 0.05329, 0.03699, 0.03699, 0.05329, 0.05329, 0.05329, 0.03699], [0.02084, 0.02084, 0.02084, 0.02084, 0.02084, 0.02084, 0.03002, 0.03002, 0.03002, 0.02084, 0.03002, 0.04325, 0.04325, 0.04325, 0.03002, 0.04325, 0.0623, 0.0623, 0.0623, 0.04325, 0.04325, 0.0623, 0.08974, 0.0623, 0.04325], [0.03134, 0.04515, 0.06503, 0.09368, 0.06503, 0.03134, 0.04515, 0.06503, 0.06503, 0.06503, 0.02176, 0.03134, 0.04515, 0.04515, 0.04515, 0.02176, 0.02176, 0.03134, 0.03134, 0.03134, 0.0151, 0.02176, 0.02176, 0.02176, 0.02176], [0.0268, 0.0386, 0.05561, 0.05561, 0.05561, 0.0268, 0.0386, 0.05561, 0.08011, 0.05561, 0.0268, 0.0386, 0.05561, 0.05561, 0.05561, 0.0186, 0.0268, 0.0386, 0.0386, 0.0386, 0.0186, 0.0186, 0.0268, 0.0268, 0.0268], [0.01783, 0.02568, 0.03699, 0.03699, 0.03699, 0.02568, 0.03699, 0.05329, 0.05329, 0.05329, 0.02568, 0.03699, 0.05329, 0.07676, 0.05329, 0.02568, 0.03699, 0.05329, 0.05329, 0.05329, 0.01783, 0.02568, 0.03699, 0.03699, 0.03699], [0.0186, 0.0186, 0.0268, 0.0268, 0.0268, 0.0186, 0.0268, 0.0386, 0.0386, 0.0386, 0.0268, 0.0386, 0.05561, 0.05561, 0.05561, 0.0268, 0.0386, 0.05561, 0.08011, 0.05561, 0.0268, 0.0386, 0.05561, 0.05561, 0.05561], [0.0151, 0.02176, 0.02176, 0.02176, 0.02176, 0.02176, 0.02176, 0.03134, 0.03134, 0.03134, 0.02176, 0.03134, 0.04515, 0.04515, 0.04515, 0.03134, 0.04515, 0.06503, 0.06503, 0.06503, 0.03134, 0.04515, 0.06503, 0.09368, 0.06503], [0.02522, 0.03633, 0.05234, 0.0754, 0.10861, 0.02522, 0.03633, 0.05234, 0.0754, 0.0754, 0.02522, 0.02522, 0.03633, 0.05234, 0.05234, 0.01751, 0.02522, 0.02522, 0.03633, 0.03633, 0.01216, 0.01751, 0.02522, 0.02522, 0.02522], [0.02176, 0.03134, 0.04515, 0.06503, 0.06503, 0.02176, 0.03134, 0.04515, 0.06503, 0.09368, 0.02176, 0.03134, 0.04515, 0.06503, 0.06503, 0.02176, 0.02176, 0.03134, 0.04515, 0.04515, 0.0151, 0.02176, 0.02176, 0.03134, 0.03134], [0.02084, 0.02084, 0.03002, 0.04325, 0.04325, 0.02084, 0.03002, 0.04325, 0.0623, 0.0623, 0.02084, 0.03002, 0.04325, 0.0623, 0.08974, 0.02084, 0.03002, 0.04325, 0.0623, 0.0623, 0.02084, 0.02084, 0.03002, 0.04325, 0.04325], [0.0151, 0.02176, 0.02176, 0.03134, 0.03134, 0.02176, 0.02176, 0.03134, 0.04515, 0.04515, 0.02176, 0.03134, 0.04515, 0.06503, 0.06503, 0.02176, 0.03134, 0.04515, 0.06503, 0.09368, 0.02176, 0.03134, 0.04515, 0.06503, 0.06503], [0.01216, 0.01751, 0.02522, 0.02522, 0.02522, 0.01751, 0.02522, 0.02522, 0.03633, 0.03633, 0.02522, 0.02522, 0.03633, 0.05234, 0.05234, 0.02522, 0.03633, 0.05234, 0.0754, 0.0754, 0.02522, 0.03633, 0.05234, 0.0754, 0.10861]]