[[0.05026, 0.04662, 0.04326, 0.04013, 0.03723, 0.04662, 0.04662, 0.04326, 0.04013, 0.03723, 0.04326, 0.04326, 0.04013, 0.03723, 0.03723, 0.04013, 0.04013, 0.03723, 0.03723, 0.03454, 0.03723, 0.03723, 0.03723, 0.03454, 0.03204], [0.04502, 0.04502, 0.04177, 0.03875, 0.03595, 0.04853, 0.04502, 0.04177, 0.03875, 0.03595, 0.04502, 0.04502, 0.04177, 0.03875, 0.03595, 0.04177, 0.04177, 0.03875, 0.03595, 0.03595, 0.03875, 0.03875, 0.03595, 0.03595, 0.03335], [0.0413, 0.0413, 0.03831, 0.03554, 0.03554, 0.04451, 0.04451, 0.0413, 0.03831, 0.03554, 0.04798, 0.04451, 0.0413, 0.03831, 0.03554, 0.04451, 0.04451, 0.0413, 0.03831, 0.03554, 0.0413, 0.0413, 0.03831, 0.03554, 0.03554], [0.03875, 0.03875, 0.03595, 0.03595, 0.03335, 0.04177, 0.04177, 0.03875, 0.03595, 0.03595, 0.04502, 0.04502, 0.04177, 0.03875, 0.03595, 0.04853, 0.04502, 0.04177, 0.03875, 0.03595, 0.04502, 0.04502, 0.04177, 0.03875, 0.03595], [0.03723, 0.03723, 0.03723, 0.03454, 0.03204, 0.04013, 0.04013, 0.03723, 0.03723, 0.03454, 0.04326, 0.04326, 0.04013, 0.03723, 0.03723, 0.04662, 0.04662, 0.04326, 0.04013, 0.03723, 0.05026, 0.04662, 0.04326, 0.04013, 0.03723], [0.04502, 0.04853, 0.04502, 0.04177, 0.03875, 0.04502, 0.04502, 0.04502, 0.04177, 0.03875, 0.04177, 0.04177, 0.04177, 0.03875, 0.03595, 0.03875, 0.03875, 0.03875, 0.03595, 0.03595, 0.03595, 0.03595, 0.03595, 0.03595, 0.03335], [0.04336, 0.04336, 0.04336, 0.04022, 0.03732, 0.04336, 0.04673, 0.04336, 0.04022, 0.03732, 0.04336, 0.04336, 0.04336, 0.04022, 0.03732, 0.04022, 0.04022, 0.04022, 0.03732, 0.03462, 0.03732, 0.03732, 0.03732, 0.03462, 0.03462], [0.03977, 0.03977, 0.03977, 0.0369, 0.03423, 0.04287, 0.04287, 0.04287, 0.03977, 0.0369, 0.04287, 0.04621, 0.04287, 0.03977, 0.0369, 0.04287, 0.04287, 0.04287, 0.03977, 0.0369, 0.03977, 0.03977, 0.03977, 0.0369, 0.03423], [0.03732, 0.03732, 0.03732, 0.03462, 0.03462, 0.04022, 0.04022, 0.04022, 0.03732, 0.03462, 0.04336, 0.04336, 0.04336, 0.04022, 0.03732, 0.04336, 0.04673, 0.04336, 0.04022, 0.03732, 0.04336, 0.04336, 0.04336, 0.04022, 0.03732], [0.03595, 0.03595, 0.03595, 0.03595, 0.03335, 0.03875, 0.03875, 0.03875, 0.03595, 0.03595, 0.04177, 0.04177, 0.04177, 0.03875, 0.03595, 0.04502, 0.04502, 0.04502, 0.04177, 0.03875, 0.04502, 0.04853, 0.04502, 0.04177, 0.03875], [0.0413, 0.04451, 0.04798, 0.04451, 0.0413, 0.0413, 0.04451, 0.04451, 0.04451, 0.0413, 0.03831, 0.0413, 0.0413, 0.0413, 0.03831, 0.03554, 0.03831, 0.03831, 0.03831, 0.03554, 0.03554, 0.03554, 0.03554, 0.03554, 0.03554], [0.03977, 0.04287, 0.04287, 0.04287, 0.03977, 0.03977, 0.04287, 0.04621, 0.04287, 0.03977, 0.03977, 0.04287, 0.04287, 0.04287, 0.03977, 0.0369, 0.03977, 0.03977, 0.03977, 0.0369, 0.03423, 0.0369, 0.0369, 0.0369, 0.03423], [0.03639, 0.03922, 0.03922, 0.03922, 0.03639, 0.03922, 0.04228, 0.04228, 0.04228, 0.03922, 0.03922, 0.04228, 0.04557, 0.04228, 0.03922, 0.03922, 0.04228, 0.04228, 0.04228, 0.03922, 0.03639, 0.03922, 0.03922, 0.03922, 0.03639], [0.03423, 0.0369, 0.0369, 0.0369, 0.03423, 0.0369, 0.03977, 0.03977, 0.03977, 0.0369, 0.03977, 0.04287, 0.04287, 0.04287, 0.03977, 0.03977, 0.04287, 0.04621, 0.04287, 0.03977, 0.03977, 0.04287, 0.04287, 0.04287, 0.03977], [0.03554, 0.03554, 0.03554, 0.03554, 0.03554, 0.03554, 0.03831, 0.03831, 0.03831, 0.03554, 0.03831, 0.0413, 0.0413, 0.0413, 0.03831, 0.0413, 0.04451, 0.04451, 0.04451, 0.0413, 0.0413, 0.04451, 0.04798, 0.04451, 0.0413], [0.03875, 0.04177, 0.04502, 0.04853, 0.04502, 0.03875, 0.04177, 0.04502, 0.04502, 0.04502, 0.03595, 0.03875, 0.04177, 0.04177, 0.04177, 0.03595, 0.03595, 0.03875, 0.03875, 0.03875, 0.03335, 0.03595, 0.03595, 0.03595, 0.03595], [0.03732, 0.04022, 0.04336, 0.04336, 0.04336, 0.03732, 0.04022, 0.04336, 0.04673, 0.04336, 0.03732, 0.04022, 0.04336, 0.04336, 0.04336, 0.03462, 0.03732, 0.04022, 0.04022, 0.04022, 0.03462, 0.03462, 0.03732, 0.03732, 0.03732], [0.03423, 0.0369, 0.03977, 0.03977, 0.03977, 0.0369, 0.03977, 0.04287, 0.04287, 0.04287, 0.0369, 0.03977, 0.04287, 0.04621, 0.04287, 0.0369, 0.03977, 0.04287, 0.04287, 0.04287, 0.03423, 0.0369, 0.03977, 0.03977, 0.03977], [0.03462, 0.03462, 0.03732, 0.03732, 0.03732, 0.03462, 0.03732, 0.04022, 0.04022, 0.04022, 0.03732, 0.04022, 0.04336, 0.04336, 0.04336, 0.03732, 0.04022, 0.04336, 0.04673, 0.04336, 0.03732, 0.04022, 0.04336, 0.04336, 0.04336], [0.03335, 0.03595, 0.03595, 0.03595, 0.03595, 0.03595, 0.03595, 0.03875, 0.03875, 0.03875, 0.03595, 0.03875, 0.04177, 0.04177, 0.04177, 0.03875, 0.04177, 0.04502, 0.04502, 0.04502, 0.03875, 0.04177, 0.04502, 0.04853, 0.04502], [0.03723, 0.04013, 0.04326, 0.04662, 0.05026, 0.03723, 0.04013, 0.04326, 0.04662, 0.04662, 0.03723, 0.03723, 0.04013, 0.04326, 0.04326, 0.03454, 0.03723, 0.03723, 0.04013, 0.04013, 0.03204, 0.03454, 0.03723, 0.03723, 0.03723], [0.03595, 0.03875, 0.04177, 0.04502, 0.04502, 0.03595, 0.03875, 0.04177, 0.04502, 0.04853, 0.03595, 0.03875, 0.04177, 0.04502, 0.04502, 0.03595, 0.03595, 0.03875, 0.04177, 0.04177, 0.03335, 0.03595, 0.03595, 0.03875, 0.03875], [0.03554, 0.03554, 0.03831, 0.0413, 0.0413, 0.03554, 0.03831, 0.0413, 0.04451, 0.04451, 0.03554, 0.03831, 0.0413, 0.04451, 0.04798, 0.03554, 0.03831, 0.0413, 0.04451, 0.04451, 0.03554, 0.03554, 0.03831, 0.0413, 0.0413], [0.03335, 0.03595, 0.03595, 0.03875, 0.03875, 0.03595, 0.03595, 0.03875, 0.04177, 0.04177, 0.03595, 0.03875, 0.04177, 0.04502, 0.04502, 0.03595, 0.03875, 0.04177, 0.04502, 0.04853, 0.03595, 0.03875, 0.04177, 0.04502, 0.04502], [0.03204, 0.03454, 0.03723, 0.03723, 0.03723, 0.03454, 0.03723, 0.03723, 0.04013, 0.04013, 0.03723, 0.03723, 0.04013, 0.04326, 0.04326, 0.03723, 0.04013, 0.04326, 0.04662, 0.04662, 0.03723, 0.04013, 0.04326, 0.04662, 0.05026]]