[[0.04951, 0.04617, 0.04305, 0.04014, 0.03742, 0.04617, 0.04617, 0.04305, 0.04014, 0.03742, 0.04305, 0.04305, 0.04014, 0.03742, 0.03742, 0.04014, 0.04014, 0.03742, 0.03742, 0.03489, 0.03742, 0.03742, 0.03742, 0.03489, 0.03253], [0.04468, 0.04468, 0.04166, 0.03884, 0.03622, 0.04792, 0.04468, 0.04166, 0.03884, 0.03622, 0.04468, 0.04468, 0.04166, 0.03884, 0.03622, 0.04166, 0.04166, 0.03884, 0.03622, 0.03622, 0.03884, 0.03884, 0.03622, 0.03622, 0.03377], [0.04122, 0.04122, 0.03843, 0.03583, 0.03583, 0.04421, 0.04421, 0.04122, 0.03843, 0.03583, 0.04741, 0.04421, 0.04122, 0.03843, 0.03583, 0.04421, 0.04421, 0.04122, 0.03843, 0.03583, 0.04122, 0.04122, 0.03843, 0.03583, 0.03583], [0.03884, 0.03884, 0.03622, 0.03622, 0.03377, 0.04166, 0.04166, 0.03884, 0.03622, 0.03622, 0.04468, 0.04468, 0.04166, 0.03884, 0.03622, 0.04792, 0.04468, 0.04166, 0.03884, 0.03622, 0.04468, 0.04468, 0.04166, 0.03884, 0.03622], [0.03742, 0.03742, 0.03742, 0.03489, 0.03253, 0.04014, 0.04014, 0.03742, 0.03742, 0.03489, 0.04305, 0.04305, 0.04014, 0.03742, 0.03742, 0.04617, 0.04617, 0.04305, 0.04014, 0.03742, 0.04951, 0.04617, 0.04305, 0.04014, 0.03742], [0.04468, 0.04792, 0.04468, 0.04166, 0.03884, 0.04468, 0.04468, 0.04468, 0.04166, 0.03884, 0.04166, 0.04166, 0.04166, 0.03884, 0.03622, 0.03884, 0.03884, 0.03884, 0.03622, 0.03622, 0.03622, 0.03622, 0.03622, 0.03622, 0.03377], [0.04313, 0.04313, 0.04313, 0.04022, 0.0375, 0.04313, 0.04626, 0.04313, 0.04022, 0.0375, 0.04313, 0.04313, 0.04313, 0.04022, 0.0375, 0.04022, 0.04022, 0.04022, 0.0375, 0.03496, 0.0375, 0.0375, 0.0375, 0.03496, 0.03496], [0.03979, 0.03979, 0.03979, 0.0371, 0.03459, 0.04268, 0.04268, 0.04268, 0.03979, 0.0371, 0.04268, 0.04577, 0.04268, 0.03979, 0.0371, 0.04268, 0.04268, 0.04268, 0.03979, 0.0371, 0.03979, 0.03979, 0.03979, 0.0371, 0.03459], [0.0375, 0.0375, 0.0375, 0.03496, 0.03496, 0.04022, 0.04022, 0.04022, 0.0375, 0.03496, 0.04313, 0.04313, 0.04313, 0.04022, 0.0375, 0.04313, 0.04626, 0.04313, 0.04022, 0.0375, 0.04313, 0.04313, 0.04313, 0.04022, 0.0375], [0.03622, 0.03622, 0.03622, 0.03622, 0.03377, 0.03884, 0.03884, 0.03884, 0.03622, 0.03622, 0.04166, 0.04166, 0.04166, 0.03884, 0.03622, 0.04468, 0.04468, 0.04468, 0.04166, 0.03884, 0.04468, 0.04792, 0.04468, 0.04166, 0.03884], [0.04122, 0.04421, 0.04741, 0.04421, 0.04122, 0.04122, 0.04421, 0.04421, 0.04421, 0.04122, 0.03843, 0.04122, 0.04122, 0.04122, 0.03843, 0.03583, 0.03843, 0.03843, 0.03843, 0.03583, 0.03583, 0.03583, 0.03583, 0.03583, 0.03583], [0.03979, 0.04268, 0.04268, 0.04268, 0.03979, 0.03979, 0.04268, 0.04577, 0.04268, 0.03979, 0.03979, 0.04268, 0.04268, 0.04268, 0.03979, 0.0371, 0.03979, 0.03979, 0.03979, 0.0371, 0.03459, 0.0371, 0.0371, 0.0371, 0.03459], [0.03662, 0.03928, 0.03928, 0.03928, 0.03662, 0.03928, 0.04213, 0.04213, 0.04213, 0.03928, 0.03928, 0.04213, 0.04518, 0.04213, 0.03928, 0.03928, 0.04213, 0.04213, 0.04213, 0.03928, 0.03662, 0.03928, 0.03928, 0.03928, 0.03662], [0.03459, 0.0371, 0.0371, 0.0371, 0.03459, 0.0371, 0.03979, 0.03979, 0.03979, 0.0371, 0.03979, 0.04268, 0.04268, 0.04268, 0.03979, 0.03979, 0.04268, 0.04577, 0.04268, 0.03979, 0.03979, 0.04268, 0.04268, 0.04268, 0.03979], [0.03583, 0.03583, 0.03583, 0.03583, 0.03583, 0.03583, 0.03843, 0.03843, 0.03843, 0.03583, 0.03843, 0.04122, 0.04122, 0.04122, 0.03843, 0.04122, 0.04421, 0.04421, 0.04421, 0.04122, 0.04122, 0.04421, 0.04741, 0.04421, 0.04122], [0.03884, 0.04166, 0.04468, 0.04792, 0.04468, 0.03884, 0.04166, 0.04468, 0.04468, 0.04468, 0.03622, 0.03884, 0.04166, 0.04166, 0.04166, 0.03622, 0.03622, 0.03884, 0.03884, 0.03884, 0.03377, 0.03622, 0.03622, 0.03622, 0.03622], [0.0375, 0.04022, 0.04313, 0.04313, 0.04313, 0.0375, 0.04022, 0.04313, 0.04626, 0.04313, 0.0375, 0.04022, 0.04313, 0.04313, 0.04313, 0.03496, 0.0375, 0.04022, 0.04022, 0.04022, 0.03496, 0.03496, 0.0375, 0.0375, 0.0375], [0.03459, 0.0371, 0.03979, 0.03979, 0.03979, 0.0371, 0.03979, 0.04268, 0.04268, 0.04268, 0.0371, 0.03979, 0.04268, 0.04577, 0.04268, 0.0371, 0.03979, 0.04268, 0.04268, 0.04268, 0.03459, 0.0371, 0.03979, 0.03979, 0.03979], [0.03496, 0.03496, 0.0375, 0.0375, 0.0375, 0.03496, 0.0375, 0.04022, 0.04022, 0.04022, 0.0375, 0.04022, 0.04313, 0.04313, 0.04313, 0.0375, 0.04022, 0.04313, 0.04626, 0.04313, 0.0375, 0.04022, 0.04313, 0.04313, 0.04313], [0.03377, 0.03622, 0.03622, 0.03622, 0.03622, 0.03622, 0.03622, 0.03884, 0.03884, 0.03884, 0.03622, 0.03884, 0.04166, 0.04166, 0.04166, 0.03884, 0.04166, 0.04468, 0.04468, 0.04468, 0.03884, 0.04166, 0.04468, 0.04792, 0.04468], [0.03742, 0.04014, 0.04305, 0.04617, 0.04951, 0.03742, 0.04014, 0.04305, 0.04617, 0.04617, 0.03742, 0.03742, 0.04014, 0.04305, 0.04305, 0.03489, 0.03742, 0.03742, 0.04014, 0.04014, 0.03253, 0.03489, 0.03742, 0.03742, 0.03742], [0.03622, 0.03884, 0.04166, 0.04468, 0.04468, 0.03622, 0.03884, 0.04166, 0.04468, 0.04792, 0.03622, 0.03884, 0.04166, 0.04468, 0.04468, 0.03622, 0.03622, 0.03884, 0.04166, 0.04166, 0.03377, 0.03622, 0.03622, 0.03884, 0.03884], [0.03583, 0.03583, 0.03843, 0.04122, 0.04122, 0.03583, 0.03843, 0.04122, 0.04421, 0.04421, 0.03583, 0.03843, 0.04122, 0.04421, 0.04741, 0.03583, 0.03843, 0.04122, 0.04421, 0.04421, 0.03583, 0.03583, 0.03843, 0.04122, 0.04122], [0.03377, 0.03622, 0.03622, 0.03884, 0.03884, 0.03622, 0.03622, 0.03884, 0.04166, 0.04166, 0.03622, 0.03884, 0.04166, 0.04468, 0.04468, 0.03622, 0.03884, 0.04166, 0.04468, 0.04792, 0.03622, 0.03884, 0.04166, 0.04468, 0.04468], [0.03253, 0.03489, 0.03742, 0.03742, 0.03742, 0.03489, 0.03742, 0.03742, 0.04014, 0.04014, 0.03742, 0.03742, 0.04014, 0.04305, 0.04305, 0.03742, 0.04014, 0.04305, 0.04617, 0.04617, 0.03742, 0.04014, 0.04305, 0.04617, 0.04951]]