[[0.08829, 0.06673, 0.05043, 0.03811, 0.02881, 0.06673, 0.06673, 0.05043, 0.03811, 0.02881, 0.05043, 0.05043, 0.03811, 0.02881, 0.02881, 0.03811, 0.03811, 0.02881, 0.02881, 0.02177, 0.02881, 0.02881, 0.02881, 0.02177, 0.01645], [0.05925, 0.05925, 0.04478, 0.03384, 0.02558, 0.0784, 0.05925, 0.04478, 0.03384, 0.02558, 0.05925, 0.05925, 0.04478, 0.03384, 0.02558, 0.04478, 0.04478, 0.03384, 0.02558, 0.02558, 0.03384, 0.03384, 0.02558, 0.02558, 0.01933], [0.04321, 0.04321, 0.03266, 0.02468, 0.02468, 0.05717, 0.05717, 0.04321, 0.03266, 0.02468, 0.07564, 0.05717, 0.04321, 0.03266, 0.02468, 0.05717, 0.05717, 0.04321, 0.03266, 0.02468, 0.04321, 0.04321, 0.03266, 0.02468, 0.02468], [0.03384, 0.03384, 0.02558, 0.02558, 0.01933, 0.04478, 0.04478, 0.03384, 0.02558, 0.02558, 0.05925, 0.05925, 0.04478, 0.03384, 0.02558, 0.0784, 0.05925, 0.04478, 0.03384, 0.02558, 0.05925, 0.05925, 0.04478, 0.03384, 0.02558], [0.02881, 0.02881, 0.02881, 0.02177, 0.01645, 0.03811, 0.03811, 0.02881, 0.02881, 0.02177, 0.05043, 0.05043, 0.03811, 0.02881, 0.02881, 0.06673, 0.06673, 0.05043, 0.03811, 0.02881, 0.08829, 0.06673, 0.05043, 0.03811, 0.02881], [0.05925, 0.0784, 0.05925, 0.04478, 0.03384, 0.05925, 0.05925, 0.05925, 0.04478, 0.03384, 0.04478, 0.04478, 0.04478, 0.03384, 0.02558, 0.03384, 0.03384, 0.03384, 0.02558, 0.02558, 0.02558, 0.02558, 0.02558, 0.02558, 0.01933], [0.05222, 0.05222, 0.05222, 0.03946, 0.02983, 0.05222, 0.06909, 0.05222, 0.03946, 0.02983, 0.05222, 0.05222, 0.05222, 0.03946, 0.02983, 0.03946, 0.03946, 0.03946, 0.02983, 0.02254, 0.02983, 0.02983, 0.02983, 0.02254, 0.02254], [0.03809, 0.03809, 0.03809, 0.02878, 0.02175, 0.05039, 0.05039, 0.05039, 0.03809, 0.02878, 0.05039, 0.06667, 0.05039, 0.03809, 0.02878, 0.05039, 0.05039, 0.05039, 0.03809, 0.02878, 0.03809, 0.03809, 0.03809, 0.02878, 0.02175], [0.02983, 0.02983, 0.02983, 0.02254, 0.02254, 0.03946, 0.03946, 0.03946, 0.02983, 0.02254, 0.05222, 0.05222, 0.05222, 0.03946, 0.02983, 0.05222, 0.06909, 0.05222, 0.03946, 0.02983, 0.05222, 0.05222, 0.05222, 0.03946, 0.02983], [0.02558, 0.02558, 0.02558, 0.02558, 0.01933, 0.03384, 0.03384, 0.03384, 0.02558, 0.02558, 0.04478, 0.04478, 0.04478, 0.03384, 0.02558, 0.05925, 0.05925, 0.05925, 0.04478, 0.03384, 0.05925, 0.0784, 0.05925, 0.04478, 0.03384], [0.04321, 0.05717, 0.07564, 0.05717, 0.04321, 0.04321, 0.05717, 0.05717, 0.05717, 0.04321, 0.03266, 0.04321, 0.04321, 0.04321, 0.03266, 0.02468, 0.03266, 0.03266, 0.03266, 0.02468, 0.02468, 0.02468, 0.02468, 0.02468, 0.02468], [0.03809, 0.05039, 0.05039, 0.05039, 0.03809, 0.03809, 0.05039, 0.06667, 0.05039, 0.03809, 0.03809, 0.05039, 0.05039, 0.05039, 0.03809, 0.02878, 0.03809, 0.03809, 0.03809, 0.02878, 0.02175, 0.02878, 0.02878, 0.02878, 0.02175], [0.02762, 0.03655, 0.03655, 0.03655, 0.02762, 0.03655, 0.04836, 0.04836, 0.04836, 0.03655, 0.03655, 0.04836, 0.06399, 0.04836, 0.03655, 0.03655, 0.04836, 0.04836, 0.04836, 0.03655, 0.02762, 0.03655, 0.03655, 0.03655, 0.02762], [0.02175, 0.02878, 0.02878, 0.02878, 0.02175, 0.02878, 0.03809, 0.03809, 0.03809, 0.02878, 0.03809, 0.05039, 0.05039, 0.05039, 0.03809, 0.03809, 0.05039, 0.06667, 0.05039, 0.03809, 0.03809, 0.05039, 0.05039, 0.05039, 0.03809], [0.02468, 0.02468, 0.02468, 0.02468, 0.02468, 0.02468, 0.03266, 0.03266, 0.03266, 0.02468, 0.03266, 0.04321, 0.04321, 0.04321, 0.03266, 0.04321, 0.05717, 0.05717, 0.05717, 0.04321, 0.04321, 0.05717, 0.07564, 0.05717, 0.04321], [0.03384, 0.04478, 0.05925, 0.0784, 0.05925, 0.03384, 0.04478, 0.05925, 0.05925, 0.05925, 0.02558, 0.03384, 0.04478, 0.04478, 0.04478, 0.02558, 0.02558, 0.03384, 0.03384, 0.03384, 0.01933, 0.02558, 0.02558, 0.02558, 0.02558], [0.02983, 0.03946, 0.05222, 0.05222, 0.05222, 0.02983, 0.03946, 0.05222, 0.06909, 0.05222, 0.02983, 0.03946, 0.05222, 0.05222, 0.05222, 0.02254, 0.02983, 0.03946, 0.03946, 0.03946, 0.02254, 0.02254, 0.02983, 0.02983, 0.02983], [0.02175, 0.02878, 0.03809, 0.03809, 0.03809, 0.02878, 0.03809, 0.05039, 0.05039, 0.05039, 0.02878, 0.03809, 0.05039, 0.06667, 0.05039, 0.02878, 0.03809, 0.05039, 0.05039, 0.05039, 0.02175, 0.02878, 0.03809, 0.03809, 0.03809], [0.02254, 0.02254, 0.02983, 0.02983, 0.02983, 0.02254, 0.02983, 0.03946, 0.03946, 0.03946, 0.02983, 0.03946, 0.05222, 0.05222, 0.05222, 0.02983, 0.03946, 0.05222, 0.06909, 0.05222, 0.02983, 0.03946, 0.05222, 0.05222, 0.05222], [0.01933, 0.02558, 0.02558, 0.02558, 0.02558, 0.02558, 0.02558, 0.03384, 0.03384, 0.03384, 0.02558, 0.03384, 0.04478, 0.04478, 0.04478, 0.03384, 0.04478, 0.05925, 0.05925, 0.05925, 0.03384, 0.04478, 0.05925, 0.0784, 0.05925], [0.02881, 0.03811, 0.05043, 0.06673, 0.08829, 0.02881, 0.03811, 0.05043, 0.06673, 0.06673, 0.02881, 0.02881, 0.03811, 0.05043, 0.05043, 0.02177, 0.02881, 0.02881, 0.03811, 0.03811, 0.01645, 0.02177, 0.02881, 0.02881, 0.02881], [0.02558, 0.03384, 0.04478, 0.05925, 0.05925, 0.02558, 0.03384, 0.04478, 0.05925, 0.0784, 0.02558, 0.03384, 0.04478, 0.05925, 0.05925, 0.02558, 0.02558, 0.03384, 0.04478, 0.04478, 0.01933, 0.02558, 0.02558, 0.03384, 0.03384], [0.02468, 0.02468, 0.03266, 0.04321, 0.04321, 0.02468, 0.03266, 0.04321, 0.05717, 0.05717, 0.02468, 0.03266, 0.04321, 0.05717, 0.07564, 0.02468, 0.03266, 0.04321, 0.05717, 0.05717, 0.02468, 0.02468, 0.03266, 0.04321, 0.04321], [0.01933, 0.02558, 0.02558, 0.03384, 0.03384, 0.02558, 0.02558, 0.03384, 0.04478, 0.04478, 0.02558, 0.03384, 0.04478, 0.05925, 0.05925, 0.02558, 0.03384, 0.04478, 0.05925, 0.0784, 0.02558, 0.03384, 0.04478, 0.05925, 0.05925], [0.01645, 0.02177, 0.02881, 0.02881, 0.02881, 0.02177, 0.02881, 0.02881, 0.03811, 0.03811, 0.02881, 0.02881, 0.03811, 0.05043, 0.05043, 0.02881, 0.03811, 0.05043, 0.06673, 0.06673, 0.02881, 0.03811, 0.05043, 0.06673, 0.08829]]