[[0.04236, 0.04159, 0.04082, 0.04007, 0.03934, 0.04159, 0.04159, 0.04082, 0.04007, 0.03934, 0.04082, 0.04082, 0.04007, 0.03934, 0.03934, 0.04007, 0.04007, 0.03934, 0.03934, 0.03862, 0.03934, 0.03934, 0.03934, 0.03862, 0.03791], [0.04122, 0.04199, 0.04122, 0.04046, 0.03972, 0.04122, 0.04122, 0.04122, 0.04046, 0.03972, 0.04046, 0.04046, 0.04046, 0.03972, 0.03899, 0.03972, 0.03972, 0.03972, 0.03899, 0.03899, 0.03899, 0.03899, 0.03899, 0.03899, 0.03828], [0.04035, 0.0411, 0.04187, 0.0411, 0.04035, 0.04035, 0.0411, 0.0411, 0.0411, 0.04035, 0.03961, 0.04035, 0.04035, 0.04035, 0.03961, 0.03888, 0.03961, 0.03961, 0.03961, 0.03888, 0.03888, 0.03888, 0.03888, 0.03888, 0.03888], [0.03972, 0.04046, 0.04122, 0.04199, 0.04122, 0.03972, 0.04046, 0.04122, 0.04122, 0.04122, 0.03899, 0.03972, 0.04046, 0.04046, 0.04046, 0.03899, 0.03899, 0.03972, 0.03972, 0.03972, 0.03828, 0.03899, 0.03899, 0.03899, 0.03899], [0.03934, 0.04007, 0.04082, 0.04159, 0.04236, 0.03934, 0.04007, 0.04082, 0.04159, 0.04159, 0.03934, 0.03934, 0.04007, 0.04082, 0.04082, 0.03862, 0.03934, 0.03934, 0.04007, 0.04007, 0.03791, 0.03862, 0.03934, 0.03934, 0.03934], [0.04122, 0.04122, 0.04046, 0.03972, 0.03899, 0.04199, 0.04122, 0.04046, 0.03972, 0.03899, 0.04122, 0.04122, 0.04046, 0.03972, 0.03899, 0.04046, 0.04046, 0.03972, 0.03899, 0.03899, 0.03972, 0.03972, 0.03899, 0.03899, 0.03828], [0.04083, 0.04083, 0.04083, 0.04008, 0.03935, 0.04083, 0.04159, 0.04083, 0.04008, 0.03935, 0.04083, 0.04083, 0.04083, 0.04008, 0.03935, 0.04008, 0.04008, 0.04008, 0.03935, 0.03862, 0.03935, 0.03935, 0.03935, 0.03862, 0.03862], [0.03996, 0.04071, 0.04071, 0.04071, 0.03996, 0.03996, 0.04071, 0.04147, 0.04071, 0.03996, 0.03996, 0.04071, 0.04071, 0.04071, 0.03996, 0.03923, 0.03996, 0.03996, 0.03996, 0.03923, 0.03851, 0.03923, 0.03923, 0.03923, 0.03851], [0.03935, 0.04008, 0.04083, 0.04083, 0.04083, 0.03935, 0.04008, 0.04083, 0.04159, 0.04083, 0.03935, 0.04008, 0.04083, 0.04083, 0.04083, 0.03862, 0.03935, 0.04008, 0.04008, 0.04008, 0.03862, 0.03862, 0.03935, 0.03935, 0.03935], [0.03899, 0.03972, 0.04046, 0.04122, 0.04122, 0.03899, 0.03972, 0.04046, 0.04122, 0.04199, 0.03899, 0.03972, 0.04046, 0.04122, 0.04122, 0.03899, 0.03899, 0.03972, 0.04046, 0.04046, 0.03828, 0.03899, 0.03899, 0.03972, 0.03972], [0.04035, 0.04035, 0.03961, 0.03888, 0.03888, 0.0411, 0.0411, 0.04035, 0.03961, 0.03888, 0.04187, 0.0411, 0.04035, 0.03961, 0.03888, 0.0411, 0.0411, 0.04035, 0.03961, 0.03888, 0.04035, 0.04035, 0.03961, 0.03888, 0.03888], [0.03996, 0.03996, 0.03996, 0.03923, 0.03851, 0.04071, 0.04071, 0.04071, 0.03996, 0.03923, 0.04071, 0.04147, 0.04071, 0.03996, 0.03923, 0.04071, 0.04071, 0.04071, 0.03996, 0.03923, 0.03996, 0.03996, 0.03996, 0.03923, 0.03851], [0.03909, 0.03982, 0.03982, 0.03982, 0.03909, 0.03982, 0.04056, 0.04056, 0.04056, 0.03982, 0.03982, 0.04056, 0.04132, 0.04056, 0.03982, 0.03982, 0.04056, 0.04056, 0.04056, 0.03982, 0.03909, 0.03982, 0.03982, 0.03982, 0.03909], [0.03851, 0.03923, 0.03996, 0.03996, 0.03996, 0.03923, 0.03996, 0.04071, 0.04071, 0.04071, 0.03923, 0.03996, 0.04071, 0.04147, 0.04071, 0.03923, 0.03996, 0.04071, 0.04071, 0.04071, 0.03851, 0.03923, 0.03996, 0.03996, 0.03996], [0.03888, 0.03888, 0.03961, 0.04035, 0.04035, 0.03888, 0.03961, 0.04035, 0.0411, 0.0411, 0.03888, 0.03961, 0.04035, 0.0411, 0.04187, 0.03888, 0.03961, 0.04035, 0.0411, 0.0411, 0.03888, 0.03888, 0.03961, 0.04035, 0.04035], [0.03972, 0.03972, 0.03899, 0.03899, 0.03828, 0.04046, 0.04046, 0.03972, 0.03899, 0.03899, 0.04122, 0.04122, 0.04046, 0.03972, 0.03899, 0.04199, 0.04122, 0.04046, 0.03972, 0.03899, 0.04122, 0.04122, 0.04046, 0.03972, 0.03899], [0.03935, 0.03935, 0.03935, 0.03862, 0.03862, 0.04008, 0.04008, 0.04008, 0.03935, 0.03862, 0.04083, 0.04083, 0.04083, 0.04008, 0.03935, 0.04083, 0.04159, 0.04083, 0.04008, 0.03935, 0.04083, 0.04083, 0.04083, 0.04008, 0.03935], [0.03851, 0.03923, 0.03923, 0.03923, 0.03851, 0.03923, 0.03996, 0.03996, 0.03996, 0.03923, 0.03996, 0.04071, 0.04071, 0.04071, 0.03996, 0.03996, 0.04071, 0.04147, 0.04071, 0.03996, 0.03996, 0.04071, 0.04071, 0.04071, 0.03996], [0.03862, 0.03862, 0.03935, 0.03935, 0.03935, 0.03862, 0.03935, 0.04008, 0.04008, 0.04008, 0.03935, 0.04008, 0.04083, 0.04083, 0.04083, 0.03935, 0.04008, 0.04083, 0.04159, 0.04083, 0.03935, 0.04008, 0.04083, 0.04083, 0.04083], [0.03828, 0.03899, 0.03899, 0.03972, 0.03972, 0.03899, 0.03899, 0.03972, 0.04046, 0.04046, 0.03899, 0.03972, 0.04046, 0.04122, 0.04122, 0.03899, 0.03972, 0.04046, 0.04122, 0.04199, 0.03899, 0.03972, 0.04046, 0.04122, 0.04122], [0.03934, 0.03934, 0.03934, 0.03862, 0.03791, 0.04007, 0.04007, 0.03934, 0.03934, 0.03862, 0.04082, 0.04082, 0.04007, 0.03934, 0.03934, 0.04159, 0.04159, 0.04082, 0.04007, 0.03934, 0.04236, 0.04159, 0.04082, 0.04007, 0.03934], [0.03899, 0.03899, 0.03899, 0.03899, 0.03828, 0.03972, 0.03972, 0.03972, 0.03899, 0.03899, 0.04046, 0.04046, 0.04046, 0.03972, 0.03899, 0.04122, 0.04122, 0.04122, 0.04046, 0.03972, 0.04122, 0.04199, 0.04122, 0.04046, 0.03972], [0.03888, 0.03888, 0.03888, 0.03888, 0.03888, 0.03888, 0.03961, 0.03961, 0.03961, 0.03888, 0.03961, 0.04035, 0.04035, 0.04035, 0.03961, 0.04035, 0.0411, 0.0411, 0.0411, 0.04035, 0.04035, 0.0411, 0.04187, 0.0411, 0.04035], [0.03828, 0.03899, 0.03899, 0.03899, 0.03899, 0.03899, 0.03899, 0.03972, 0.03972, 0.03972, 0.03899, 0.03972, 0.04046, 0.04046, 0.04046, 0.03972, 0.04046, 0.04122, 0.04122, 0.04122, 0.03972, 0.04046, 0.04122, 0.04199, 0.04122], [0.03791, 0.03862, 0.03934, 0.03934, 0.03934, 0.03862, 0.03934, 0.03934, 0.04007, 0.04007, 0.03934, 0.03934, 0.04007, 0.04082, 0.04082, 0.03934, 0.04007, 0.04082, 0.04159, 0.04159, 0.03934, 0.04007, 0.04082, 0.04159, 0.04236]]