[[0.04171, 0.04115, 0.0406, 0.04006, 0.03952, 0.04115, 0.04115, 0.0406, 0.04006, 0.03952, 0.0406, 0.0406, 0.04006, 0.03952, 0.03952, 0.04006, 0.04006, 0.03952, 0.03952, 0.03899, 0.03952, 0.03952, 0.03952, 0.03899, 0.03847], [0.04089, 0.04144, 0.04089, 0.04034, 0.0398, 0.04089, 0.04089, 0.04089, 0.04034, 0.0398, 0.04034, 0.04034, 0.04034, 0.0398, 0.03927, 0.0398, 0.0398, 0.0398, 0.03927, 0.03927, 0.03927, 0.03927, 0.03927, 0.03927, 0.03874], [0.04025, 0.0408, 0.04136, 0.0408, 0.04025, 0.04025, 0.0408, 0.0408, 0.0408, 0.04025, 0.03971, 0.04025, 0.04025, 0.04025, 0.03971, 0.03918, 0.03971, 0.03971, 0.03971, 0.03918, 0.03918, 0.03918, 0.03918, 0.03918, 0.03918], [0.0398, 0.04034, 0.04089, 0.04144, 0.04089, 0.0398, 0.04034, 0.04089, 0.04089, 0.04089, 0.03927, 0.0398, 0.04034, 0.04034, 0.04034, 0.03927, 0.03927, 0.0398, 0.0398, 0.0398, 0.03874, 0.03927, 0.03927, 0.03927, 0.03927], [0.03952, 0.04006, 0.0406, 0.04115, 0.04171, 0.03952, 0.04006, 0.0406, 0.04115, 0.04115, 0.03952, 0.03952, 0.04006, 0.0406, 0.0406, 0.03899, 0.03952, 0.03952, 0.04006, 0.04006, 0.03847, 0.03899, 0.03952, 0.03952, 0.03952], [0.04089, 0.04089, 0.04034, 0.0398, 0.03927, 0.04144, 0.04089, 0.04034, 0.0398, 0.03927, 0.04089, 0.04089, 0.04034, 0.0398, 0.03927, 0.04034, 0.04034, 0.0398, 0.03927, 0.03927, 0.0398, 0.0398, 0.03927, 0.03927, 0.03874], [0.0406, 0.0406, 0.0406, 0.04006, 0.03952, 0.0406, 0.04116, 0.0406, 0.04006, 0.03952, 0.0406, 0.0406, 0.0406, 0.04006, 0.03952, 0.04006, 0.04006, 0.04006, 0.03952, 0.03899, 0.03952, 0.03952, 0.03952, 0.03899, 0.03899], [0.03997, 0.04052, 0.04052, 0.04052, 0.03997, 0.03997, 0.04052, 0.04107, 0.04052, 0.03997, 0.03997, 0.04052, 0.04052, 0.04052, 0.03997, 0.03944, 0.03997, 0.03997, 0.03997, 0.03944, 0.03891, 0.03944, 0.03944, 0.03944, 0.03891], [0.03952, 0.04006, 0.0406, 0.0406, 0.0406, 0.03952, 0.04006, 0.0406, 0.04116, 0.0406, 0.03952, 0.04006, 0.0406, 0.0406, 0.0406, 0.03899, 0.03952, 0.04006, 0.04006, 0.04006, 0.03899, 0.03899, 0.03952, 0.03952, 0.03952], [0.03927, 0.0398, 0.04034, 0.04089, 0.04089, 0.03927, 0.0398, 0.04034, 0.04089, 0.04144, 0.03927, 0.0398, 0.04034, 0.04089, 0.04089, 0.03927, 0.03927, 0.0398, 0.04034, 0.04034, 0.03874, 0.03927, 0.03927, 0.0398, 0.0398], [0.04025, 0.04025, 0.03971, 0.03918, 0.03918, 0.0408, 0.0408, 0.04025, 0.03971, 0.03918, 0.04136, 0.0408, 0.04025, 0.03971, 0.03918, 0.0408, 0.0408, 0.04025, 0.03971, 0.03918, 0.04025, 0.04025, 0.03971, 0.03918, 0.03918], [0.03997, 0.03997, 0.03997, 0.03944, 0.03891, 0.04052, 0.04052, 0.04052, 0.03997, 0.03944, 0.04052, 0.04107, 0.04052, 0.03997, 0.03944, 0.04052, 0.04052, 0.04052, 0.03997, 0.03944, 0.03997, 0.03997, 0.03997, 0.03944, 0.03891], [0.03933, 0.03987, 0.03987, 0.03987, 0.03933, 0.03987, 0.04041, 0.04041, 0.04041, 0.03987, 0.03987, 0.04041, 0.04096, 0.04041, 0.03987, 0.03987, 0.04041, 0.04041, 0.04041, 0.03987, 0.03933, 0.03987, 0.03987, 0.03987, 0.03933], [0.03891, 0.03944, 0.03997, 0.03997, 0.03997, 0.03944, 0.03997, 0.04052, 0.04052, 0.04052, 0.03944, 0.03997, 0.04052, 0.04107, 0.04052, 0.03944, 0.03997, 0.04052, 0.04052, 0.04052, 0.03891, 0.03944, 0.03997, 0.03997, 0.03997], [0.03918, 0.03918, 0.03971, 0.04025, 0.04025, 0.03918, 0.03971, 0.04025, 0.0408, 0.0408, 0.03918, 0.03971, 0.04025, 0.0408, 0.04136, 0.03918, 0.03971, 0.04025, 0.0408, 0.0408, 0.03918, 0.03918, 0.03971, 0.04025, 0.04025], [0.0398, 0.0398, 0.03927, 0.03927, 0.03874, 0.04034, 0.04034, 0.0398, 0.03927, 0.03927, 0.04089, 0.04089, 0.04034, 0.0398, 0.03927, 0.04144, 0.04089, 0.04034, 0.0398, 0.03927, 0.04089, 0.04089, 0.04034, 0.0398, 0.03927], [0.03952, 0.03952, 0.03952, 0.03899, 0.03899, 0.04006, 0.04006, 0.04006, 0.03952, 0.03899, 0.0406, 0.0406, 0.0406, 0.04006, 0.03952, 0.0406, 0.04116, 0.0406, 0.04006, 0.03952, 0.0406, 0.0406, 0.0406, 0.04006, 0.03952], [0.03891, 0.03944, 0.03944, 0.03944, 0.03891, 0.03944, 0.03997, 0.03997, 0.03997, 0.03944, 0.03997, 0.04052, 0.04052, 0.04052, 0.03997, 0.03997, 0.04052, 0.04107, 0.04052, 0.03997, 0.03997, 0.04052, 0.04052, 0.04052, 0.03997], [0.03899, 0.03899, 0.03952, 0.03952, 0.03952, 0.03899, 0.03952, 0.04006, 0.04006, 0.04006, 0.03952, 0.04006, 0.0406, 0.0406, 0.0406, 0.03952, 0.04006, 0.0406, 0.04116, 0.0406, 0.03952, 0.04006, 0.0406, 0.0406, 0.0406], [0.03874, 0.03927, 0.03927, 0.0398, 0.0398, 0.03927, 0.03927, 0.0398, 0.04034, 0.04034, 0.03927, 0.0398, 0.04034, 0.04089, 0.04089, 0.03927, 0.0398, 0.04034, 0.04089, 0.04144, 0.03927, 0.0398, 0.04034, 0.04089, 0.04089], [0.03952, 0.03952, 0.03952, 0.03899, 0.03847, 0.04006, 0.04006, 0.03952, 0.03952, 0.03899, 0.0406, 0.0406, 0.04006, 0.03952, 0.03952, 0.04115, 0.04115, 0.0406, 0.04006, 0.03952, 0.04171, 0.04115, 0.0406, 0.04006, 0.03952], [0.03927, 0.03927, 0.03927, 0.03927, 0.03874, 0.0398, 0.0398, 0.0398, 0.03927, 0.03927, 0.04034, 0.04034, 0.04034, 0.0398, 0.03927, 0.04089, 0.04089, 0.04089, 0.04034, 0.0398, 0.04089, 0.04144, 0.04089, 0.04034, 0.0398], [0.03918, 0.03918, 0.03918, 0.03918, 0.03918, 0.03918, 0.03971, 0.03971, 0.03971, 0.03918, 0.03971, 0.04025, 0.04025, 0.04025, 0.03971, 0.04025, 0.0408, 0.0408, 0.0408, 0.04025, 0.04025, 0.0408, 0.04136, 0.0408, 0.04025], [0.03874, 0.03927, 0.03927, 0.03927, 0.03927, 0.03927, 0.03927, 0.0398, 0.0398, 0.0398, 0.03927, 0.0398, 0.04034, 0.04034, 0.04034, 0.0398, 0.04034, 0.04089, 0.04089, 0.04089, 0.0398, 0.04034, 0.04089, 0.04144, 0.04089], [0.03847, 0.03899, 0.03952, 0.03952, 0.03952, 0.03899, 0.03952, 0.03952, 0.04006, 0.04006, 0.03952, 0.03952, 0.04006, 0.0406, 0.0406, 0.03952, 0.04006, 0.0406, 0.04115, 0.04115, 0.03952, 0.04006, 0.0406, 0.04115, 0.04171]]