[[0.04101, 0.04068, 0.04036, 0.04004, 0.03972, 0.04068, 0.04068, 0.04036, 0.04004, 0.03972, 0.04036, 0.04036, 0.04004, 0.03972, 0.03972, 0.04004, 0.04004, 0.03972, 0.03972, 0.0394, 0.03972, 0.03972, 0.03972, 0.0394, 0.03909], [0.04053, 0.04085, 0.04053, 0.0402, 0.03988, 0.04053, 0.04053, 0.04053, 0.0402, 0.03988, 0.0402, 0.0402, 0.0402, 0.03988, 0.03957, 0.03988, 0.03988, 0.03988, 0.03957, 0.03957, 0.03957, 0.03957, 0.03957, 0.03957, 0.03925], [0.04015, 0.04047, 0.0408, 0.04047, 0.04015, 0.04015, 0.04047, 0.04047, 0.04047, 0.04015, 0.03983, 0.04015, 0.04015, 0.04015, 0.03983, 0.03951, 0.03983, 0.03983, 0.03983, 0.03951, 0.03951, 0.03951, 0.03951, 0.03951, 0.03951], [0.03988, 0.0402, 0.04053, 0.04085, 0.04053, 0.03988, 0.0402, 0.04053, 0.04053, 0.04053, 0.03957, 0.03988, 0.0402, 0.0402, 0.0402, 0.03957, 0.03957, 0.03988, 0.03988, 0.03988, 0.03925, 0.03957, 0.03957, 0.03957, 0.03957], [0.03972, 0.04004, 0.04036, 0.04068, 0.04101, 0.03972, 0.04004, 0.04036, 0.04068, 0.04068, 0.03972, 0.03972, 0.04004, 0.04036, 0.04036, 0.0394, 0.03972, 0.03972, 0.04004, 0.04004, 0.03909, 0.0394, 0.03972, 0.03972, 0.03972], [0.04053, 0.04053, 0.0402, 0.03988, 0.03957, 0.04085, 0.04053, 0.0402, 0.03988, 0.03957, 0.04053, 0.04053, 0.0402, 0.03988, 0.03957, 0.0402, 0.0402, 0.03988, 0.03957, 0.03957, 0.03988, 0.03988, 0.03957, 0.03957, 0.03925], [0.04036, 0.04036, 0.04036, 0.04004, 0.03972, 0.04036, 0.04068, 0.04036, 0.04004, 0.03972, 0.04036, 0.04036, 0.04036, 0.04004, 0.03972, 0.04004, 0.04004, 0.04004, 0.03972, 0.0394, 0.03972, 0.03972, 0.03972, 0.0394, 0.0394], [0.03999, 0.04031, 0.04031, 0.04031, 0.03999, 0.03999, 0.04031, 0.04063, 0.04031, 0.03999, 0.03999, 0.04031, 0.04031, 0.04031, 0.03999, 0.03967, 0.03999, 0.03999, 0.03999, 0.03967, 0.03935, 0.03967, 0.03967, 0.03967, 0.03935], [0.03972, 0.04004, 0.04036, 0.04036, 0.04036, 0.03972, 0.04004, 0.04036, 0.04068, 0.04036, 0.03972, 0.04004, 0.04036, 0.04036, 0.04036, 0.0394, 0.03972, 0.04004, 0.04004, 0.04004, 0.0394, 0.0394, 0.03972, 0.03972, 0.03972], [0.03957, 0.03988, 0.0402, 0.04053, 0.04053, 0.03957, 0.03988, 0.0402, 0.04053, 0.04085, 0.03957, 0.03988, 0.0402, 0.04053, 0.04053, 0.03957, 0.03957, 0.03988, 0.0402, 0.0402, 0.03925, 0.03957, 0.03957, 0.03988, 0.03988], [0.04015, 0.04015, 0.03983, 0.03951, 0.03951, 0.04047, 0.04047, 0.04015, 0.03983, 0.03951, 0.0408, 0.04047, 0.04015, 0.03983, 0.03951, 0.04047, 0.04047, 0.04015, 0.03983, 0.03951, 0.04015, 0.04015, 0.03983, 0.03951, 0.03951], [0.03999, 0.03999, 0.03999, 0.03967, 0.03935, 0.04031, 0.04031, 0.04031, 0.03999, 0.03967, 0.04031, 0.04063, 0.04031, 0.03999, 0.03967, 0.04031, 0.04031, 0.04031, 0.03999, 0.03967, 0.03999, 0.03999, 0.03999, 0.03967, 0.03935], [0.0396, 0.03992, 0.03992, 0.03992, 0.0396, 0.03992, 0.04024, 0.04024, 0.04024, 0.03992, 0.03992, 0.04024, 0.04057, 0.04024, 0.03992, 0.03992, 0.04024, 0.04024, 0.04024, 0.03992, 0.0396, 0.03992, 0.03992, 0.03992, 0.0396], [0.03935, 0.03967, 0.03999, 0.03999, 0.03999, 0.03967, 0.03999, 0.04031, 0.04031, 0.04031, 0.03967, 0.03999, 0.04031, 0.04063, 0.04031, 0.03967, 0.03999, 0.04031, 0.04031, 0.04031, 0.03935, 0.03967, 0.03999, 0.03999, 0.03999], [0.03951, 0.03951, 0.03983, 0.04015, 0.04015, 0.03951, 0.03983, 0.04015, 0.04047, 0.04047, 0.03951, 0.03983, 0.04015, 0.04047, 0.0408, 0.03951, 0.03983, 0.04015, 0.04047, 0.04047, 0.03951, 0.03951, 0.03983, 0.04015, 0.04015], [0.03988, 0.03988, 0.03957, 0.03957, 0.03925, 0.0402, 0.0402, 0.03988, 0.03957, 0.03957, 0.04053, 0.04053, 0.0402, 0.03988, 0.03957, 0.04085, 0.04053, 0.0402, 0.03988, 0.03957, 0.04053, 0.04053, 0.0402, 0.03988, 0.03957], [0.03972, 0.03972, 0.03972, 0.0394, 0.0394, 0.04004, 0.04004, 0.04004, 0.03972, 0.0394, 0.04036, 0.04036, 0.04036, 0.04004, 0.03972, 0.04036, 0.04068, 0.04036, 0.04004, 0.03972, 0.04036, 0.04036, 0.04036, 0.04004, 0.03972], [0.03935, 0.03967, 0.03967, 0.03967, 0.03935, 0.03967, 0.03999, 0.03999, 0.03999, 0.03967, 0.03999, 0.04031, 0.04031, 0.04031, 0.03999, 0.03999, 0.04031, 0.04063, 0.04031, 0.03999, 0.03999, 0.04031, 0.04031, 0.04031, 0.03999], [0.0394, 0.0394, 0.03972, 0.03972, 0.03972, 0.0394, 0.03972, 0.04004, 0.04004, 0.04004, 0.03972, 0.04004, 0.04036, 0.04036, 0.04036, 0.03972, 0.04004, 0.04036, 0.04068, 0.04036, 0.03972, 0.04004, 0.04036, 0.04036, 0.04036], [0.03925, 0.03957, 0.03957, 0.03988, 0.03988, 0.03957, 0.03957, 0.03988, 0.0402, 0.0402, 0.03957, 0.03988, 0.0402, 0.04053, 0.04053, 0.03957, 0.03988, 0.0402, 0.04053, 0.04085, 0.03957, 0.03988, 0.0402, 0.04053, 0.04053], [0.03972, 0.03972, 0.03972, 0.0394, 0.03909, 0.04004, 0.04004, 0.03972, 0.03972, 0.0394, 0.04036, 0.04036, 0.04004, 0.03972, 0.03972, 0.04068, 0.04068, 0.04036, 0.04004, 0.03972, 0.04101, 0.04068, 0.04036, 0.04004, 0.03972], [0.03957, 0.03957, 0.03957, 0.03957, 0.03925, 0.03988, 0.03988, 0.03988, 0.03957, 0.03957, 0.0402, 0.0402, 0.0402, 0.03988, 0.03957, 0.04053, 0.04053, 0.04053, 0.0402, 0.03988, 0.04053, 0.04085, 0.04053, 0.0402, 0.03988], [0.03951, 0.03951, 0.03951, 0.03951, 0.03951, 0.03951, 0.03983, 0.03983, 0.03983, 0.03951, 0.03983, 0.04015, 0.04015, 0.04015, 0.03983, 0.04015, 0.04047, 0.04047, 0.04047, 0.04015, 0.04015, 0.04047, 0.0408, 0.04047, 0.04015], [0.03925, 0.03957, 0.03957, 0.03957, 0.03957, 0.03957, 0.03957, 0.03988, 0.03988, 0.03988, 0.03957, 0.03988, 0.0402, 0.0402, 0.0402, 0.03988, 0.0402, 0.04053, 0.04053, 0.04053, 0.03988, 0.0402, 0.04053, 0.04085, 0.04053], [0.03909, 0.0394, 0.03972, 0.03972, 0.03972, 0.0394, 0.03972, 0.03972, 0.04004, 0.04004, 0.03972, 0.03972, 0.04004, 0.04036, 0.04036, 0.03972, 0.04004, 0.04036, 0.04068, 0.04068, 0.03972, 0.04004, 0.04036, 0.04068, 0.04101]]