[[0.09054, 0.06775, 0.05069, 0.03793, 0.02838, 0.06775, 0.06775, 0.05069, 0.03793, 0.02838, 0.05069, 0.05069, 0.03793, 0.02838, 0.02838, 0.03793, 0.03793, 0.02838, 0.02838, 0.02124, 0.02838, 0.02838, 0.02838, 0.02124, 0.01589], [0.05994, 0.05994, 0.04485, 0.03356, 0.02511, 0.08011, 0.05994, 0.04485, 0.03356, 0.02511, 0.05994, 0.05994, 0.04485, 0.03356, 0.02511, 0.04485, 0.04485, 0.03356, 0.02511, 0.02511, 0.03356, 0.03356, 0.02511, 0.02511, 0.01879], [0.04324, 0.04324, 0.03235, 0.02421, 0.02421, 0.05778, 0.05778, 0.04324, 0.03235, 0.02421, 0.07722, 0.05778, 0.04324, 0.03235, 0.02421, 0.05778, 0.05778, 0.04324, 0.03235, 0.02421, 0.04324, 0.04324, 0.03235, 0.02421, 0.02421], [0.03356, 0.03356, 0.02511, 0.02511, 0.01879, 0.04485, 0.04485, 0.03356, 0.02511, 0.02511, 0.05994, 0.05994, 0.04485, 0.03356, 0.02511, 0.08011, 0.05994, 0.04485, 0.03356, 0.02511, 0.05994, 0.05994, 0.04485, 0.03356, 0.02511], [0.02838, 0.02838, 0.02838, 0.02124, 0.01589, 0.03793, 0.03793, 0.02838, 0.02838, 0.02124, 0.05069, 0.05069, 0.03793, 0.02838, 0.02838, 0.06775, 0.06775, 0.05069, 0.03793, 0.02838, 0.09054, 0.06775, 0.05069, 0.03793, 0.02838], [0.05994, 0.08011, 0.05994, 0.04485, 0.03356, 0.05994, 0.05994, 0.05994, 0.04485, 0.03356, 0.04485, 0.04485, 0.04485, 0.03356, 0.02511, 0.03356, 0.03356, 0.03356, 0.02511, 0.02511, 0.02511, 0.02511, 0.02511, 0.02511, 0.01879], [0.05263, 0.05263, 0.05263, 0.03938, 0.02946, 0.05263, 0.07033, 0.05263, 0.03938, 0.02946, 0.05263, 0.05263, 0.05263, 0.03938, 0.02946, 0.03938, 0.03938, 0.03938, 0.02946, 0.02205, 0.02946, 0.02946, 0.02946, 0.02205, 0.02205], [0.03797, 0.03797, 0.03797, 0.02841, 0.02126, 0.05074, 0.05074, 0.05074, 0.03797, 0.02841, 0.05074, 0.06781, 0.05074, 0.03797, 0.02841, 0.05074, 0.05074, 0.05074, 0.03797, 0.02841, 0.03797, 0.03797, 0.03797, 0.02841, 0.02126], [0.02946, 0.02946, 0.02946, 0.02205, 0.02205, 0.03938, 0.03938, 0.03938, 0.02946, 0.02205, 0.05263, 0.05263, 0.05263, 0.03938, 0.02946, 0.05263, 0.07033, 0.05263, 0.03938, 0.02946, 0.05263, 0.05263, 0.05263, 0.03938, 0.02946], [0.02511, 0.02511, 0.02511, 0.02511, 0.01879, 0.03356, 0.03356, 0.03356, 0.02511, 0.02511, 0.04485, 0.04485, 0.04485, 0.03356, 0.02511, 0.05994, 0.05994, 0.05994, 0.04485, 0.03356, 0.05994, 0.08011, 0.05994, 0.04485, 0.03356], [0.04324, 0.05778, 0.07722, 0.05778, 0.04324, 0.04324, 0.05778, 0.05778, 0.05778, 0.04324, 0.03235, 0.04324, 0.04324, 0.04324, 0.03235, 0.02421, 0.03235, 0.03235, 0.03235, 0.02421, 0.02421, 0.02421, 0.02421, 0.02421, 0.02421], [0.03797, 0.05074, 0.05074, 0.05074, 0.03797, 0.03797, 0.05074, 0.06781, 0.05074, 0.03797, 0.03797, 0.05074, 0.05074, 0.05074, 0.03797, 0.02841, 0.03797, 0.03797, 0.03797, 0.02841, 0.02126, 0.02841, 0.02841, 0.02841, 0.02126], [0.02724, 0.0364, 0.0364, 0.0364, 0.02724, 0.0364, 0.04865, 0.04865, 0.04865, 0.0364, 0.0364, 0.04865, 0.06502, 0.04865, 0.0364, 0.0364, 0.04865, 0.04865, 0.04865, 0.0364, 0.02724, 0.0364, 0.0364, 0.0364, 0.02724], [0.02126, 0.02841, 0.02841, 0.02841, 0.02126, 0.02841, 0.03797, 0.03797, 0.03797, 0.02841, 0.03797, 0.05074, 0.05074, 0.05074, 0.03797, 0.03797, 0.05074, 0.06781, 0.05074, 0.03797, 0.03797, 0.05074, 0.05074, 0.05074, 0.03797], [0.02421, 0.02421, 0.02421, 0.02421, 0.02421, 0.02421, 0.03235, 0.03235, 0.03235, 0.02421, 0.03235, 0.04324, 0.04324, 0.04324, 0.03235, 0.04324, 0.05778, 0.05778, 0.05778, 0.04324, 0.04324, 0.05778, 0.07722, 0.05778, 0.04324], [0.03356, 0.04485, 0.05994, 0.08011, 0.05994, 0.03356, 0.04485, 0.05994, 0.05994, 0.05994, 0.02511, 0.03356, 0.04485, 0.04485, 0.04485, 0.02511, 0.02511, 0.03356, 0.03356, 0.03356, 0.01879, 0.02511, 0.02511, 0.02511, 0.02511], [0.02946, 0.03938, 0.05263, 0.05263, 0.05263, 0.02946, 0.03938, 0.05263, 0.07033, 0.05263, 0.02946, 0.03938, 0.05263, 0.05263, 0.05263, 0.02205, 0.02946, 0.03938, 0.03938, 0.03938, 0.02205, 0.02205, 0.02946, 0.02946, 0.02946], [0.02126, 0.02841, 0.03797, 0.03797, 0.03797, 0.02841, 0.03797, 0.05074, 0.05074, 0.05074, 0.02841, 0.03797, 0.05074, 0.06781, 0.05074, 0.02841, 0.03797, 0.05074, 0.05074, 0.05074, 0.02126, 0.02841, 0.03797, 0.03797, 0.03797], [0.02205, 0.02205, 0.02946, 0.02946, 0.02946, 0.02205, 0.02946, 0.03938, 0.03938, 0.03938, 0.02946, 0.03938, 0.05263, 0.05263, 0.05263, 0.02946, 0.03938, 0.05263, 0.07033, 0.05263, 0.02946, 0.03938, 0.05263, 0.05263, 0.05263], [0.01879, 0.02511, 0.02511, 0.02511, 0.02511, 0.02511, 0.02511, 0.03356, 0.03356, 0.03356, 0.02511, 0.03356, 0.04485, 0.04485, 0.04485, 0.03356, 0.04485, 0.05994, 0.05994, 0.05994, 0.03356, 0.04485, 0.05994, 0.08011, 0.05994], [0.02838, 0.03793, 0.05069, 0.06775, 0.09054, 0.02838, 0.03793, 0.05069, 0.06775, 0.06775, 0.02838, 0.02838, 0.03793, 0.05069, 0.05069, 0.02124, 0.02838, 0.02838, 0.03793, 0.03793, 0.01589, 0.02124, 0.02838, 0.02838, 0.02838], [0.02511, 0.03356, 0.04485, 0.05994, 0.05994, 0.02511, 0.03356, 0.04485, 0.05994, 0.08011, 0.02511, 0.03356, 0.04485, 0.05994, 0.05994, 0.02511, 0.02511, 0.03356, 0.04485, 0.04485, 0.01879, 0.02511, 0.02511, 0.03356, 0.03356], [0.02421, 0.02421, 0.03235, 0.04324, 0.04324, 0.02421, 0.03235, 0.04324, 0.05778, 0.05778, 0.02421, 0.03235, 0.04324, 0.05778, 0.07722, 0.02421, 0.03235, 0.04324, 0.05778, 0.05778, 0.02421, 0.02421, 0.03235, 0.04324, 0.04324], [0.01879, 0.02511, 0.02511, 0.03356, 0.03356, 0.02511, 0.02511, 0.03356, 0.04485, 0.04485, 0.02511, 0.03356, 0.04485, 0.05994, 0.05994, 0.02511, 0.03356, 0.04485, 0.05994, 0.08011, 0.02511, 0.03356, 0.04485, 0.05994, 0.05994], [0.01589, 0.02124, 0.02838, 0.02838, 0.02838, 0.02124, 0.02838, 0.02838, 0.03793, 0.03793, 0.02838, 0.02838, 0.03793, 0.05069, 0.05069, 0.02838, 0.03793, 0.05069, 0.06775, 0.06775, 0.02838, 0.03793, 0.05069, 0.06775, 0.09054]]