[[0.04223, 0.0415, 0.04078, 0.04007, 0.03938, 0.0415, 0.0415, 0.04078, 0.04007, 0.03938, 0.04078, 0.04078, 0.04007, 0.03938, 0.03938, 0.04007, 0.04007, 0.03938, 0.03938, 0.03869, 0.03938, 0.03938, 0.03938, 0.03869, 0.03802], [0.04115, 0.04188, 0.04115, 0.04044, 0.03974, 0.04115, 0.04115, 0.04115, 0.04044, 0.03974, 0.04044, 0.04044, 0.04044, 0.03974, 0.03905, 0.03974, 0.03974, 0.03974, 0.03905, 0.03905, 0.03905, 0.03905, 0.03905, 0.03905, 0.03837], [0.04033, 0.04104, 0.04176, 0.04104, 0.04033, 0.04033, 0.04104, 0.04104, 0.04104, 0.04033, 0.03963, 0.04033, 0.04033, 0.04033, 0.03963, 0.03894, 0.03963, 0.03963, 0.03963, 0.03894, 0.03894, 0.03894, 0.03894, 0.03894, 0.03894], [0.03974, 0.04044, 0.04115, 0.04188, 0.04115, 0.03974, 0.04044, 0.04115, 0.04115, 0.04115, 0.03905, 0.03974, 0.04044, 0.04044, 0.04044, 0.03905, 0.03905, 0.03974, 0.03974, 0.03974, 0.03837, 0.03905, 0.03905, 0.03905, 0.03905], [0.03938, 0.04007, 0.04078, 0.0415, 0.04223, 0.03938, 0.04007, 0.04078, 0.0415, 0.0415, 0.03938, 0.03938, 0.04007, 0.04078, 0.04078, 0.03869, 0.03938, 0.03938, 0.04007, 0.04007, 0.03802, 0.03869, 0.03938, 0.03938, 0.03938], [0.04115, 0.04115, 0.04044, 0.03974, 0.03905, 0.04188, 0.04115, 0.04044, 0.03974, 0.03905, 0.04115, 0.04115, 0.04044, 0.03974, 0.03905, 0.04044, 0.04044, 0.03974, 0.03905, 0.03905, 0.03974, 0.03974, 0.03905, 0.03905, 0.03837], [0.04078, 0.04078, 0.04078, 0.04008, 0.03938, 0.04078, 0.0415, 0.04078, 0.04008, 0.03938, 0.04078, 0.04078, 0.04078, 0.04008, 0.03938, 0.04008, 0.04008, 0.04008, 0.03938, 0.0387, 0.03938, 0.03938, 0.03938, 0.0387, 0.0387], [0.03997, 0.04067, 0.04067, 0.04067, 0.03997, 0.03997, 0.04067, 0.04139, 0.04067, 0.03997, 0.03997, 0.04067, 0.04067, 0.04067, 0.03997, 0.03927, 0.03997, 0.03997, 0.03997, 0.03927, 0.03859, 0.03927, 0.03927, 0.03927, 0.03859], [0.03938, 0.04008, 0.04078, 0.04078, 0.04078, 0.03938, 0.04008, 0.04078, 0.0415, 0.04078, 0.03938, 0.04008, 0.04078, 0.04078, 0.04078, 0.0387, 0.03938, 0.04008, 0.04008, 0.04008, 0.0387, 0.0387, 0.03938, 0.03938, 0.03938], [0.03905, 0.03974, 0.04044, 0.04115, 0.04115, 0.03905, 0.03974, 0.04044, 0.04115, 0.04188, 0.03905, 0.03974, 0.04044, 0.04115, 0.04115, 0.03905, 0.03905, 0.03974, 0.04044, 0.04044, 0.03837, 0.03905, 0.03905, 0.03974, 0.03974], [0.04033, 0.04033, 0.03963, 0.03894, 0.03894, 0.04104, 0.04104, 0.04033, 0.03963, 0.03894, 0.04176, 0.04104, 0.04033, 0.03963, 0.03894, 0.04104, 0.04104, 0.04033, 0.03963, 0.03894, 0.04033, 0.04033, 0.03963, 0.03894, 0.03894], [0.03997, 0.03997, 0.03997, 0.03927, 0.03859, 0.04067, 0.04067, 0.04067, 0.03997, 0.03927, 0.04067, 0.04139, 0.04067, 0.03997, 0.03927, 0.04067, 0.04067, 0.04067, 0.03997, 0.03927, 0.03997, 0.03997, 0.03997, 0.03927, 0.03859], [0.03914, 0.03983, 0.03983, 0.03983, 0.03914, 0.03983, 0.04053, 0.04053, 0.04053, 0.03983, 0.03983, 0.04053, 0.04125, 0.04053, 0.03983, 0.03983, 0.04053, 0.04053, 0.04053, 0.03983, 0.03914, 0.03983, 0.03983, 0.03983, 0.03914], [0.03859, 0.03927, 0.03997, 0.03997, 0.03997, 0.03927, 0.03997, 0.04067, 0.04067, 0.04067, 0.03927, 0.03997, 0.04067, 0.04139, 0.04067, 0.03927, 0.03997, 0.04067, 0.04067, 0.04067, 0.03859, 0.03927, 0.03997, 0.03997, 0.03997], [0.03894, 0.03894, 0.03963, 0.04033, 0.04033, 0.03894, 0.03963, 0.04033, 0.04104, 0.04104, 0.03894, 0.03963, 0.04033, 0.04104, 0.04176, 0.03894, 0.03963, 0.04033, 0.04104, 0.04104, 0.03894, 0.03894, 0.03963, 0.04033, 0.04033], [0.03974, 0.03974, 0.03905, 0.03905, 0.03837, 0.04044, 0.04044, 0.03974, 0.03905, 0.03905, 0.04115, 0.04115, 0.04044, 0.03974, 0.03905, 0.04188, 0.04115, 0.04044, 0.03974, 0.03905, 0.04115, 0.04115, 0.04044, 0.03974, 0.03905], [0.03938, 0.03938, 0.03938, 0.0387, 0.0387, 0.04008, 0.04008, 0.04008, 0.03938, 0.0387, 0.04078, 0.04078, 0.04078, 0.04008, 0.03938, 0.04078, 0.0415, 0.04078, 0.04008, 0.03938, 0.04078, 0.04078, 0.04078, 0.04008, 0.03938], [0.03859, 0.03927, 0.03927, 0.03927, 0.03859, 0.03927, 0.03997, 0.03997, 0.03997, 0.03927, 0.03997, 0.04067, 0.04067, 0.04067, 0.03997, 0.03997, 0.04067, 0.04139, 0.04067, 0.03997, 0.03997, 0.04067, 0.04067, 0.04067, 0.03997], [0.0387, 0.0387, 0.03938, 0.03938, 0.03938, 0.0387, 0.03938, 0.04008, 0.04008, 0.04008, 0.03938, 0.04008, 0.04078, 0.04078, 0.04078, 0.03938, 0.04008, 0.04078, 0.0415, 0.04078, 0.03938, 0.04008, 0.04078, 0.04078, 0.04078], [0.03837, 0.03905, 0.03905, 0.03974, 0.03974, 0.03905, 0.03905, 0.03974, 0.04044, 0.04044, 0.03905, 0.03974, 0.04044, 0.04115, 0.04115, 0.03905, 0.03974, 0.04044, 0.04115, 0.04188, 0.03905, 0.03974, 0.04044, 0.04115, 0.04115], [0.03938, 0.03938, 0.03938, 0.03869, 0.03802, 0.04007, 0.04007, 0.03938, 0.03938, 0.03869, 0.04078, 0.04078, 0.04007, 0.03938, 0.03938, 0.0415, 0.0415, 0.04078, 0.04007, 0.03938, 0.04223, 0.0415, 0.04078, 0.04007, 0.03938], [0.03905, 0.03905, 0.03905, 0.03905, 0.03837, 0.03974, 0.03974, 0.03974, 0.03905, 0.03905, 0.04044, 0.04044, 0.04044, 0.03974, 0.03905, 0.04115, 0.04115, 0.04115, 0.04044, 0.03974, 0.04115, 0.04188, 0.04115, 0.04044, 0.03974], [0.03894, 0.03894, 0.03894, 0.03894, 0.03894, 0.03894, 0.03963, 0.03963, 0.03963, 0.03894, 0.03963, 0.04033, 0.04033, 0.04033, 0.03963, 0.04033, 0.04104, 0.04104, 0.04104, 0.04033, 0.04033, 0.04104, 0.04176, 0.04104, 0.04033], [0.03837, 0.03905, 0.03905, 0.03905, 0.03905, 0.03905, 0.03905, 0.03974, 0.03974, 0.03974, 0.03905, 0.03974, 0.04044, 0.04044, 0.04044, 0.03974, 0.04044, 0.04115, 0.04115, 0.04115, 0.03974, 0.04044, 0.04115, 0.04188, 0.04115], [0.03802, 0.03869, 0.03938, 0.03938, 0.03938, 0.03869, 0.03938, 0.03938, 0.04007, 0.04007, 0.03938, 0.03938, 0.04007, 0.04078, 0.04078, 0.03938, 0.04007, 0.04078, 0.0415, 0.0415, 0.03938, 0.04007, 0.04078, 0.0415, 0.04223]]