[[0.0669, 0.05616, 0.04714, 0.03957, 0.03322, 0.05616, 0.05616, 0.04714, 0.03957, 0.03322, 0.04714, 0.04714, 0.03957, 0.03322, 0.03322, 0.03957, 0.03957, 0.03322, 0.03322, 0.02789, 0.03322, 0.03322, 0.03322, 0.02789, 0.02341], [0.05194, 0.05194, 0.0436, 0.0366, 0.03072, 0.06187, 0.05194, 0.0436, 0.0366, 0.03072, 0.05194, 0.05194, 0.0436, 0.0366, 0.03072, 0.0436, 0.0436, 0.0366, 0.03072, 0.03072, 0.0366, 0.0366, 0.03072, 0.03072, 0.02579], [0.04254, 0.04254, 0.03571, 0.02998, 0.02998, 0.05068, 0.05068, 0.04254, 0.03571, 0.02998, 0.06037, 0.05068, 0.04254, 0.03571, 0.02998, 0.05068, 0.05068, 0.04254, 0.03571, 0.02998, 0.04254, 0.04254, 0.03571, 0.02998, 0.02998], [0.0366, 0.0366, 0.03072, 0.03072, 0.02579, 0.0436, 0.0436, 0.0366, 0.03072, 0.03072, 0.05194, 0.05194, 0.0436, 0.0366, 0.03072, 0.06187, 0.05194, 0.0436, 0.0366, 0.03072, 0.05194, 0.05194, 0.0436, 0.0366, 0.03072], [0.03322, 0.03322, 0.03322, 0.02789, 0.02341, 0.03957, 0.03957, 0.03322, 0.03322, 0.02789, 0.04714, 0.04714, 0.03957, 0.03322, 0.03322, 0.05616, 0.05616, 0.04714, 0.03957, 0.03322, 0.0669, 0.05616, 0.04714, 0.03957, 0.03322], [0.05194, 0.06187, 0.05194, 0.0436, 0.0366, 0.05194, 0.05194, 0.05194, 0.0436, 0.0366, 0.0436, 0.0436, 0.0436, 0.0366, 0.03072, 0.0366, 0.0366, 0.0366, 0.03072, 0.03072, 0.03072, 0.03072, 0.03072, 0.03072, 0.02579], [0.04777, 0.04777, 0.04777, 0.0401, 0.03366, 0.04777, 0.0569, 0.04777, 0.0401, 0.03366, 0.04777, 0.04777, 0.04777, 0.0401, 0.03366, 0.0401, 0.0401, 0.0401, 0.03366, 0.02826, 0.03366, 0.03366, 0.03366, 0.02826, 0.02826], [0.03913, 0.03913, 0.03913, 0.03285, 0.02757, 0.04661, 0.04661, 0.04661, 0.03913, 0.03285, 0.04661, 0.05553, 0.04661, 0.03913, 0.03285, 0.04661, 0.04661, 0.04661, 0.03913, 0.03285, 0.03913, 0.03913, 0.03913, 0.03285, 0.02757], [0.03366, 0.03366, 0.03366, 0.02826, 0.02826, 0.0401, 0.0401, 0.0401, 0.03366, 0.02826, 0.04777, 0.04777, 0.04777, 0.0401, 0.03366, 0.04777, 0.0569, 0.04777, 0.0401, 0.03366, 0.04777, 0.04777, 0.04777, 0.0401, 0.03366], [0.03072, 0.03072, 0.03072, 0.03072, 0.02579, 0.0366, 0.0366, 0.0366, 0.03072, 0.03072, 0.0436, 0.0436, 0.0436, 0.0366, 0.03072, 0.05194, 0.05194, 0.05194, 0.0436, 0.0366, 0.05194, 0.06187, 0.05194, 0.0436, 0.0366], [0.04254, 0.05068, 0.06037, 0.05068, 0.04254, 0.04254, 0.05068, 0.05068, 0.05068, 0.04254, 0.03571, 0.04254, 0.04254, 0.04254, 0.03571, 0.02998, 0.03571, 0.03571, 0.03571, 0.02998, 0.02998, 0.02998, 0.02998, 0.02998, 0.02998], [0.03913, 0.04661, 0.04661, 0.04661, 0.03913, 0.03913, 0.04661, 0.05553, 0.04661, 0.03913, 0.03913, 0.04661, 0.04661, 0.04661, 0.03913, 0.03285, 0.03913, 0.03913, 0.03913, 0.03285, 0.02757, 0.03285, 0.03285, 0.03285, 0.02757], [0.03191, 0.03801, 0.03801, 0.03801, 0.03191, 0.03801, 0.04528, 0.04528, 0.04528, 0.03801, 0.03801, 0.04528, 0.05394, 0.04528, 0.03801, 0.03801, 0.04528, 0.04528, 0.04528, 0.03801, 0.03191, 0.03801, 0.03801, 0.03801, 0.03191], [0.02757, 0.03285, 0.03285, 0.03285, 0.02757, 0.03285, 0.03913, 0.03913, 0.03913, 0.03285, 0.03913, 0.04661, 0.04661, 0.04661, 0.03913, 0.03913, 0.04661, 0.05553, 0.04661, 0.03913, 0.03913, 0.04661, 0.04661, 0.04661, 0.03913], [0.02998, 0.02998, 0.02998, 0.02998, 0.02998, 0.02998, 0.03571, 0.03571, 0.03571, 0.02998, 0.03571, 0.04254, 0.04254, 0.04254, 0.03571, 0.04254, 0.05068, 0.05068, 0.05068, 0.04254, 0.04254, 0.05068, 0.06037, 0.05068, 0.04254], [0.0366, 0.0436, 0.05194, 0.06187, 0.05194, 0.0366, 0.0436, 0.05194, 0.05194, 0.05194, 0.03072, 0.0366, 0.0436, 0.0436, 0.0436, 0.03072, 0.03072, 0.0366, 0.0366, 0.0366, 0.02579, 0.03072, 0.03072, 0.03072, 0.03072], [0.03366, 0.0401, 0.04777, 0.04777, 0.04777, 0.03366, 0.0401, 0.04777, 0.0569, 0.04777, 0.03366, 0.0401, 0.04777, 0.04777, 0.04777, 0.02826, 0.03366, 0.0401, 0.0401, 0.0401, 0.02826, 0.02826, 0.03366, 0.03366, 0.03366], [0.02757, 0.03285, 0.03913, 0.03913, 0.03913, 0.03285, 0.03913, 0.04661, 0.04661, 0.04661, 0.03285, 0.03913, 0.04661, 0.05553, 0.04661, 0.03285, 0.03913, 0.04661, 0.04661, 0.04661, 0.02757, 0.03285, 0.03913, 0.03913, 0.03913], [0.02826, 0.02826, 0.03366, 0.03366, 0.03366, 0.02826, 0.03366, 0.0401, 0.0401, 0.0401, 0.03366, 0.0401, 0.04777, 0.04777, 0.04777, 0.03366, 0.0401, 0.04777, 0.0569, 0.04777, 0.03366, 0.0401, 0.04777, 0.04777, 0.04777], [0.02579, 0.03072, 0.03072, 0.03072, 0.03072, 0.03072, 0.03072, 0.0366, 0.0366, 0.0366, 0.03072, 0.0366, 0.0436, 0.0436, 0.0436, 0.0366, 0.0436, 0.05194, 0.05194, 0.05194, 0.0366, 0.0436, 0.05194, 0.06187, 0.05194], [0.03322, 0.03957, 0.04714, 0.05616, 0.0669, 0.03322, 0.03957, 0.04714, 0.05616, 0.05616, 0.03322, 0.03322, 0.03957, 0.04714, 0.04714, 0.02789, 0.03322, 0.03322, 0.03957, 0.03957, 0.02341, 0.02789, 0.03322, 0.03322, 0.03322], [0.03072, 0.0366, 0.0436, 0.05194, 0.05194, 0.03072, 0.0366, 0.0436, 0.05194, 0.06187, 0.03072, 0.0366, 0.0436, 0.05194, 0.05194, 0.03072, 0.03072, 0.0366, 0.0436, 0.0436, 0.02579, 0.03072, 0.03072, 0.0366, 0.0366], [0.02998, 0.02998, 0.03571, 0.04254, 0.04254, 0.02998, 0.03571, 0.04254, 0.05068, 0.05068, 0.02998, 0.03571, 0.04254, 0.05068, 0.06037, 0.02998, 0.03571, 0.04254, 0.05068, 0.05068, 0.02998, 0.02998, 0.03571, 0.04254, 0.04254], [0.02579, 0.03072, 0.03072, 0.0366, 0.0366, 0.03072, 0.03072, 0.0366, 0.0436, 0.0436, 0.03072, 0.0366, 0.0436, 0.05194, 0.05194, 0.03072, 0.0366, 0.0436, 0.05194, 0.06187, 0.03072, 0.0366, 0.0436, 0.05194, 0.05194], [0.02341, 0.02789, 0.03322, 0.03322, 0.03322, 0.02789, 0.03322, 0.03322, 0.03957, 0.03957, 0.03322, 0.03322, 0.03957, 0.04714, 0.04714, 0.03322, 0.03957, 0.04714, 0.05616, 0.05616, 0.03322, 0.03957, 0.04714, 0.05616, 0.0669]]