[[0.0807, 0.06317, 0.04944, 0.0387, 0.03029, 0.06317, 0.06317, 0.04944, 0.0387, 0.03029, 0.04944, 0.04944, 0.0387, 0.03029, 0.03029, 0.0387, 0.0387, 0.03029, 0.03029, 0.02371, 0.03029, 0.03029, 0.03029, 0.02371, 0.01856], [0.05682, 0.05682, 0.04448, 0.03481, 0.02725, 0.0726, 0.05682, 0.04448, 0.03481, 0.02725, 0.05682, 0.05682, 0.04448, 0.03481, 0.02725, 0.04448, 0.04448, 0.03481, 0.02725, 0.02725, 0.03481, 0.03481, 0.02725, 0.02725, 0.02133], [0.04306, 0.04306, 0.0337, 0.02638, 0.02638, 0.05502, 0.05502, 0.04306, 0.0337, 0.02638, 0.07029, 0.05502, 0.04306, 0.0337, 0.02638, 0.05502, 0.05502, 0.04306, 0.0337, 0.02638, 0.04306, 0.04306, 0.0337, 0.02638, 0.02638], [0.03481, 0.03481, 0.02725, 0.02725, 0.02133, 0.04448, 0.04448, 0.03481, 0.02725, 0.02725, 0.05682, 0.05682, 0.04448, 0.03481, 0.02725, 0.0726, 0.05682, 0.04448, 0.03481, 0.02725, 0.05682, 0.05682, 0.04448, 0.03481, 0.02725], [0.03029, 0.03029, 0.03029, 0.02371, 0.01856, 0.0387, 0.0387, 0.03029, 0.03029, 0.02371, 0.04944, 0.04944, 0.0387, 0.03029, 0.03029, 0.06317, 0.06317, 0.04944, 0.0387, 0.03029, 0.0807, 0.06317, 0.04944, 0.0387, 0.03029], [0.05682, 0.0726, 0.05682, 0.04448, 0.03481, 0.05682, 0.05682, 0.05682, 0.04448, 0.03481, 0.04448, 0.04448, 0.04448, 0.03481, 0.02725, 0.03481, 0.03481, 0.03481, 0.02725, 0.02725, 0.02725, 0.02725, 0.02725, 0.02725, 0.02133], [0.05076, 0.05076, 0.05076, 0.03973, 0.0311, 0.05076, 0.06485, 0.05076, 0.03973, 0.0311, 0.05076, 0.05076, 0.05076, 0.03973, 0.0311, 0.03973, 0.03973, 0.03973, 0.0311, 0.02434, 0.0311, 0.0311, 0.0311, 0.02434, 0.02434], [0.03847, 0.03847, 0.03847, 0.03011, 0.02357, 0.04915, 0.04915, 0.04915, 0.03847, 0.03011, 0.04915, 0.0628, 0.04915, 0.03847, 0.03011, 0.04915, 0.04915, 0.04915, 0.03847, 0.03011, 0.03847, 0.03847, 0.03847, 0.03011, 0.02357], [0.0311, 0.0311, 0.0311, 0.02434, 0.02434, 0.03973, 0.03973, 0.03973, 0.0311, 0.02434, 0.05076, 0.05076, 0.05076, 0.03973, 0.0311, 0.05076, 0.06485, 0.05076, 0.03973, 0.0311, 0.05076, 0.05076, 0.05076, 0.03973, 0.0311], [0.02725, 0.02725, 0.02725, 0.02725, 0.02133, 0.03481, 0.03481, 0.03481, 0.02725, 0.02725, 0.04448, 0.04448, 0.04448, 0.03481, 0.02725, 0.05682, 0.05682, 0.05682, 0.04448, 0.03481, 0.05682, 0.0726, 0.05682, 0.04448, 0.03481], [0.04306, 0.05502, 0.07029, 0.05502, 0.04306, 0.04306, 0.05502, 0.05502, 0.05502, 0.04306, 0.0337, 0.04306, 0.04306, 0.04306, 0.0337, 0.02638, 0.0337, 0.0337, 0.0337, 0.02638, 0.02638, 0.02638, 0.02638, 0.02638, 0.02638], [0.03847, 0.04915, 0.04915, 0.04915, 0.03847, 0.03847, 0.04915, 0.0628, 0.04915, 0.03847, 0.03847, 0.04915, 0.04915, 0.04915, 0.03847, 0.03011, 0.03847, 0.03847, 0.03847, 0.03011, 0.02357, 0.03011, 0.03011, 0.03011, 0.02357], [0.02901, 0.03706, 0.03706, 0.03706, 0.02901, 0.03706, 0.04735, 0.04735, 0.04735, 0.03706, 0.03706, 0.04735, 0.06049, 0.04735, 0.03706, 0.03706, 0.04735, 0.04735, 0.04735, 0.03706, 0.02901, 0.03706, 0.03706, 0.03706, 0.02901], [0.02357, 0.03011, 0.03011, 0.03011, 0.02357, 0.03011, 0.03847, 0.03847, 0.03847, 0.03011, 0.03847, 0.04915, 0.04915, 0.04915, 0.03847, 0.03847, 0.04915, 0.0628, 0.04915, 0.03847, 0.03847, 0.04915, 0.04915, 0.04915, 0.03847], [0.02638, 0.02638, 0.02638, 0.02638, 0.02638, 0.02638, 0.0337, 0.0337, 0.0337, 0.02638, 0.0337, 0.04306, 0.04306, 0.04306, 0.0337, 0.04306, 0.05502, 0.05502, 0.05502, 0.04306, 0.04306, 0.05502, 0.07029, 0.05502, 0.04306], [0.03481, 0.04448, 0.05682, 0.0726, 0.05682, 0.03481, 0.04448, 0.05682, 0.05682, 0.05682, 0.02725, 0.03481, 0.04448, 0.04448, 0.04448, 0.02725, 0.02725, 0.03481, 0.03481, 0.03481, 0.02133, 0.02725, 0.02725, 0.02725, 0.02725], [0.0311, 0.03973, 0.05076, 0.05076, 0.05076, 0.0311, 0.03973, 0.05076, 0.06485, 0.05076, 0.0311, 0.03973, 0.05076, 0.05076, 0.05076, 0.02434, 0.0311, 0.03973, 0.03973, 0.03973, 0.02434, 0.02434, 0.0311, 0.0311, 0.0311], [0.02357, 0.03011, 0.03847, 0.03847, 0.03847, 0.03011, 0.03847, 0.04915, 0.04915, 0.04915, 0.03011, 0.03847, 0.04915, 0.0628, 0.04915, 0.03011, 0.03847, 0.04915, 0.04915, 0.04915, 0.02357, 0.03011, 0.03847, 0.03847, 0.03847], [0.02434, 0.02434, 0.0311, 0.0311, 0.0311, 0.02434, 0.0311, 0.03973, 0.03973, 0.03973, 0.0311, 0.03973, 0.05076, 0.05076, 0.05076, 0.0311, 0.03973, 0.05076, 0.06485, 0.05076, 0.0311, 0.03973, 0.05076, 0.05076, 0.05076], [0.02133, 0.02725, 0.02725, 0.02725, 0.02725, 0.02725, 0.02725, 0.03481, 0.03481, 0.03481, 0.02725, 0.03481, 0.04448, 0.04448, 0.04448, 0.03481, 0.04448, 0.05682, 0.05682, 0.05682, 0.03481, 0.04448, 0.05682, 0.0726, 0.05682], [0.03029, 0.0387, 0.04944, 0.06317, 0.0807, 0.03029, 0.0387, 0.04944, 0.06317, 0.06317, 0.03029, 0.03029, 0.0387, 0.04944, 0.04944, 0.02371, 0.03029, 0.03029, 0.0387, 0.0387, 0.01856, 0.02371, 0.03029, 0.03029, 0.03029], [0.02725, 0.03481, 0.04448, 0.05682, 0.05682, 0.02725, 0.03481, 0.04448, 0.05682, 0.0726, 0.02725, 0.03481, 0.04448, 0.05682, 0.05682, 0.02725, 0.02725, 0.03481, 0.04448, 0.04448, 0.02133, 0.02725, 0.02725, 0.03481, 0.03481], [0.02638, 0.02638, 0.0337, 0.04306, 0.04306, 0.02638, 0.0337, 0.04306, 0.05502, 0.05502, 0.02638, 0.0337, 0.04306, 0.05502, 0.07029, 0.02638, 0.0337, 0.04306, 0.05502, 0.05502, 0.02638, 0.02638, 0.0337, 0.04306, 0.04306], [0.02133, 0.02725, 0.02725, 0.03481, 0.03481, 0.02725, 0.02725, 0.03481, 0.04448, 0.04448, 0.02725, 0.03481, 0.04448, 0.05682, 0.05682, 0.02725, 0.03481, 0.04448, 0.05682, 0.0726, 0.02725, 0.03481, 0.04448, 0.05682, 0.05682], [0.01856, 0.02371, 0.03029, 0.03029, 0.03029, 0.02371, 0.03029, 0.03029, 0.0387, 0.0387, 0.03029, 0.03029, 0.0387, 0.04944, 0.04944, 0.03029, 0.0387, 0.04944, 0.06317, 0.06317, 0.03029, 0.0387, 0.04944, 0.06317, 0.0807]]