[[0.04593, 0.04391, 0.04198, 0.04013, 0.03837, 0.04391, 0.04391, 0.04198, 0.04013, 0.03837, 0.04198, 0.04198, 0.04013, 0.03837, 0.03837, 0.04013, 0.04013, 0.03837, 0.03837, 0.03668, 0.03837, 0.03837, 0.03837, 0.03668, 0.03507], [0.04299, 0.04299, 0.0411, 0.03929, 0.03756, 0.04497, 0.04299, 0.0411, 0.03929, 0.03756, 0.04299, 0.04299, 0.0411, 0.03929, 0.03756, 0.0411, 0.0411, 0.03929, 0.03756, 0.03756, 0.03929, 0.03929, 0.03756, 0.03756, 0.03591], [0.04081, 0.04081, 0.03902, 0.0373, 0.0373, 0.04269, 0.04269, 0.04081, 0.03902, 0.0373, 0.04466, 0.04269, 0.04081, 0.03902, 0.0373, 0.04269, 0.04269, 0.04081, 0.03902, 0.0373, 0.04081, 0.04081, 0.03902, 0.0373, 0.0373], [0.03929, 0.03929, 0.03756, 0.03756, 0.03591, 0.0411, 0.0411, 0.03929, 0.03756, 0.03756, 0.04299, 0.04299, 0.0411, 0.03929, 0.03756, 0.04497, 0.04299, 0.0411, 0.03929, 0.03756, 0.04299, 0.04299, 0.0411, 0.03929, 0.03756], [0.03837, 0.03837, 0.03837, 0.03668, 0.03507, 0.04013, 0.04013, 0.03837, 0.03837, 0.03668, 0.04198, 0.04198, 0.04013, 0.03837, 0.03837, 0.04391, 0.04391, 0.04198, 0.04013, 0.03837, 0.04593, 0.04391, 0.04198, 0.04013, 0.03837], [0.04299, 0.04497, 0.04299, 0.0411, 0.03929, 0.04299, 0.04299, 0.04299, 0.0411, 0.03929, 0.0411, 0.0411, 0.0411, 0.03929, 0.03756, 0.03929, 0.03929, 0.03929, 0.03756, 0.03756, 0.03756, 0.03756, 0.03756, 0.03756, 0.03591], [0.04202, 0.04202, 0.04202, 0.04017, 0.0384, 0.04202, 0.04395, 0.04202, 0.04017, 0.0384, 0.04202, 0.04202, 0.04202, 0.04017, 0.0384, 0.04017, 0.04017, 0.04017, 0.0384, 0.03671, 0.0384, 0.0384, 0.0384, 0.03671, 0.03671], [0.03989, 0.03989, 0.03989, 0.03813, 0.03645, 0.04172, 0.04172, 0.04172, 0.03989, 0.03813, 0.04172, 0.04364, 0.04172, 0.03989, 0.03813, 0.04172, 0.04172, 0.04172, 0.03989, 0.03813, 0.03989, 0.03989, 0.03989, 0.03813, 0.03645], [0.0384, 0.0384, 0.0384, 0.03671, 0.03671, 0.04017, 0.04017, 0.04017, 0.0384, 0.03671, 0.04202, 0.04202, 0.04202, 0.04017, 0.0384, 0.04202, 0.04395, 0.04202, 0.04017, 0.0384, 0.04202, 0.04202, 0.04202, 0.04017, 0.0384], [0.03756, 0.03756, 0.03756, 0.03756, 0.03591, 0.03929, 0.03929, 0.03929, 0.03756, 0.03756, 0.0411, 0.0411, 0.0411, 0.03929, 0.03756, 0.04299, 0.04299, 0.04299, 0.0411, 0.03929, 0.04299, 0.04497, 0.04299, 0.0411, 0.03929], [0.04081, 0.04269, 0.04466, 0.04269, 0.04081, 0.04081, 0.04269, 0.04269, 0.04269, 0.04081, 0.03902, 0.04081, 0.04081, 0.04081, 0.03902, 0.0373, 0.03902, 0.03902, 0.03902, 0.0373, 0.0373, 0.0373, 0.0373, 0.0373, 0.0373], [0.03989, 0.04172, 0.04172, 0.04172, 0.03989, 0.03989, 0.04172, 0.04364, 0.04172, 0.03989, 0.03989, 0.04172, 0.04172, 0.04172, 0.03989, 0.03813, 0.03989, 0.03989, 0.03989, 0.03813, 0.03645, 0.03813, 0.03813, 0.03813, 0.03645], [0.03781, 0.03955, 0.03955, 0.03955, 0.03781, 0.03955, 0.04137, 0.04137, 0.04137, 0.03955, 0.03955, 0.04137, 0.04327, 0.04137, 0.03955, 0.03955, 0.04137, 0.04137, 0.04137, 0.03955, 0.03781, 0.03955, 0.03955, 0.03955, 0.03781], [0.03645, 0.03813, 0.03813, 0.03813, 0.03645, 0.03813, 0.03989, 0.03989, 0.03989, 0.03813, 0.03989, 0.04172, 0.04172, 0.04172, 0.03989, 0.03989, 0.04172, 0.04364, 0.04172, 0.03989, 0.03989, 0.04172, 0.04172, 0.04172, 0.03989], [0.0373, 0.0373, 0.0373, 0.0373, 0.0373, 0.0373, 0.03902, 0.03902, 0.03902, 0.0373, 0.03902, 0.04081, 0.04081, 0.04081, 0.03902, 0.04081, 0.04269, 0.04269, 0.04269, 0.04081, 0.04081, 0.04269, 0.04466, 0.04269, 0.04081], [0.03929, 0.0411, 0.04299, 0.04497, 0.04299, 0.03929, 0.0411, 0.04299, 0.04299, 0.04299, 0.03756, 0.03929, 0.0411, 0.0411, 0.0411, 0.03756, 0.03756, 0.03929, 0.03929, 0.03929, 0.03591, 0.03756, 0.03756, 0.03756, 0.03756], [0.0384, 0.04017, 0.04202, 0.04202, 0.04202, 0.0384, 0.04017, 0.04202, 0.04395, 0.04202, 0.0384, 0.04017, 0.04202, 0.04202, 0.04202, 0.03671, 0.0384, 0.04017, 0.04017, 0.04017, 0.03671, 0.03671, 0.0384, 0.0384, 0.0384], [0.03645, 0.03813, 0.03989, 0.03989, 0.03989, 0.03813, 0.03989, 0.04172, 0.04172, 0.04172, 0.03813, 0.03989, 0.04172, 0.04364, 0.04172, 0.03813, 0.03989, 0.04172, 0.04172, 0.04172, 0.03645, 0.03813, 0.03989, 0.03989, 0.03989], [0.03671, 0.03671, 0.0384, 0.0384, 0.0384, 0.03671, 0.0384, 0.04017, 0.04017, 0.04017, 0.0384, 0.04017, 0.04202, 0.04202, 0.04202, 0.0384, 0.04017, 0.04202, 0.04395, 0.04202, 0.0384, 0.04017, 0.04202, 0.04202, 0.04202], [0.03591, 0.03756, 0.03756, 0.03756, 0.03756, 0.03756, 0.03756, 0.03929, 0.03929, 0.03929, 0.03756, 0.03929, 0.0411, 0.0411, 0.0411, 0.03929, 0.0411, 0.04299, 0.04299, 0.04299, 0.03929, 0.0411, 0.04299, 0.04497, 0.04299], [0.03837, 0.04013, 0.04198, 0.04391, 0.04593, 0.03837, 0.04013, 0.04198, 0.04391, 0.04391, 0.03837, 0.03837, 0.04013, 0.04198, 0.04198, 0.03668, 0.03837, 0.03837, 0.04013, 0.04013, 0.03507, 0.03668, 0.03837, 0.03837, 0.03837], [0.03756, 0.03929, 0.0411, 0.04299, 0.04299, 0.03756, 0.03929, 0.0411, 0.04299, 0.04497, 0.03756, 0.03929, 0.0411, 0.04299, 0.04299, 0.03756, 0.03756, 0.03929, 0.0411, 0.0411, 0.03591, 0.03756, 0.03756, 0.03929, 0.03929], [0.0373, 0.0373, 0.03902, 0.04081, 0.04081, 0.0373, 0.03902, 0.04081, 0.04269, 0.04269, 0.0373, 0.03902, 0.04081, 0.04269, 0.04466, 0.0373, 0.03902, 0.04081, 0.04269, 0.04269, 0.0373, 0.0373, 0.03902, 0.04081, 0.04081], [0.03591, 0.03756, 0.03756, 0.03929, 0.03929, 0.03756, 0.03756, 0.03929, 0.0411, 0.0411, 0.03756, 0.03929, 0.0411, 0.04299, 0.04299, 0.03756, 0.03929, 0.0411, 0.04299, 0.04497, 0.03756, 0.03929, 0.0411, 0.04299, 0.04299], [0.03507, 0.03668, 0.03837, 0.03837, 0.03837, 0.03668, 0.03837, 0.03837, 0.04013, 0.04013, 0.03837, 0.03837, 0.04013, 0.04198, 0.04198, 0.03837, 0.04013, 0.04198, 0.04391, 0.04391, 0.03837, 0.04013, 0.04198, 0.04391, 0.04593]]