[[0.04056, 0.04038, 0.0402, 0.04002, 0.03984, 0.04038, 0.04038, 0.0402, 0.04002, 0.03984, 0.0402, 0.0402, 0.04002, 0.03984, 0.03984, 0.04002, 0.04002, 0.03984, 0.03984, 0.03966, 0.03984, 0.03984, 0.03984, 0.03966, 0.03948], [0.0403, 0.04048, 0.0403, 0.04011, 0.03993, 0.0403, 0.0403, 0.0403, 0.04011, 0.03993, 0.04011, 0.04011, 0.04011, 0.03993, 0.03976, 0.03993, 0.03993, 0.03993, 0.03976, 0.03976, 0.03976, 0.03976, 0.03976, 0.03976, 0.03958], [0.04009, 0.04027, 0.04045, 0.04027, 0.04009, 0.04009, 0.04027, 0.04027, 0.04027, 0.04009, 0.03991, 0.04009, 0.04009, 0.04009, 0.03991, 0.03973, 0.03991, 0.03991, 0.03991, 0.03973, 0.03973, 0.03973, 0.03973, 0.03973, 0.03973], [0.03993, 0.04011, 0.0403, 0.04048, 0.0403, 0.03993, 0.04011, 0.0403, 0.0403, 0.0403, 0.03976, 0.03993, 0.04011, 0.04011, 0.04011, 0.03976, 0.03976, 0.03993, 0.03993, 0.03993, 0.03958, 0.03976, 0.03976, 0.03976, 0.03976], [0.03984, 0.04002, 0.0402, 0.04038, 0.04056, 0.03984, 0.04002, 0.0402, 0.04038, 0.04038, 0.03984, 0.03984, 0.04002, 0.0402, 0.0402, 0.03966, 0.03984, 0.03984, 0.04002, 0.04002, 0.03948, 0.03966, 0.03984, 0.03984, 0.03984], [0.0403, 0.0403, 0.04011, 0.03993, 0.03976, 0.04048, 0.0403, 0.04011, 0.03993, 0.03976, 0.0403, 0.0403, 0.04011, 0.03993, 0.03976, 0.04011, 0.04011, 0.03993, 0.03976, 0.03976, 0.03993, 0.03993, 0.03976, 0.03976, 0.03958], [0.0402, 0.0402, 0.0402, 0.04002, 0.03984, 0.0402, 0.04038, 0.0402, 0.04002, 0.03984, 0.0402, 0.0402, 0.0402, 0.04002, 0.03984, 0.04002, 0.04002, 0.04002, 0.03984, 0.03966, 0.03984, 0.03984, 0.03984, 0.03966, 0.03966], [0.03999, 0.04017, 0.04017, 0.04017, 0.03999, 0.03999, 0.04017, 0.04035, 0.04017, 0.03999, 0.03999, 0.04017, 0.04017, 0.04017, 0.03999, 0.03981, 0.03999, 0.03999, 0.03999, 0.03981, 0.03963, 0.03981, 0.03981, 0.03981, 0.03963], [0.03984, 0.04002, 0.0402, 0.0402, 0.0402, 0.03984, 0.04002, 0.0402, 0.04038, 0.0402, 0.03984, 0.04002, 0.0402, 0.0402, 0.0402, 0.03966, 0.03984, 0.04002, 0.04002, 0.04002, 0.03966, 0.03966, 0.03984, 0.03984, 0.03984], [0.03976, 0.03993, 0.04011, 0.0403, 0.0403, 0.03976, 0.03993, 0.04011, 0.0403, 0.04048, 0.03976, 0.03993, 0.04011, 0.0403, 0.0403, 0.03976, 0.03976, 0.03993, 0.04011, 0.04011, 0.03958, 0.03976, 0.03976, 0.03993, 0.03993], [0.04009, 0.04009, 0.03991, 0.03973, 0.03973, 0.04027, 0.04027, 0.04009, 0.03991, 0.03973, 0.04045, 0.04027, 0.04009, 0.03991, 0.03973, 0.04027, 0.04027, 0.04009, 0.03991, 0.03973, 0.04009, 0.04009, 0.03991, 0.03973, 0.03973], [0.03999, 0.03999, 0.03999, 0.03981, 0.03963, 0.04017, 0.04017, 0.04017, 0.03999, 0.03981, 0.04017, 0.04035, 0.04017, 0.03999, 0.03981, 0.04017, 0.04017, 0.04017, 0.03999, 0.03981, 0.03999, 0.03999, 0.03999, 0.03981, 0.03963], [0.03978, 0.03996, 0.03996, 0.03996, 0.03978, 0.03996, 0.04014, 0.04014, 0.04014, 0.03996, 0.03996, 0.04014, 0.04032, 0.04014, 0.03996, 0.03996, 0.04014, 0.04014, 0.04014, 0.03996, 0.03978, 0.03996, 0.03996, 0.03996, 0.03978], [0.03963, 0.03981, 0.03999, 0.03999, 0.03999, 0.03981, 0.03999, 0.04017, 0.04017, 0.04017, 0.03981, 0.03999, 0.04017, 0.04035, 0.04017, 0.03981, 0.03999, 0.04017, 0.04017, 0.04017, 0.03963, 0.03981, 0.03999, 0.03999, 0.03999], [0.03973, 0.03973, 0.03991, 0.04009, 0.04009, 0.03973, 0.03991, 0.04009, 0.04027, 0.04027, 0.03973, 0.03991, 0.04009, 0.04027, 0.04045, 0.03973, 0.03991, 0.04009, 0.04027, 0.04027, 0.03973, 0.03973, 0.03991, 0.04009, 0.04009], [0.03993, 0.03993, 0.03976, 0.03976, 0.03958, 0.04011, 0.04011, 0.03993, 0.03976, 0.03976, 0.0403, 0.0403, 0.04011, 0.03993, 0.03976, 0.04048, 0.0403, 0.04011, 0.03993, 0.03976, 0.0403, 0.0403, 0.04011, 0.03993, 0.03976], [0.03984, 0.03984, 0.03984, 0.03966, 0.03966, 0.04002, 0.04002, 0.04002, 0.03984, 0.03966, 0.0402, 0.0402, 0.0402, 0.04002, 0.03984, 0.0402, 0.04038, 0.0402, 0.04002, 0.03984, 0.0402, 0.0402, 0.0402, 0.04002, 0.03984], [0.03963, 0.03981, 0.03981, 0.03981, 0.03963, 0.03981, 0.03999, 0.03999, 0.03999, 0.03981, 0.03999, 0.04017, 0.04017, 0.04017, 0.03999, 0.03999, 0.04017, 0.04035, 0.04017, 0.03999, 0.03999, 0.04017, 0.04017, 0.04017, 0.03999], [0.03966, 0.03966, 0.03984, 0.03984, 0.03984, 0.03966, 0.03984, 0.04002, 0.04002, 0.04002, 0.03984, 0.04002, 0.0402, 0.0402, 0.0402, 0.03984, 0.04002, 0.0402, 0.04038, 0.0402, 0.03984, 0.04002, 0.0402, 0.0402, 0.0402], [0.03958, 0.03976, 0.03976, 0.03993, 0.03993, 0.03976, 0.03976, 0.03993, 0.04011, 0.04011, 0.03976, 0.03993, 0.04011, 0.0403, 0.0403, 0.03976, 0.03993, 0.04011, 0.0403, 0.04048, 0.03976, 0.03993, 0.04011, 0.0403, 0.0403], [0.03984, 0.03984, 0.03984, 0.03966, 0.03948, 0.04002, 0.04002, 0.03984, 0.03984, 0.03966, 0.0402, 0.0402, 0.04002, 0.03984, 0.03984, 0.04038, 0.04038, 0.0402, 0.04002, 0.03984, 0.04056, 0.04038, 0.0402, 0.04002, 0.03984], [0.03976, 0.03976, 0.03976, 0.03976, 0.03958, 0.03993, 0.03993, 0.03993, 0.03976, 0.03976, 0.04011, 0.04011, 0.04011, 0.03993, 0.03976, 0.0403, 0.0403, 0.0403, 0.04011, 0.03993, 0.0403, 0.04048, 0.0403, 0.04011, 0.03993], [0.03973, 0.03973, 0.03973, 0.03973, 0.03973, 0.03973, 0.03991, 0.03991, 0.03991, 0.03973, 0.03991, 0.04009, 0.04009, 0.04009, 0.03991, 0.04009, 0.04027, 0.04027, 0.04027, 0.04009, 0.04009, 0.04027, 0.04045, 0.04027, 0.04009], [0.03958, 0.03976, 0.03976, 0.03976, 0.03976, 0.03976, 0.03976, 0.03993, 0.03993, 0.03993, 0.03976, 0.03993, 0.04011, 0.04011, 0.04011, 0.03993, 0.04011, 0.0403, 0.0403, 0.0403, 0.03993, 0.04011, 0.0403, 0.04048, 0.0403], [0.03948, 0.03966, 0.03984, 0.03984, 0.03984, 0.03966, 0.03984, 0.03984, 0.04002, 0.04002, 0.03984, 0.03984, 0.04002, 0.0402, 0.0402, 0.03984, 0.04002, 0.0402, 0.04038, 0.04038, 0.03984, 0.04002, 0.0402, 0.04038, 0.04056]]