[[0.0839, 0.06469, 0.04988, 0.03846, 0.02965, 0.06469, 0.06469, 0.04988, 0.03846, 0.02965, 0.04988, 0.04988, 0.03846, 0.02965, 0.02965, 0.03846, 0.03846, 0.02965, 0.02965, 0.02286, 0.02965, 0.02965, 0.02965, 0.02286, 0.01763], [0.05786, 0.05786, 0.04462, 0.0344, 0.02653, 0.07505, 0.05786, 0.04462, 0.0344, 0.02653, 0.05786, 0.05786, 0.04462, 0.0344, 0.02653, 0.04462, 0.04462, 0.0344, 0.02653, 0.02653, 0.0344, 0.0344, 0.02653, 0.02653, 0.02045], [0.04313, 0.04313, 0.03326, 0.02564, 0.02564, 0.05594, 0.05594, 0.04313, 0.03326, 0.02564, 0.07255, 0.05594, 0.04313, 0.03326, 0.02564, 0.05594, 0.05594, 0.04313, 0.03326, 0.02564, 0.04313, 0.04313, 0.03326, 0.02564, 0.02564], [0.0344, 0.0344, 0.02653, 0.02653, 0.02045, 0.04462, 0.04462, 0.0344, 0.02653, 0.02653, 0.05786, 0.05786, 0.04462, 0.0344, 0.02653, 0.07505, 0.05786, 0.04462, 0.0344, 0.02653, 0.05786, 0.05786, 0.04462, 0.0344, 0.02653], [0.02965, 0.02965, 0.02965, 0.02286, 0.01763, 0.03846, 0.03846, 0.02965, 0.02965, 0.02286, 0.04988, 0.04988, 0.03846, 0.02965, 0.02965, 0.06469, 0.06469, 0.04988, 0.03846, 0.02965, 0.0839, 0.06469, 0.04988, 0.03846, 0.02965], [0.05786, 0.07505, 0.05786, 0.04462, 0.0344, 0.05786, 0.05786, 0.05786, 0.04462, 0.0344, 0.04462, 0.04462, 0.04462, 0.0344, 0.02653, 0.0344, 0.0344, 0.0344, 0.02653, 0.02653, 0.02653, 0.02653, 0.02653, 0.02653, 0.02045], [0.05139, 0.05139, 0.05139, 0.03962, 0.03055, 0.05139, 0.06665, 0.05139, 0.03962, 0.03055, 0.05139, 0.05139, 0.05139, 0.03962, 0.03055, 0.03962, 0.03962, 0.03962, 0.03055, 0.02356, 0.03055, 0.03055, 0.03055, 0.02356, 0.02356], [0.03831, 0.03831, 0.03831, 0.02954, 0.02278, 0.04969, 0.04969, 0.04969, 0.03831, 0.02954, 0.04969, 0.06444, 0.04969, 0.03831, 0.02954, 0.04969, 0.04969, 0.04969, 0.03831, 0.02954, 0.03831, 0.03831, 0.03831, 0.02954, 0.02278], [0.03055, 0.03055, 0.03055, 0.02356, 0.02356, 0.03962, 0.03962, 0.03962, 0.03055, 0.02356, 0.05139, 0.05139, 0.05139, 0.03962, 0.03055, 0.05139, 0.06665, 0.05139, 0.03962, 0.03055, 0.05139, 0.05139, 0.05139, 0.03962, 0.03055], [0.02653, 0.02653, 0.02653, 0.02653, 0.02045, 0.0344, 0.0344, 0.0344, 0.02653, 0.02653, 0.04462, 0.04462, 0.04462, 0.0344, 0.02653, 0.05786, 0.05786, 0.05786, 0.04462, 0.0344, 0.05786, 0.07505, 0.05786, 0.04462, 0.0344], [0.04313, 0.05594, 0.07255, 0.05594, 0.04313, 0.04313, 0.05594, 0.05594, 0.05594, 0.04313, 0.03326, 0.04313, 0.04313, 0.04313, 0.03326, 0.02564, 0.03326, 0.03326, 0.03326, 0.02564, 0.02564, 0.02564, 0.02564, 0.02564, 0.02564], [0.03831, 0.04969, 0.04969, 0.04969, 0.03831, 0.03831, 0.04969, 0.06444, 0.04969, 0.03831, 0.03831, 0.04969, 0.04969, 0.04969, 0.03831, 0.02954, 0.03831, 0.03831, 0.03831, 0.02954, 0.02278, 0.02954, 0.02954, 0.02954, 0.02278], [0.02841, 0.03684, 0.03684, 0.03684, 0.02841, 0.03684, 0.04778, 0.04778, 0.04778, 0.03684, 0.03684, 0.04778, 0.06197, 0.04778, 0.03684, 0.03684, 0.04778, 0.04778, 0.04778, 0.03684, 0.02841, 0.03684, 0.03684, 0.03684, 0.02841], [0.02278, 0.02954, 0.02954, 0.02954, 0.02278, 0.02954, 0.03831, 0.03831, 0.03831, 0.02954, 0.03831, 0.04969, 0.04969, 0.04969, 0.03831, 0.03831, 0.04969, 0.06444, 0.04969, 0.03831, 0.03831, 0.04969, 0.04969, 0.04969, 0.03831], [0.02564, 0.02564, 0.02564, 0.02564, 0.02564, 0.02564, 0.03326, 0.03326, 0.03326, 0.02564, 0.03326, 0.04313, 0.04313, 0.04313, 0.03326, 0.04313, 0.05594, 0.05594, 0.05594, 0.04313, 0.04313, 0.05594, 0.07255, 0.05594, 0.04313], [0.0344, 0.04462, 0.05786, 0.07505, 0.05786, 0.0344, 0.04462, 0.05786, 0.05786, 0.05786, 0.02653, 0.0344, 0.04462, 0.04462, 0.04462, 0.02653, 0.02653, 0.0344, 0.0344, 0.0344, 0.02045, 0.02653, 0.02653, 0.02653, 0.02653], [0.03055, 0.03962, 0.05139, 0.05139, 0.05139, 0.03055, 0.03962, 0.05139, 0.06665, 0.05139, 0.03055, 0.03962, 0.05139, 0.05139, 0.05139, 0.02356, 0.03055, 0.03962, 0.03962, 0.03962, 0.02356, 0.02356, 0.03055, 0.03055, 0.03055], [0.02278, 0.02954, 0.03831, 0.03831, 0.03831, 0.02954, 0.03831, 0.04969, 0.04969, 0.04969, 0.02954, 0.03831, 0.04969, 0.06444, 0.04969, 0.02954, 0.03831, 0.04969, 0.04969, 0.04969, 0.02278, 0.02954, 0.03831, 0.03831, 0.03831], [0.02356, 0.02356, 0.03055, 0.03055, 0.03055, 0.02356, 0.03055, 0.03962, 0.03962, 0.03962, 0.03055, 0.03962, 0.05139, 0.05139, 0.05139, 0.03055, 0.03962, 0.05139, 0.06665, 0.05139, 0.03055, 0.03962, 0.05139, 0.05139, 0.05139], [0.02045, 0.02653, 0.02653, 0.02653, 0.02653, 0.02653, 0.02653, 0.0344, 0.0344, 0.0344, 0.02653, 0.0344, 0.04462, 0.04462, 0.04462, 0.0344, 0.04462, 0.05786, 0.05786, 0.05786, 0.0344, 0.04462, 0.05786, 0.07505, 0.05786], [0.02965, 0.03846, 0.04988, 0.06469, 0.0839, 0.02965, 0.03846, 0.04988, 0.06469, 0.06469, 0.02965, 0.02965, 0.03846, 0.04988, 0.04988, 0.02286, 0.02965, 0.02965, 0.03846, 0.03846, 0.01763, 0.02286, 0.02965, 0.02965, 0.02965], [0.02653, 0.0344, 0.04462, 0.05786, 0.05786, 0.02653, 0.0344, 0.04462, 0.05786, 0.07505, 0.02653, 0.0344, 0.04462, 0.05786, 0.05786, 0.02653, 0.02653, 0.0344, 0.04462, 0.04462, 0.02045, 0.02653, 0.02653, 0.0344, 0.0344], [0.02564, 0.02564, 0.03326, 0.04313, 0.04313, 0.02564, 0.03326, 0.04313, 0.05594, 0.05594, 0.02564, 0.03326, 0.04313, 0.05594, 0.07255, 0.02564, 0.03326, 0.04313, 0.05594, 0.05594, 0.02564, 0.02564, 0.03326, 0.04313, 0.04313], [0.02045, 0.02653, 0.02653, 0.0344, 0.0344, 0.02653, 0.02653, 0.0344, 0.04462, 0.04462, 0.02653, 0.0344, 0.04462, 0.05786, 0.05786, 0.02653, 0.0344, 0.04462, 0.05786, 0.07505, 0.02653, 0.0344, 0.04462, 0.05786, 0.05786], [0.01763, 0.02286, 0.02965, 0.02965, 0.02965, 0.02286, 0.02965, 0.02965, 0.03846, 0.03846, 0.02965, 0.02965, 0.03846, 0.04988, 0.04988, 0.02965, 0.03846, 0.04988, 0.06469, 0.06469, 0.02965, 0.03846, 0.04988, 0.06469, 0.0839]]