[[0.07357, 0.05964, 0.04834, 0.03918, 0.03176, 0.05964, 0.05964, 0.04834, 0.03918, 0.03176, 0.04834, 0.04834, 0.03918, 0.03176, 0.03176, 0.03918, 0.03918, 0.03176, 0.03176, 0.02575, 0.03176, 0.03176, 0.03176, 0.02575, 0.02087], [0.05438, 0.05438, 0.04408, 0.03573, 0.02896, 0.06709, 0.05438, 0.04408, 0.03573, 0.02896, 0.05438, 0.05438, 0.04408, 0.03573, 0.02896, 0.04408, 0.04408, 0.03573, 0.02896, 0.02896, 0.03573, 0.03573, 0.02896, 0.02896, 0.02348], [0.04284, 0.04284, 0.03473, 0.02815, 0.02815, 0.05285, 0.05285, 0.04284, 0.03473, 0.02815, 0.0652, 0.05285, 0.04284, 0.03473, 0.02815, 0.05285, 0.05285, 0.04284, 0.03473, 0.02815, 0.04284, 0.04284, 0.03473, 0.02815, 0.02815], [0.03573, 0.03573, 0.02896, 0.02896, 0.02348, 0.04408, 0.04408, 0.03573, 0.02896, 0.02896, 0.05438, 0.05438, 0.04408, 0.03573, 0.02896, 0.06709, 0.05438, 0.04408, 0.03573, 0.02896, 0.05438, 0.05438, 0.04408, 0.03573, 0.02896], [0.03176, 0.03176, 0.03176, 0.02575, 0.02087, 0.03918, 0.03918, 0.03176, 0.03176, 0.02575, 0.04834, 0.04834, 0.03918, 0.03176, 0.03176, 0.05964, 0.05964, 0.04834, 0.03918, 0.03176, 0.07357, 0.05964, 0.04834, 0.03918, 0.03176], [0.05438, 0.06709, 0.05438, 0.04408, 0.03573, 0.05438, 0.05438, 0.05438, 0.04408, 0.03573, 0.04408, 0.04408, 0.04408, 0.03573, 0.02896, 0.03573, 0.03573, 0.03573, 0.02896, 0.02896, 0.02896, 0.02896, 0.02896, 0.02896, 0.02348], [0.04927, 0.04927, 0.04927, 0.03994, 0.03238, 0.04927, 0.06079, 0.04927, 0.03994, 0.03238, 0.04927, 0.04927, 0.04927, 0.03994, 0.03238, 0.03994, 0.03994, 0.03994, 0.03238, 0.02624, 0.03238, 0.03238, 0.03238, 0.02624, 0.02624], [0.03882, 0.03882, 0.03882, 0.03147, 0.02551, 0.04789, 0.04789, 0.04789, 0.03882, 0.03147, 0.04789, 0.05909, 0.04789, 0.03882, 0.03147, 0.04789, 0.04789, 0.04789, 0.03882, 0.03147, 0.03882, 0.03882, 0.03882, 0.03147, 0.02551], [0.03238, 0.03238, 0.03238, 0.02624, 0.02624, 0.03994, 0.03994, 0.03994, 0.03238, 0.02624, 0.04927, 0.04927, 0.04927, 0.03994, 0.03238, 0.04927, 0.06079, 0.04927, 0.03994, 0.03238, 0.04927, 0.04927, 0.04927, 0.03994, 0.03238], [0.02896, 0.02896, 0.02896, 0.02896, 0.02348, 0.03573, 0.03573, 0.03573, 0.02896, 0.02896, 0.04408, 0.04408, 0.04408, 0.03573, 0.02896, 0.05438, 0.05438, 0.05438, 0.04408, 0.03573, 0.05438, 0.06709, 0.05438, 0.04408, 0.03573], [0.04284, 0.05285, 0.0652, 0.05285, 0.04284, 0.04284, 0.05285, 0.05285, 0.05285, 0.04284, 0.03473, 0.04284, 0.04284, 0.04284, 0.03473, 0.02815, 0.03473, 0.03473, 0.03473, 0.02815, 0.02815, 0.02815, 0.02815, 0.02815, 0.02815], [0.03882, 0.04789, 0.04789, 0.04789, 0.03882, 0.03882, 0.04789, 0.05909, 0.04789, 0.03882, 0.03882, 0.04789, 0.04789, 0.04789, 0.03882, 0.03147, 0.03882, 0.03882, 0.03882, 0.03147, 0.02551, 0.03147, 0.03147, 0.03147, 0.02551], [0.03043, 0.03755, 0.03755, 0.03755, 0.03043, 0.03755, 0.04632, 0.04632, 0.04632, 0.03755, 0.03755, 0.04632, 0.05714, 0.04632, 0.03755, 0.03755, 0.04632, 0.04632, 0.04632, 0.03755, 0.03043, 0.03755, 0.03755, 0.03755, 0.03043], [0.02551, 0.03147, 0.03147, 0.03147, 0.02551, 0.03147, 0.03882, 0.03882, 0.03882, 0.03147, 0.03882, 0.04789, 0.04789, 0.04789, 0.03882, 0.03882, 0.04789, 0.05909, 0.04789, 0.03882, 0.03882, 0.04789, 0.04789, 0.04789, 0.03882], [0.02815, 0.02815, 0.02815, 0.02815, 0.02815, 0.02815, 0.03473, 0.03473, 0.03473, 0.02815, 0.03473, 0.04284, 0.04284, 0.04284, 0.03473, 0.04284, 0.05285, 0.05285, 0.05285, 0.04284, 0.04284, 0.05285, 0.0652, 0.05285, 0.04284], [0.03573, 0.04408, 0.05438, 0.06709, 0.05438, 0.03573, 0.04408, 0.05438, 0.05438, 0.05438, 0.02896, 0.03573, 0.04408, 0.04408, 0.04408, 0.02896, 0.02896, 0.03573, 0.03573, 0.03573, 0.02348, 0.02896, 0.02896, 0.02896, 0.02896], [0.03238, 0.03994, 0.04927, 0.04927, 0.04927, 0.03238, 0.03994, 0.04927, 0.06079, 0.04927, 0.03238, 0.03994, 0.04927, 0.04927, 0.04927, 0.02624, 0.03238, 0.03994, 0.03994, 0.03994, 0.02624, 0.02624, 0.03238, 0.03238, 0.03238], [0.02551, 0.03147, 0.03882, 0.03882, 0.03882, 0.03147, 0.03882, 0.04789, 0.04789, 0.04789, 0.03147, 0.03882, 0.04789, 0.05909, 0.04789, 0.03147, 0.03882, 0.04789, 0.04789, 0.04789, 0.02551, 0.03147, 0.03882, 0.03882, 0.03882], [0.02624, 0.02624, 0.03238, 0.03238, 0.03238, 0.02624, 0.03238, 0.03994, 0.03994, 0.03994, 0.03238, 0.03994, 0.04927, 0.04927, 0.04927, 0.03238, 0.03994, 0.04927, 0.06079, 0.04927, 0.03238, 0.03994, 0.04927, 0.04927, 0.04927], [0.02348, 0.02896, 0.02896, 0.02896, 0.02896, 0.02896, 0.02896, 0.03573, 0.03573, 0.03573, 0.02896, 0.03573, 0.04408, 0.04408, 0.04408, 0.03573, 0.04408, 0.05438, 0.05438, 0.05438, 0.03573, 0.04408, 0.05438, 0.06709, 0.05438], [0.03176, 0.03918, 0.04834, 0.05964, 0.07357, 0.03176, 0.03918, 0.04834, 0.05964, 0.05964, 0.03176, 0.03176, 0.03918, 0.04834, 0.04834, 0.02575, 0.03176, 0.03176, 0.03918, 0.03918, 0.02087, 0.02575, 0.03176, 0.03176, 0.03176], [0.02896, 0.03573, 0.04408, 0.05438, 0.05438, 0.02896, 0.03573, 0.04408, 0.05438, 0.06709, 0.02896, 0.03573, 0.04408, 0.05438, 0.05438, 0.02896, 0.02896, 0.03573, 0.04408, 0.04408, 0.02348, 0.02896, 0.02896, 0.03573, 0.03573], [0.02815, 0.02815, 0.03473, 0.04284, 0.04284, 0.02815, 0.03473, 0.04284, 0.05285, 0.05285, 0.02815, 0.03473, 0.04284, 0.05285, 0.0652, 0.02815, 0.03473, 0.04284, 0.05285, 0.05285, 0.02815, 0.02815, 0.03473, 0.04284, 0.04284], [0.02348, 0.02896, 0.02896, 0.03573, 0.03573, 0.02896, 0.02896, 0.03573, 0.04408, 0.04408, 0.02896, 0.03573, 0.04408, 0.05438, 0.05438, 0.02896, 0.03573, 0.04408, 0.05438, 0.06709, 0.02896, 0.03573, 0.04408, 0.05438, 0.05438], [0.02087, 0.02575, 0.03176, 0.03176, 0.03176, 0.02575, 0.03176, 0.03176, 0.03918, 0.03918, 0.03176, 0.03176, 0.03918, 0.04834, 0.04834, 0.03176, 0.03918, 0.04834, 0.05964, 0.05964, 0.03176, 0.03918, 0.04834, 0.05964, 0.07357]]