[[0.04165, 0.04111, 0.04058, 0.04006, 0.03954, 0.04111, 0.04111, 0.04058, 0.04006, 0.03954, 0.04058, 0.04058, 0.04006, 0.03954, 0.03954, 0.04006, 0.04006, 0.03954, 0.03954, 0.03903, 0.03954, 0.03954, 0.03954, 0.03903, 0.03852], [0.04086, 0.04139, 0.04086, 0.04033, 0.03981, 0.04086, 0.04086, 0.04086, 0.04033, 0.03981, 0.04033, 0.04033, 0.04033, 0.03981, 0.03929, 0.03981, 0.03981, 0.03981, 0.03929, 0.03929, 0.03929, 0.03929, 0.03929, 0.03929, 0.03879], [0.04025, 0.04077, 0.04131, 0.04077, 0.04025, 0.04025, 0.04077, 0.04077, 0.04077, 0.04025, 0.03973, 0.04025, 0.04025, 0.04025, 0.03973, 0.03921, 0.03973, 0.03973, 0.03973, 0.03921, 0.03921, 0.03921, 0.03921, 0.03921, 0.03921], [0.03981, 0.04033, 0.04086, 0.04139, 0.04086, 0.03981, 0.04033, 0.04086, 0.04086, 0.04086, 0.03929, 0.03981, 0.04033, 0.04033, 0.04033, 0.03929, 0.03929, 0.03981, 0.03981, 0.03981, 0.03879, 0.03929, 0.03929, 0.03929, 0.03929], [0.03954, 0.04006, 0.04058, 0.04111, 0.04165, 0.03954, 0.04006, 0.04058, 0.04111, 0.04111, 0.03954, 0.03954, 0.04006, 0.04058, 0.04058, 0.03903, 0.03954, 0.03954, 0.04006, 0.04006, 0.03852, 0.03903, 0.03954, 0.03954, 0.03954], [0.04086, 0.04086, 0.04033, 0.03981, 0.03929, 0.04139, 0.04086, 0.04033, 0.03981, 0.03929, 0.04086, 0.04086, 0.04033, 0.03981, 0.03929, 0.04033, 0.04033, 0.03981, 0.03929, 0.03929, 0.03981, 0.03981, 0.03929, 0.03929, 0.03879], [0.04058, 0.04058, 0.04058, 0.04006, 0.03954, 0.04058, 0.04111, 0.04058, 0.04006, 0.03954, 0.04058, 0.04058, 0.04058, 0.04006, 0.03954, 0.04006, 0.04006, 0.04006, 0.03954, 0.03903, 0.03954, 0.03954, 0.03954, 0.03903, 0.03903], [0.03998, 0.0405, 0.0405, 0.0405, 0.03998, 0.03998, 0.0405, 0.04103, 0.0405, 0.03998, 0.03998, 0.0405, 0.0405, 0.0405, 0.03998, 0.03946, 0.03998, 0.03998, 0.03998, 0.03946, 0.03895, 0.03946, 0.03946, 0.03946, 0.03895], [0.03954, 0.04006, 0.04058, 0.04058, 0.04058, 0.03954, 0.04006, 0.04058, 0.04111, 0.04058, 0.03954, 0.04006, 0.04058, 0.04058, 0.04058, 0.03903, 0.03954, 0.04006, 0.04006, 0.04006, 0.03903, 0.03903, 0.03954, 0.03954, 0.03954], [0.03929, 0.03981, 0.04033, 0.04086, 0.04086, 0.03929, 0.03981, 0.04033, 0.04086, 0.04139, 0.03929, 0.03981, 0.04033, 0.04086, 0.04086, 0.03929, 0.03929, 0.03981, 0.04033, 0.04033, 0.03879, 0.03929, 0.03929, 0.03981, 0.03981], [0.04025, 0.04025, 0.03973, 0.03921, 0.03921, 0.04077, 0.04077, 0.04025, 0.03973, 0.03921, 0.04131, 0.04077, 0.04025, 0.03973, 0.03921, 0.04077, 0.04077, 0.04025, 0.03973, 0.03921, 0.04025, 0.04025, 0.03973, 0.03921, 0.03921], [0.03998, 0.03998, 0.03998, 0.03946, 0.03895, 0.0405, 0.0405, 0.0405, 0.03998, 0.03946, 0.0405, 0.04103, 0.0405, 0.03998, 0.03946, 0.0405, 0.0405, 0.0405, 0.03998, 0.03946, 0.03998, 0.03998, 0.03998, 0.03946, 0.03895], [0.03936, 0.03987, 0.03987, 0.03987, 0.03936, 0.03987, 0.0404, 0.0404, 0.0404, 0.03987, 0.03987, 0.0404, 0.04092, 0.0404, 0.03987, 0.03987, 0.0404, 0.0404, 0.0404, 0.03987, 0.03936, 0.03987, 0.03987, 0.03987, 0.03936], [0.03895, 0.03946, 0.03998, 0.03998, 0.03998, 0.03946, 0.03998, 0.0405, 0.0405, 0.0405, 0.03946, 0.03998, 0.0405, 0.04103, 0.0405, 0.03946, 0.03998, 0.0405, 0.0405, 0.0405, 0.03895, 0.03946, 0.03998, 0.03998, 0.03998], [0.03921, 0.03921, 0.03973, 0.04025, 0.04025, 0.03921, 0.03973, 0.04025, 0.04077, 0.04077, 0.03921, 0.03973, 0.04025, 0.04077, 0.04131, 0.03921, 0.03973, 0.04025, 0.04077, 0.04077, 0.03921, 0.03921, 0.03973, 0.04025, 0.04025], [0.03981, 0.03981, 0.03929, 0.03929, 0.03879, 0.04033, 0.04033, 0.03981, 0.03929, 0.03929, 0.04086, 0.04086, 0.04033, 0.03981, 0.03929, 0.04139, 0.04086, 0.04033, 0.03981, 0.03929, 0.04086, 0.04086, 0.04033, 0.03981, 0.03929], [0.03954, 0.03954, 0.03954, 0.03903, 0.03903, 0.04006, 0.04006, 0.04006, 0.03954, 0.03903, 0.04058, 0.04058, 0.04058, 0.04006, 0.03954, 0.04058, 0.04111, 0.04058, 0.04006, 0.03954, 0.04058, 0.04058, 0.04058, 0.04006, 0.03954], [0.03895, 0.03946, 0.03946, 0.03946, 0.03895, 0.03946, 0.03998, 0.03998, 0.03998, 0.03946, 0.03998, 0.0405, 0.0405, 0.0405, 0.03998, 0.03998, 0.0405, 0.04103, 0.0405, 0.03998, 0.03998, 0.0405, 0.0405, 0.0405, 0.03998], [0.03903, 0.03903, 0.03954, 0.03954, 0.03954, 0.03903, 0.03954, 0.04006, 0.04006, 0.04006, 0.03954, 0.04006, 0.04058, 0.04058, 0.04058, 0.03954, 0.04006, 0.04058, 0.04111, 0.04058, 0.03954, 0.04006, 0.04058, 0.04058, 0.04058], [0.03879, 0.03929, 0.03929, 0.03981, 0.03981, 0.03929, 0.03929, 0.03981, 0.04033, 0.04033, 0.03929, 0.03981, 0.04033, 0.04086, 0.04086, 0.03929, 0.03981, 0.04033, 0.04086, 0.04139, 0.03929, 0.03981, 0.04033, 0.04086, 0.04086], [0.03954, 0.03954, 0.03954, 0.03903, 0.03852, 0.04006, 0.04006, 0.03954, 0.03954, 0.03903, 0.04058, 0.04058, 0.04006, 0.03954, 0.03954, 0.04111, 0.04111, 0.04058, 0.04006, 0.03954, 0.04165, 0.04111, 0.04058, 0.04006, 0.03954], [0.03929, 0.03929, 0.03929, 0.03929, 0.03879, 0.03981, 0.03981, 0.03981, 0.03929, 0.03929, 0.04033, 0.04033, 0.04033, 0.03981, 0.03929, 0.04086, 0.04086, 0.04086, 0.04033, 0.03981, 0.04086, 0.04139, 0.04086, 0.04033, 0.03981], [0.03921, 0.03921, 0.03921, 0.03921, 0.03921, 0.03921, 0.03973, 0.03973, 0.03973, 0.03921, 0.03973, 0.04025, 0.04025, 0.04025, 0.03973, 0.04025, 0.04077, 0.04077, 0.04077, 0.04025, 0.04025, 0.04077, 0.04131, 0.04077, 0.04025], [0.03879, 0.03929, 0.03929, 0.03929, 0.03929, 0.03929, 0.03929, 0.03981, 0.03981, 0.03981, 0.03929, 0.03981, 0.04033, 0.04033, 0.04033, 0.03981, 0.04033, 0.04086, 0.04086, 0.04086, 0.03981, 0.04033, 0.04086, 0.04139, 0.04086], [0.03852, 0.03903, 0.03954, 0.03954, 0.03954, 0.03903, 0.03954, 0.03954, 0.04006, 0.04006, 0.03954, 0.03954, 0.04006, 0.04058, 0.04058, 0.03954, 0.04006, 0.04058, 0.04111, 0.04111, 0.03954, 0.04006, 0.04058, 0.04111, 0.04165]]