[[0.06783, 0.05665, 0.04732, 0.03953, 0.03301, 0.05665, 0.05665, 0.04732, 0.03953, 0.03301, 0.04732, 0.04732, 0.03953, 0.03301, 0.03301, 0.03953, 0.03953, 0.03301, 0.03301, 0.02758, 0.03301, 0.03301, 0.03301, 0.02758, 0.02303], [0.05229, 0.05229, 0.04367, 0.03648, 0.03047, 0.0626, 0.05229, 0.04367, 0.03648, 0.03047, 0.05229, 0.05229, 0.04367, 0.03648, 0.03047, 0.04367, 0.04367, 0.03648, 0.03047, 0.03047, 0.03648, 0.03648, 0.03047, 0.03047, 0.02545], [0.04259, 0.04259, 0.03557, 0.02971, 0.02971, 0.05099, 0.05099, 0.04259, 0.03557, 0.02971, 0.06105, 0.05099, 0.04259, 0.03557, 0.02971, 0.05099, 0.05099, 0.04259, 0.03557, 0.02971, 0.04259, 0.04259, 0.03557, 0.02971, 0.02971], [0.03648, 0.03648, 0.03047, 0.03047, 0.02545, 0.04367, 0.04367, 0.03648, 0.03047, 0.03047, 0.05229, 0.05229, 0.04367, 0.03648, 0.03047, 0.0626, 0.05229, 0.04367, 0.03648, 0.03047, 0.05229, 0.05229, 0.04367, 0.03648, 0.03047], [0.03301, 0.03301, 0.03301, 0.02758, 0.02303, 0.03953, 0.03953, 0.03301, 0.03301, 0.02758, 0.04732, 0.04732, 0.03953, 0.03301, 0.03301, 0.05665, 0.05665, 0.04732, 0.03953, 0.03301, 0.06783, 0.05665, 0.04732, 0.03953, 0.03301], [0.05229, 0.0626, 0.05229, 0.04367, 0.03648, 0.05229, 0.05229, 0.05229, 0.04367, 0.03648, 0.04367, 0.04367, 0.04367, 0.03648, 0.03047, 0.03648, 0.03648, 0.03648, 0.03047, 0.03047, 0.03047, 0.03047, 0.03047, 0.03047, 0.02545], [0.04798, 0.04798, 0.04798, 0.04008, 0.03348, 0.04798, 0.05745, 0.04798, 0.04008, 0.03348, 0.04798, 0.04798, 0.04798, 0.04008, 0.03348, 0.04008, 0.04008, 0.04008, 0.03348, 0.02796, 0.03348, 0.03348, 0.03348, 0.02796, 0.02796], [0.03909, 0.03909, 0.03909, 0.03265, 0.02727, 0.0468, 0.0468, 0.0468, 0.03909, 0.03265, 0.0468, 0.05603, 0.0468, 0.03909, 0.03265, 0.0468, 0.0468, 0.0468, 0.03909, 0.03265, 0.03909, 0.03909, 0.03909, 0.03265, 0.02727], [0.03348, 0.03348, 0.03348, 0.02796, 0.02796, 0.04008, 0.04008, 0.04008, 0.03348, 0.02796, 0.04798, 0.04798, 0.04798, 0.04008, 0.03348, 0.04798, 0.05745, 0.04798, 0.04008, 0.03348, 0.04798, 0.04798, 0.04798, 0.04008, 0.03348], [0.03047, 0.03047, 0.03047, 0.03047, 0.02545, 0.03648, 0.03648, 0.03648, 0.03047, 0.03047, 0.04367, 0.04367, 0.04367, 0.03648, 0.03047, 0.05229, 0.05229, 0.05229, 0.04367, 0.03648, 0.05229, 0.0626, 0.05229, 0.04367, 0.03648], [0.04259, 0.05099, 0.06105, 0.05099, 0.04259, 0.04259, 0.05099, 0.05099, 0.05099, 0.04259, 0.03557, 0.04259, 0.04259, 0.04259, 0.03557, 0.02971, 0.03557, 0.03557, 0.03557, 0.02971, 0.02971, 0.02971, 0.02971, 0.02971, 0.02971], [0.03909, 0.0468, 0.0468, 0.0468, 0.03909, 0.03909, 0.0468, 0.05603, 0.0468, 0.03909, 0.03909, 0.0468, 0.0468, 0.0468, 0.03909, 0.03265, 0.03909, 0.03909, 0.03909, 0.03265, 0.02727, 0.03265, 0.03265, 0.03265, 0.02727], [0.0317, 0.03795, 0.03795, 0.03795, 0.0317, 0.03795, 0.04543, 0.04543, 0.04543, 0.03795, 0.03795, 0.04543, 0.05439, 0.04543, 0.03795, 0.03795, 0.04543, 0.04543, 0.04543, 0.03795, 0.0317, 0.03795, 0.03795, 0.03795, 0.0317], [0.02727, 0.03265, 0.03265, 0.03265, 0.02727, 0.03265, 0.03909, 0.03909, 0.03909, 0.03265, 0.03909, 0.0468, 0.0468, 0.0468, 0.03909, 0.03909, 0.0468, 0.05603, 0.0468, 0.03909, 0.03909, 0.0468, 0.0468, 0.0468, 0.03909], [0.02971, 0.02971, 0.02971, 0.02971, 0.02971, 0.02971, 0.03557, 0.03557, 0.03557, 0.02971, 0.03557, 0.04259, 0.04259, 0.04259, 0.03557, 0.04259, 0.05099, 0.05099, 0.05099, 0.04259, 0.04259, 0.05099, 0.06105, 0.05099, 0.04259], [0.03648, 0.04367, 0.05229, 0.0626, 0.05229, 0.03648, 0.04367, 0.05229, 0.05229, 0.05229, 0.03047, 0.03648, 0.04367, 0.04367, 0.04367, 0.03047, 0.03047, 0.03648, 0.03648, 0.03648, 0.02545, 0.03047, 0.03047, 0.03047, 0.03047], [0.03348, 0.04008, 0.04798, 0.04798, 0.04798, 0.03348, 0.04008, 0.04798, 0.05745, 0.04798, 0.03348, 0.04008, 0.04798, 0.04798, 0.04798, 0.02796, 0.03348, 0.04008, 0.04008, 0.04008, 0.02796, 0.02796, 0.03348, 0.03348, 0.03348], [0.02727, 0.03265, 0.03909, 0.03909, 0.03909, 0.03265, 0.03909, 0.0468, 0.0468, 0.0468, 0.03265, 0.03909, 0.0468, 0.05603, 0.0468, 0.03265, 0.03909, 0.0468, 0.0468, 0.0468, 0.02727, 0.03265, 0.03909, 0.03909, 0.03909], [0.02796, 0.02796, 0.03348, 0.03348, 0.03348, 0.02796, 0.03348, 0.04008, 0.04008, 0.04008, 0.03348, 0.04008, 0.04798, 0.04798, 0.04798, 0.03348, 0.04008, 0.04798, 0.05745, 0.04798, 0.03348, 0.04008, 0.04798, 0.04798, 0.04798], [0.02545, 0.03047, 0.03047, 0.03047, 0.03047, 0.03047, 0.03047, 0.03648, 0.03648, 0.03648, 0.03047, 0.03648, 0.04367, 0.04367, 0.04367, 0.03648, 0.04367, 0.05229, 0.05229, 0.05229, 0.03648, 0.04367, 0.05229, 0.0626, 0.05229], [0.03301, 0.03953, 0.04732, 0.05665, 0.06783, 0.03301, 0.03953, 0.04732, 0.05665, 0.05665, 0.03301, 0.03301, 0.03953, 0.04732, 0.04732, 0.02758, 0.03301, 0.03301, 0.03953, 0.03953, 0.02303, 0.02758, 0.03301, 0.03301, 0.03301], [0.03047, 0.03648, 0.04367, 0.05229, 0.05229, 0.03047, 0.03648, 0.04367, 0.05229, 0.0626, 0.03047, 0.03648, 0.04367, 0.05229, 0.05229, 0.03047, 0.03047, 0.03648, 0.04367, 0.04367, 0.02545, 0.03047, 0.03047, 0.03648, 0.03648], [0.02971, 0.02971, 0.03557, 0.04259, 0.04259, 0.02971, 0.03557, 0.04259, 0.05099, 0.05099, 0.02971, 0.03557, 0.04259, 0.05099, 0.06105, 0.02971, 0.03557, 0.04259, 0.05099, 0.05099, 0.02971, 0.02971, 0.03557, 0.04259, 0.04259], [0.02545, 0.03047, 0.03047, 0.03648, 0.03648, 0.03047, 0.03047, 0.03648, 0.04367, 0.04367, 0.03047, 0.03648, 0.04367, 0.05229, 0.05229, 0.03047, 0.03648, 0.04367, 0.05229, 0.0626, 0.03047, 0.03648, 0.04367, 0.05229, 0.05229], [0.02303, 0.02758, 0.03301, 0.03301, 0.03301, 0.02758, 0.03301, 0.03301, 0.03953, 0.03953, 0.03301, 0.03301, 0.03953, 0.04732, 0.04732, 0.03301, 0.03953, 0.04732, 0.05665, 0.05665, 0.03301, 0.03953, 0.04732, 0.05665, 0.06783]]