[[0.07162, 0.05864, 0.04801, 0.03931, 0.03218, 0.05864, 0.05864, 0.04801, 0.03931, 0.03218, 0.04801, 0.04801, 0.03931, 0.03218, 0.03218, 0.03931, 0.03931, 0.03218, 0.03218, 0.02635, 0.03218, 0.03218, 0.03218, 0.02635, 0.02157], [0.05368, 0.05368, 0.04395, 0.03598, 0.02946, 0.06557, 0.05368, 0.04395, 0.03598, 0.02946, 0.05368, 0.05368, 0.04395, 0.03598, 0.02946, 0.04395, 0.04395, 0.03598, 0.02946, 0.02946, 0.03598, 0.03598, 0.02946, 0.02946, 0.02412], [0.04276, 0.04276, 0.03501, 0.02866, 0.02866, 0.05223, 0.05223, 0.04276, 0.03501, 0.02866, 0.06379, 0.05223, 0.04276, 0.03501, 0.02866, 0.05223, 0.05223, 0.04276, 0.03501, 0.02866, 0.04276, 0.04276, 0.03501, 0.02866, 0.02866], [0.03598, 0.03598, 0.02946, 0.02946, 0.02412, 0.04395, 0.04395, 0.03598, 0.02946, 0.02946, 0.05368, 0.05368, 0.04395, 0.03598, 0.02946, 0.06557, 0.05368, 0.04395, 0.03598, 0.02946, 0.05368, 0.05368, 0.04395, 0.03598, 0.02946], [0.03218, 0.03218, 0.03218, 0.02635, 0.02157, 0.03931, 0.03931, 0.03218, 0.03218, 0.02635, 0.04801, 0.04801, 0.03931, 0.03218, 0.03218, 0.05864, 0.05864, 0.04801, 0.03931, 0.03218, 0.07162, 0.05864, 0.04801, 0.03931, 0.03218], [0.05368, 0.06557, 0.05368, 0.04395, 0.03598, 0.05368, 0.05368, 0.05368, 0.04395, 0.03598, 0.04395, 0.04395, 0.04395, 0.03598, 0.02946, 0.03598, 0.03598, 0.03598, 0.02946, 0.02946, 0.02946, 0.02946, 0.02946, 0.02946, 0.02412], [0.04885, 0.04885, 0.04885, 0.03999, 0.03274, 0.04885, 0.05966, 0.04885, 0.03999, 0.03274, 0.04885, 0.04885, 0.04885, 0.03999, 0.03274, 0.03999, 0.03999, 0.03999, 0.03274, 0.02681, 0.03274, 0.03274, 0.03274, 0.02681, 0.02681], [0.03891, 0.03891, 0.03891, 0.03186, 0.02609, 0.04753, 0.04753, 0.04753, 0.03891, 0.03186, 0.04753, 0.05805, 0.04753, 0.03891, 0.03186, 0.04753, 0.04753, 0.04753, 0.03891, 0.03186, 0.03891, 0.03891, 0.03891, 0.03186, 0.02609], [0.03274, 0.03274, 0.03274, 0.02681, 0.02681, 0.03999, 0.03999, 0.03999, 0.03274, 0.02681, 0.04885, 0.04885, 0.04885, 0.03999, 0.03274, 0.04885, 0.05966, 0.04885, 0.03999, 0.03274, 0.04885, 0.04885, 0.04885, 0.03999, 0.03274], [0.02946, 0.02946, 0.02946, 0.02946, 0.02412, 0.03598, 0.03598, 0.03598, 0.02946, 0.02946, 0.04395, 0.04395, 0.04395, 0.03598, 0.02946, 0.05368, 0.05368, 0.05368, 0.04395, 0.03598, 0.05368, 0.06557, 0.05368, 0.04395, 0.03598], [0.04276, 0.05223, 0.06379, 0.05223, 0.04276, 0.04276, 0.05223, 0.05223, 0.05223, 0.04276, 0.03501, 0.04276, 0.04276, 0.04276, 0.03501, 0.02866, 0.03501, 0.03501, 0.03501, 0.02866, 0.02866, 0.02866, 0.02866, 0.02866, 0.02866], [0.03891, 0.04753, 0.04753, 0.04753, 0.03891, 0.03891, 0.04753, 0.05805, 0.04753, 0.03891, 0.03891, 0.04753, 0.04753, 0.04753, 0.03891, 0.03186, 0.03891, 0.03891, 0.03891, 0.03186, 0.02609, 0.03186, 0.03186, 0.03186, 0.02609], [0.03085, 0.03768, 0.03768, 0.03768, 0.03085, 0.03768, 0.04602, 0.04602, 0.04602, 0.03768, 0.03768, 0.04602, 0.05621, 0.04602, 0.03768, 0.03768, 0.04602, 0.04602, 0.04602, 0.03768, 0.03085, 0.03768, 0.03768, 0.03768, 0.03085], [0.02609, 0.03186, 0.03186, 0.03186, 0.02609, 0.03186, 0.03891, 0.03891, 0.03891, 0.03186, 0.03891, 0.04753, 0.04753, 0.04753, 0.03891, 0.03891, 0.04753, 0.05805, 0.04753, 0.03891, 0.03891, 0.04753, 0.04753, 0.04753, 0.03891], [0.02866, 0.02866, 0.02866, 0.02866, 0.02866, 0.02866, 0.03501, 0.03501, 0.03501, 0.02866, 0.03501, 0.04276, 0.04276, 0.04276, 0.03501, 0.04276, 0.05223, 0.05223, 0.05223, 0.04276, 0.04276, 0.05223, 0.06379, 0.05223, 0.04276], [0.03598, 0.04395, 0.05368, 0.06557, 0.05368, 0.03598, 0.04395, 0.05368, 0.05368, 0.05368, 0.02946, 0.03598, 0.04395, 0.04395, 0.04395, 0.02946, 0.02946, 0.03598, 0.03598, 0.03598, 0.02412, 0.02946, 0.02946, 0.02946, 0.02946], [0.03274, 0.03999, 0.04885, 0.04885, 0.04885, 0.03274, 0.03999, 0.04885, 0.05966, 0.04885, 0.03274, 0.03999, 0.04885, 0.04885, 0.04885, 0.02681, 0.03274, 0.03999, 0.03999, 0.03999, 0.02681, 0.02681, 0.03274, 0.03274, 0.03274], [0.02609, 0.03186, 0.03891, 0.03891, 0.03891, 0.03186, 0.03891, 0.04753, 0.04753, 0.04753, 0.03186, 0.03891, 0.04753, 0.05805, 0.04753, 0.03186, 0.03891, 0.04753, 0.04753, 0.04753, 0.02609, 0.03186, 0.03891, 0.03891, 0.03891], [0.02681, 0.02681, 0.03274, 0.03274, 0.03274, 0.02681, 0.03274, 0.03999, 0.03999, 0.03999, 0.03274, 0.03999, 0.04885, 0.04885, 0.04885, 0.03274, 0.03999, 0.04885, 0.05966, 0.04885, 0.03274, 0.03999, 0.04885, 0.04885, 0.04885], [0.02412, 0.02946, 0.02946, 0.02946, 0.02946, 0.02946, 0.02946, 0.03598, 0.03598, 0.03598, 0.02946, 0.03598, 0.04395, 0.04395, 0.04395, 0.03598, 0.04395, 0.05368, 0.05368, 0.05368, 0.03598, 0.04395, 0.05368, 0.06557, 0.05368], [0.03218, 0.03931, 0.04801, 0.05864, 0.07162, 0.03218, 0.03931, 0.04801, 0.05864, 0.05864, 0.03218, 0.03218, 0.03931, 0.04801, 0.04801, 0.02635, 0.03218, 0.03218, 0.03931, 0.03931, 0.02157, 0.02635, 0.03218, 0.03218, 0.03218], [0.02946, 0.03598, 0.04395, 0.05368, 0.05368, 0.02946, 0.03598, 0.04395, 0.05368, 0.06557, 0.02946, 0.03598, 0.04395, 0.05368, 0.05368, 0.02946, 0.02946, 0.03598, 0.04395, 0.04395, 0.02412, 0.02946, 0.02946, 0.03598, 0.03598], [0.02866, 0.02866, 0.03501, 0.04276, 0.04276, 0.02866, 0.03501, 0.04276, 0.05223, 0.05223, 0.02866, 0.03501, 0.04276, 0.05223, 0.06379, 0.02866, 0.03501, 0.04276, 0.05223, 0.05223, 0.02866, 0.02866, 0.03501, 0.04276, 0.04276], [0.02412, 0.02946, 0.02946, 0.03598, 0.03598, 0.02946, 0.02946, 0.03598, 0.04395, 0.04395, 0.02946, 0.03598, 0.04395, 0.05368, 0.05368, 0.02946, 0.03598, 0.04395, 0.05368, 0.06557, 0.02946, 0.03598, 0.04395, 0.05368, 0.05368], [0.02157, 0.02635, 0.03218, 0.03218, 0.03218, 0.02635, 0.03218, 0.03218, 0.03931, 0.03931, 0.03218, 0.03218, 0.03931, 0.04801, 0.04801, 0.03218, 0.03931, 0.04801, 0.05864, 0.05864, 0.03218, 0.03931, 0.04801, 0.05864, 0.07162]]