[[0.11642, 0.07843, 0.05283, 0.03559, 0.02398, 0.07843, 0.07843, 0.05283, 0.03559, 0.02398, 0.05283, 0.05283, 0.03559, 0.02398, 0.02398, 0.03559, 0.03559, 0.02398, 0.02398, 0.01615, 0.02398, 0.02398, 0.02398, 0.01615, 0.01088], [0.06701, 0.06701, 0.04515, 0.03041, 0.02049, 0.09948, 0.06701, 0.04515, 0.03041, 0.02049, 0.06701, 0.06701, 0.04515, 0.03041, 0.02049, 0.04515, 0.04515, 0.03041, 0.02049, 0.02049, 0.03041, 0.03041, 0.02049, 0.02049, 0.0138], [0.04316, 0.04316, 0.02907, 0.01959, 0.01959, 0.06406, 0.06406, 0.04316, 0.02907, 0.01959, 0.09509, 0.06406, 0.04316, 0.02907, 0.01959, 0.06406, 0.06406, 0.04316, 0.02907, 0.01959, 0.04316, 0.04316, 0.02907, 0.01959, 0.01959], [0.03041, 0.03041, 0.02049, 0.02049, 0.0138, 0.04515, 0.04515, 0.03041, 0.02049, 0.02049, 0.06701, 0.06701, 0.04515, 0.03041, 0.02049, 0.09948, 0.06701, 0.04515, 0.03041, 0.02049, 0.06701, 0.06701, 0.04515, 0.03041, 0.02049], [0.02398, 0.02398, 0.02398, 0.01615, 0.01088, 0.03559, 0.03559, 0.02398, 0.02398, 0.01615, 0.05283, 0.05283, 0.03559, 0.02398, 0.02398, 0.07843, 0.07843, 0.05283, 0.03559, 0.02398, 0.11642, 0.07843, 0.05283, 0.03559, 0.02398], [0.06701, 0.09948, 0.06701, 0.04515, 0.03041, 0.06701, 0.06701, 0.06701, 0.04515, 0.03041, 0.04515, 0.04515, 0.04515, 0.03041, 0.02049, 0.03041, 0.03041, 0.03041, 0.02049, 0.02049, 0.02049, 0.02049, 0.02049, 0.02049, 0.0138], [0.05675, 0.05675, 0.05675, 0.03823, 0.02576, 0.05675, 0.08424, 0.05675, 0.03823, 0.02576, 0.05675, 0.05675, 0.05675, 0.03823, 0.02576, 0.03823, 0.03823, 0.03823, 0.02576, 0.01735, 0.02576, 0.02576, 0.02576, 0.01735, 0.01735], [0.03656, 0.03656, 0.03656, 0.02463, 0.01659, 0.05426, 0.05426, 0.05426, 0.03656, 0.02463, 0.05426, 0.08055, 0.05426, 0.03656, 0.02463, 0.05426, 0.05426, 0.05426, 0.03656, 0.02463, 0.03656, 0.03656, 0.03656, 0.02463, 0.01659], [0.02576, 0.02576, 0.02576, 0.01735, 0.01735, 0.03823, 0.03823, 0.03823, 0.02576, 0.01735, 0.05675, 0.05675, 0.05675, 0.03823, 0.02576, 0.05675, 0.08424, 0.05675, 0.03823, 0.02576, 0.05675, 0.05675, 0.05675, 0.03823, 0.02576], [0.02049, 0.02049, 0.02049, 0.02049, 0.0138, 0.03041, 0.03041, 0.03041, 0.02049, 0.02049, 0.04515, 0.04515, 0.04515, 0.03041, 0.02049, 0.06701, 0.06701, 0.06701, 0.04515, 0.03041, 0.06701, 0.09948, 0.06701, 0.04515, 0.03041], [0.04316, 0.06406, 0.09509, 0.06406, 0.04316, 0.04316, 0.06406, 0.06406, 0.06406, 0.04316, 0.02907, 0.04316, 0.04316, 0.04316, 0.02907, 0.01959, 0.02907, 0.02907, 0.02907, 0.01959, 0.01959, 0.01959, 0.01959, 0.01959, 0.01959], [0.03656, 0.05426, 0.05426, 0.05426, 0.03656, 0.03656, 0.05426, 0.08055, 0.05426, 0.03656, 0.03656, 0.05426, 0.05426, 0.05426, 0.03656, 0.02463, 0.03656, 0.03656, 0.03656, 0.02463, 0.01659, 0.02463, 0.02463, 0.02463, 0.01659], [0.02341, 0.03475, 0.03475, 0.03475, 0.02341, 0.03475, 0.05159, 0.05159, 0.05159, 0.03475, 0.03475, 0.05159, 0.07658, 0.05159, 0.03475, 0.03475, 0.05159, 0.05159, 0.05159, 0.03475, 0.02341, 0.03475, 0.03475, 0.03475, 0.02341], [0.01659, 0.02463, 0.02463, 0.02463, 0.01659, 0.02463, 0.03656, 0.03656, 0.03656, 0.02463, 0.03656, 0.05426, 0.05426, 0.05426, 0.03656, 0.03656, 0.05426, 0.08055, 0.05426, 0.03656, 0.03656, 0.05426, 0.05426, 0.05426, 0.03656], [0.01959, 0.01959, 0.01959, 0.01959, 0.01959, 0.01959, 0.02907, 0.02907, 0.02907, 0.01959, 0.02907, 0.04316, 0.04316, 0.04316, 0.02907, 0.04316, 0.06406, 0.06406, 0.06406, 0.04316, 0.04316, 0.06406, 0.09509, 0.06406, 0.04316], [0.03041, 0.04515, 0.06701, 0.09948, 0.06701, 0.03041, 0.04515, 0.06701, 0.06701, 0.06701, 0.02049, 0.03041, 0.04515, 0.04515, 0.04515, 0.02049, 0.02049, 0.03041, 0.03041, 0.03041, 0.0138, 0.02049, 0.02049, 0.02049, 0.02049], [0.02576, 0.03823, 0.05675, 0.05675, 0.05675, 0.02576, 0.03823, 0.05675, 0.08424, 0.05675, 0.02576, 0.03823, 0.05675, 0.05675, 0.05675, 0.01735, 0.02576, 0.03823, 0.03823, 0.03823, 0.01735, 0.01735, 0.02576, 0.02576, 0.02576], [0.01659, 0.02463, 0.03656, 0.03656, 0.03656, 0.02463, 0.03656, 0.05426, 0.05426, 0.05426, 0.02463, 0.03656, 0.05426, 0.08055, 0.05426, 0.02463, 0.03656, 0.05426, 0.05426, 0.05426, 0.01659, 0.02463, 0.03656, 0.03656, 0.03656], [0.01735, 0.01735, 0.02576, 0.02576, 0.02576, 0.01735, 0.02576, 0.03823, 0.03823, 0.03823, 0.02576, 0.03823, 0.05675, 0.05675, 0.05675, 0.02576, 0.03823, 0.05675, 0.08424, 0.05675, 0.02576, 0.03823, 0.05675, 0.05675, 0.05675], [0.0138, 0.02049, 0.02049, 0.02049, 0.02049, 0.02049, 0.02049, 0.03041, 0.03041, 0.03041, 0.02049, 0.03041, 0.04515, 0.04515, 0.04515, 0.03041, 0.04515, 0.06701, 0.06701, 0.06701, 0.03041, 0.04515, 0.06701, 0.09948, 0.06701], [0.02398, 0.03559, 0.05283, 0.07843, 0.11642, 0.02398, 0.03559, 0.05283, 0.07843, 0.07843, 0.02398, 0.02398, 0.03559, 0.05283, 0.05283, 0.01615, 0.02398, 0.02398, 0.03559, 0.03559, 0.01088, 0.01615, 0.02398, 0.02398, 0.02398], [0.02049, 0.03041, 0.04515, 0.06701, 0.06701, 0.02049, 0.03041, 0.04515, 0.06701, 0.09948, 0.02049, 0.03041, 0.04515, 0.06701, 0.06701, 0.02049, 0.02049, 0.03041, 0.04515, 0.04515, 0.0138, 0.02049, 0.02049, 0.03041, 0.03041], [0.01959, 0.01959, 0.02907, 0.04316, 0.04316, 0.01959, 0.02907, 0.04316, 0.06406, 0.06406, 0.01959, 0.02907, 0.04316, 0.06406, 0.09509, 0.01959, 0.02907, 0.04316, 0.06406, 0.06406, 0.01959, 0.01959, 0.02907, 0.04316, 0.04316], [0.0138, 0.02049, 0.02049, 0.03041, 0.03041, 0.02049, 0.02049, 0.03041, 0.04515, 0.04515, 0.02049, 0.03041, 0.04515, 0.06701, 0.06701, 0.02049, 0.03041, 0.04515, 0.06701, 0.09948, 0.02049, 0.03041, 0.04515, 0.06701, 0.06701], [0.01088, 0.01615, 0.02398, 0.02398, 0.02398, 0.01615, 0.02398, 0.02398, 0.03559, 0.03559, 0.02398, 0.02398, 0.03559, 0.05283, 0.05283, 0.02398, 0.03559, 0.05283, 0.07843, 0.07843, 0.02398, 0.03559, 0.05283, 0.07843, 0.11642]]