[[0.04031, 0.04021, 0.04011, 0.04001, 0.03991, 0.04021, 0.04021, 0.04011, 0.04001, 0.03991, 0.04011, 0.04011, 0.04001, 0.03991, 0.03991, 0.04001, 0.04001, 0.03991, 0.03991, 0.03981, 0.03991, 0.03991, 0.03991, 0.03981, 0.03971], [0.04016, 0.04026, 0.04016, 0.04006, 0.03996, 0.04016, 0.04016, 0.04016, 0.04006, 0.03996, 0.04006, 0.04006, 0.04006, 0.03996, 0.03986, 0.03996, 0.03996, 0.03996, 0.03986, 0.03986, 0.03986, 0.03986, 0.03986, 0.03986, 0.03976], [0.04005, 0.04015, 0.04025, 0.04015, 0.04005, 0.04005, 0.04015, 0.04015, 0.04015, 0.04005, 0.03995, 0.04005, 0.04005, 0.04005, 0.03995, 0.03985, 0.03995, 0.03995, 0.03995, 0.03985, 0.03985, 0.03985, 0.03985, 0.03985, 0.03985], [0.03996, 0.04006, 0.04016, 0.04026, 0.04016, 0.03996, 0.04006, 0.04016, 0.04016, 0.04016, 0.03986, 0.03996, 0.04006, 0.04006, 0.04006, 0.03986, 0.03986, 0.03996, 0.03996, 0.03996, 0.03976, 0.03986, 0.03986, 0.03986, 0.03986], [0.03991, 0.04001, 0.04011, 0.04021, 0.04031, 0.03991, 0.04001, 0.04011, 0.04021, 0.04021, 0.03991, 0.03991, 0.04001, 0.04011, 0.04011, 0.03981, 0.03991, 0.03991, 0.04001, 0.04001, 0.03971, 0.03981, 0.03991, 0.03991, 0.03991], [0.04016, 0.04016, 0.04006, 0.03996, 0.03986, 0.04026, 0.04016, 0.04006, 0.03996, 0.03986, 0.04016, 0.04016, 0.04006, 0.03996, 0.03986, 0.04006, 0.04006, 0.03996, 0.03986, 0.03986, 0.03996, 0.03996, 0.03986, 0.03986, 0.03976], [0.04011, 0.04011, 0.04011, 0.04001, 0.03991, 0.04011, 0.04021, 0.04011, 0.04001, 0.03991, 0.04011, 0.04011, 0.04011, 0.04001, 0.03991, 0.04001, 0.04001, 0.04001, 0.03991, 0.03981, 0.03991, 0.03991, 0.03991, 0.03981, 0.03981], [0.04, 0.0401, 0.0401, 0.0401, 0.04, 0.04, 0.0401, 0.0402, 0.0401, 0.04, 0.04, 0.0401, 0.0401, 0.0401, 0.04, 0.0399, 0.04, 0.04, 0.04, 0.0399, 0.0398, 0.0399, 0.0399, 0.0399, 0.0398], [0.03991, 0.04001, 0.04011, 0.04011, 0.04011, 0.03991, 0.04001, 0.04011, 0.04021, 0.04011, 0.03991, 0.04001, 0.04011, 0.04011, 0.04011, 0.03981, 0.03991, 0.04001, 0.04001, 0.04001, 0.03981, 0.03981, 0.03991, 0.03991, 0.03991], [0.03986, 0.03996, 0.04006, 0.04016, 0.04016, 0.03986, 0.03996, 0.04006, 0.04016, 0.04026, 0.03986, 0.03996, 0.04006, 0.04016, 0.04016, 0.03986, 0.03986, 0.03996, 0.04006, 0.04006, 0.03976, 0.03986, 0.03986, 0.03996, 0.03996], [0.04005, 0.04005, 0.03995, 0.03985, 0.03985, 0.04015, 0.04015, 0.04005, 0.03995, 0.03985, 0.04025, 0.04015, 0.04005, 0.03995, 0.03985, 0.04015, 0.04015, 0.04005, 0.03995, 0.03985, 0.04005, 0.04005, 0.03995, 0.03985, 0.03985], [0.04, 0.04, 0.04, 0.0399, 0.0398, 0.0401, 0.0401, 0.0401, 0.04, 0.0399, 0.0401, 0.0402, 0.0401, 0.04, 0.0399, 0.0401, 0.0401, 0.0401, 0.04, 0.0399, 0.04, 0.04, 0.04, 0.0399, 0.0398], [0.03988, 0.03998, 0.03998, 0.03998, 0.03988, 0.03998, 0.04008, 0.04008, 0.04008, 0.03998, 0.03998, 0.04008, 0.04018, 0.04008, 0.03998, 0.03998, 0.04008, 0.04008, 0.04008, 0.03998, 0.03988, 0.03998, 0.03998, 0.03998, 0.03988], [0.0398, 0.0399, 0.04, 0.04, 0.04, 0.0399, 0.04, 0.0401, 0.0401, 0.0401, 0.0399, 0.04, 0.0401, 0.0402, 0.0401, 0.0399, 0.04, 0.0401, 0.0401, 0.0401, 0.0398, 0.0399, 0.04, 0.04, 0.04], [0.03985, 0.03985, 0.03995, 0.04005, 0.04005, 0.03985, 0.03995, 0.04005, 0.04015, 0.04015, 0.03985, 0.03995, 0.04005, 0.04015, 0.04025, 0.03985, 0.03995, 0.04005, 0.04015, 0.04015, 0.03985, 0.03985, 0.03995, 0.04005, 0.04005], [0.03996, 0.03996, 0.03986, 0.03986, 0.03976, 0.04006, 0.04006, 0.03996, 0.03986, 0.03986, 0.04016, 0.04016, 0.04006, 0.03996, 0.03986, 0.04026, 0.04016, 0.04006, 0.03996, 0.03986, 0.04016, 0.04016, 0.04006, 0.03996, 0.03986], [0.03991, 0.03991, 0.03991, 0.03981, 0.03981, 0.04001, 0.04001, 0.04001, 0.03991, 0.03981, 0.04011, 0.04011, 0.04011, 0.04001, 0.03991, 0.04011, 0.04021, 0.04011, 0.04001, 0.03991, 0.04011, 0.04011, 0.04011, 0.04001, 0.03991], [0.0398, 0.0399, 0.0399, 0.0399, 0.0398, 0.0399, 0.04, 0.04, 0.04, 0.0399, 0.04, 0.0401, 0.0401, 0.0401, 0.04, 0.04, 0.0401, 0.0402, 0.0401, 0.04, 0.04, 0.0401, 0.0401, 0.0401, 0.04], [0.03981, 0.03981, 0.03991, 0.03991, 0.03991, 0.03981, 0.03991, 0.04001, 0.04001, 0.04001, 0.03991, 0.04001, 0.04011, 0.04011, 0.04011, 0.03991, 0.04001, 0.04011, 0.04021, 0.04011, 0.03991, 0.04001, 0.04011, 0.04011, 0.04011], [0.03976, 0.03986, 0.03986, 0.03996, 0.03996, 0.03986, 0.03986, 0.03996, 0.04006, 0.04006, 0.03986, 0.03996, 0.04006, 0.04016, 0.04016, 0.03986, 0.03996, 0.04006, 0.04016, 0.04026, 0.03986, 0.03996, 0.04006, 0.04016, 0.04016], [0.03991, 0.03991, 0.03991, 0.03981, 0.03971, 0.04001, 0.04001, 0.03991, 0.03991, 0.03981, 0.04011, 0.04011, 0.04001, 0.03991, 0.03991, 0.04021, 0.04021, 0.04011, 0.04001, 0.03991, 0.04031, 0.04021, 0.04011, 0.04001, 0.03991], [0.03986, 0.03986, 0.03986, 0.03986, 0.03976, 0.03996, 0.03996, 0.03996, 0.03986, 0.03986, 0.04006, 0.04006, 0.04006, 0.03996, 0.03986, 0.04016, 0.04016, 0.04016, 0.04006, 0.03996, 0.04016, 0.04026, 0.04016, 0.04006, 0.03996], [0.03985, 0.03985, 0.03985, 0.03985, 0.03985, 0.03985, 0.03995, 0.03995, 0.03995, 0.03985, 0.03995, 0.04005, 0.04005, 0.04005, 0.03995, 0.04005, 0.04015, 0.04015, 0.04015, 0.04005, 0.04005, 0.04015, 0.04025, 0.04015, 0.04005], [0.03976, 0.03986, 0.03986, 0.03986, 0.03986, 0.03986, 0.03986, 0.03996, 0.03996, 0.03996, 0.03986, 0.03996, 0.04006, 0.04006, 0.04006, 0.03996, 0.04006, 0.04016, 0.04016, 0.04016, 0.03996, 0.04006, 0.04016, 0.04026, 0.04016], [0.03971, 0.03981, 0.03991, 0.03991, 0.03991, 0.03981, 0.03991, 0.03991, 0.04001, 0.04001, 0.03991, 0.03991, 0.04001, 0.04011, 0.04011, 0.03991, 0.04001, 0.04011, 0.04021, 0.04021, 0.03991, 0.04001, 0.04011, 0.04021, 0.04031]]