[[0.06241, 0.05371, 0.04623, 0.03979, 0.03425, 0.05371, 0.05371, 0.04623, 0.03979, 0.03425, 0.04623, 0.04623, 0.03979, 0.03425, 0.03425, 0.03979, 0.03979, 0.03425, 0.03425, 0.02948, 0.03425, 0.03425, 0.03425, 0.02948, 0.02537], [0.05019, 0.05019, 0.0432, 0.03719, 0.03201, 0.05832, 0.05019, 0.0432, 0.03719, 0.03201, 0.05019, 0.05019, 0.0432, 0.03719, 0.03201, 0.0432, 0.0432, 0.03719, 0.03201, 0.03201, 0.03719, 0.03719, 0.03201, 0.03201, 0.02755], [0.04229, 0.04229, 0.0364, 0.03133, 0.03133, 0.04913, 0.04913, 0.04229, 0.0364, 0.03133, 0.05708, 0.04913, 0.04229, 0.0364, 0.03133, 0.04913, 0.04913, 0.04229, 0.0364, 0.03133, 0.04229, 0.04229, 0.0364, 0.03133, 0.03133], [0.03719, 0.03719, 0.03201, 0.03201, 0.02755, 0.0432, 0.0432, 0.03719, 0.03201, 0.03201, 0.05019, 0.05019, 0.0432, 0.03719, 0.03201, 0.05832, 0.05019, 0.0432, 0.03719, 0.03201, 0.05019, 0.05019, 0.0432, 0.03719, 0.03201], [0.03425, 0.03425, 0.03425, 0.02948, 0.02537, 0.03979, 0.03979, 0.03425, 0.03425, 0.02948, 0.04623, 0.04623, 0.03979, 0.03425, 0.03425, 0.05371, 0.05371, 0.04623, 0.03979, 0.03425, 0.06241, 0.05371, 0.04623, 0.03979, 0.03425], [0.05019, 0.05832, 0.05019, 0.0432, 0.03719, 0.05019, 0.05019, 0.05019, 0.0432, 0.03719, 0.0432, 0.0432, 0.0432, 0.03719, 0.03201, 0.03719, 0.03719, 0.03719, 0.03201, 0.03201, 0.03201, 0.03201, 0.03201, 0.03201, 0.02755], [0.04668, 0.04668, 0.04668, 0.04017, 0.03458, 0.04668, 0.05423, 0.04668, 0.04017, 0.03458, 0.04668, 0.04668, 0.04668, 0.04017, 0.03458, 0.04017, 0.04017, 0.04017, 0.03458, 0.02976, 0.03458, 0.03458, 0.03458, 0.02976, 0.02976], [0.03932, 0.03932, 0.03932, 0.03385, 0.02913, 0.04569, 0.04569, 0.04569, 0.03932, 0.03385, 0.04569, 0.05308, 0.04569, 0.03932, 0.03385, 0.04569, 0.04569, 0.04569, 0.03932, 0.03385, 0.03932, 0.03932, 0.03932, 0.03385, 0.02913], [0.03458, 0.03458, 0.03458, 0.02976, 0.02976, 0.04017, 0.04017, 0.04017, 0.03458, 0.02976, 0.04668, 0.04668, 0.04668, 0.04017, 0.03458, 0.04668, 0.05423, 0.04668, 0.04017, 0.03458, 0.04668, 0.04668, 0.04668, 0.04017, 0.03458], [0.03201, 0.03201, 0.03201, 0.03201, 0.02755, 0.03719, 0.03719, 0.03719, 0.03201, 0.03201, 0.0432, 0.0432, 0.0432, 0.03719, 0.03201, 0.05019, 0.05019, 0.05019, 0.0432, 0.03719, 0.05019, 0.05832, 0.05019, 0.0432, 0.03719], [0.04229, 0.04913, 0.05708, 0.04913, 0.04229, 0.04229, 0.04913, 0.04913, 0.04913, 0.04229, 0.0364, 0.04229, 0.04229, 0.04229, 0.0364, 0.03133, 0.0364, 0.0364, 0.0364, 0.03133, 0.03133, 0.03133, 0.03133, 0.03133, 0.03133], [0.03932, 0.04569, 0.04569, 0.04569, 0.03932, 0.03932, 0.04569, 0.05308, 0.04569, 0.03932, 0.03932, 0.04569, 0.04569, 0.04569, 0.03932, 0.03385, 0.03932, 0.03932, 0.03932, 0.03385, 0.02913, 0.03385, 0.03385, 0.03385, 0.02913], [0.03299, 0.03833, 0.03833, 0.03833, 0.03299, 0.03833, 0.04454, 0.04454, 0.04454, 0.03833, 0.03833, 0.04454, 0.05174, 0.04454, 0.03833, 0.03833, 0.04454, 0.04454, 0.04454, 0.03833, 0.03299, 0.03833, 0.03833, 0.03833, 0.03299], [0.02913, 0.03385, 0.03385, 0.03385, 0.02913, 0.03385, 0.03932, 0.03932, 0.03932, 0.03385, 0.03932, 0.04569, 0.04569, 0.04569, 0.03932, 0.03932, 0.04569, 0.05308, 0.04569, 0.03932, 0.03932, 0.04569, 0.04569, 0.04569, 0.03932], [0.03133, 0.03133, 0.03133, 0.03133, 0.03133, 0.03133, 0.0364, 0.0364, 0.0364, 0.03133, 0.0364, 0.04229, 0.04229, 0.04229, 0.0364, 0.04229, 0.04913, 0.04913, 0.04913, 0.04229, 0.04229, 0.04913, 0.05708, 0.04913, 0.04229], [0.03719, 0.0432, 0.05019, 0.05832, 0.05019, 0.03719, 0.0432, 0.05019, 0.05019, 0.05019, 0.03201, 0.03719, 0.0432, 0.0432, 0.0432, 0.03201, 0.03201, 0.03719, 0.03719, 0.03719, 0.02755, 0.03201, 0.03201, 0.03201, 0.03201], [0.03458, 0.04017, 0.04668, 0.04668, 0.04668, 0.03458, 0.04017, 0.04668, 0.05423, 0.04668, 0.03458, 0.04017, 0.04668, 0.04668, 0.04668, 0.02976, 0.03458, 0.04017, 0.04017, 0.04017, 0.02976, 0.02976, 0.03458, 0.03458, 0.03458], [0.02913, 0.03385, 0.03932, 0.03932, 0.03932, 0.03385, 0.03932, 0.04569, 0.04569, 0.04569, 0.03385, 0.03932, 0.04569, 0.05308, 0.04569, 0.03385, 0.03932, 0.04569, 0.04569, 0.04569, 0.02913, 0.03385, 0.03932, 0.03932, 0.03932], [0.02976, 0.02976, 0.03458, 0.03458, 0.03458, 0.02976, 0.03458, 0.04017, 0.04017, 0.04017, 0.03458, 0.04017, 0.04668, 0.04668, 0.04668, 0.03458, 0.04017, 0.04668, 0.05423, 0.04668, 0.03458, 0.04017, 0.04668, 0.04668, 0.04668], [0.02755, 0.03201, 0.03201, 0.03201, 0.03201, 0.03201, 0.03201, 0.03719, 0.03719, 0.03719, 0.03201, 0.03719, 0.0432, 0.0432, 0.0432, 0.03719, 0.0432, 0.05019, 0.05019, 0.05019, 0.03719, 0.0432, 0.05019, 0.05832, 0.05019], [0.03425, 0.03979, 0.04623, 0.05371, 0.06241, 0.03425, 0.03979, 0.04623, 0.05371, 0.05371, 0.03425, 0.03425, 0.03979, 0.04623, 0.04623, 0.02948, 0.03425, 0.03425, 0.03979, 0.03979, 0.02537, 0.02948, 0.03425, 0.03425, 0.03425], [0.03201, 0.03719, 0.0432, 0.05019, 0.05019, 0.03201, 0.03719, 0.0432, 0.05019, 0.05832, 0.03201, 0.03719, 0.0432, 0.05019, 0.05019, 0.03201, 0.03201, 0.03719, 0.0432, 0.0432, 0.02755, 0.03201, 0.03201, 0.03719, 0.03719], [0.03133, 0.03133, 0.0364, 0.04229, 0.04229, 0.03133, 0.0364, 0.04229, 0.04913, 0.04913, 0.03133, 0.0364, 0.04229, 0.04913, 0.05708, 0.03133, 0.0364, 0.04229, 0.04913, 0.04913, 0.03133, 0.03133, 0.0364, 0.04229, 0.04229], [0.02755, 0.03201, 0.03201, 0.03719, 0.03719, 0.03201, 0.03201, 0.03719, 0.0432, 0.0432, 0.03201, 0.03719, 0.0432, 0.05019, 0.05019, 0.03201, 0.03719, 0.0432, 0.05019, 0.05832, 0.03201, 0.03719, 0.0432, 0.05019, 0.05019], [0.02537, 0.02948, 0.03425, 0.03425, 0.03425, 0.02948, 0.03425, 0.03425, 0.03979, 0.03979, 0.03425, 0.03425, 0.03979, 0.04623, 0.04623, 0.03425, 0.03979, 0.04623, 0.05371, 0.05371, 0.03425, 0.03979, 0.04623, 0.05371, 0.06241]]