[[0.06329, 0.0542, 0.04642, 0.03975, 0.03404, 0.0542, 0.0542, 0.04642, 0.03975, 0.03404, 0.04642, 0.04642, 0.03975, 0.03404, 0.03404, 0.03975, 0.03975, 0.03404, 0.03404, 0.02916, 0.03404, 0.03404, 0.03404, 0.02916, 0.02497], [0.05054, 0.05054, 0.04329, 0.03707, 0.03175, 0.05902, 0.05054, 0.04329, 0.03707, 0.03175, 0.05054, 0.05054, 0.04329, 0.03707, 0.03175, 0.04329, 0.04329, 0.03707, 0.03175, 0.03175, 0.03707, 0.03707, 0.03175, 0.03175, 0.02719], [0.04234, 0.04234, 0.03626, 0.03105, 0.03105, 0.04944, 0.04944, 0.04234, 0.03626, 0.03105, 0.05773, 0.04944, 0.04234, 0.03626, 0.03105, 0.04944, 0.04944, 0.04234, 0.03626, 0.03105, 0.04234, 0.04234, 0.03626, 0.03105, 0.03105], [0.03707, 0.03707, 0.03175, 0.03175, 0.02719, 0.04329, 0.04329, 0.03707, 0.03175, 0.03175, 0.05054, 0.05054, 0.04329, 0.03707, 0.03175, 0.05902, 0.05054, 0.04329, 0.03707, 0.03175, 0.05054, 0.05054, 0.04329, 0.03707, 0.03175], [0.03404, 0.03404, 0.03404, 0.02916, 0.02497, 0.03975, 0.03975, 0.03404, 0.03404, 0.02916, 0.04642, 0.04642, 0.03975, 0.03404, 0.03404, 0.0542, 0.0542, 0.04642, 0.03975, 0.03404, 0.06329, 0.0542, 0.04642, 0.03975, 0.03404], [0.05054, 0.05902, 0.05054, 0.04329, 0.03707, 0.05054, 0.05054, 0.05054, 0.04329, 0.03707, 0.04329, 0.04329, 0.04329, 0.03707, 0.03175, 0.03707, 0.03707, 0.03707, 0.03175, 0.03175, 0.03175, 0.03175, 0.03175, 0.03175, 0.02719], [0.04689, 0.04689, 0.04689, 0.04016, 0.03439, 0.04689, 0.05476, 0.04689, 0.04016, 0.03439, 0.04689, 0.04689, 0.04689, 0.04016, 0.03439, 0.04016, 0.04016, 0.04016, 0.03439, 0.02946, 0.03439, 0.03439, 0.03439, 0.02946, 0.02946], [0.03929, 0.03929, 0.03929, 0.03365, 0.02881, 0.04587, 0.04587, 0.04587, 0.03929, 0.03365, 0.04587, 0.05356, 0.04587, 0.03929, 0.03365, 0.04587, 0.04587, 0.04587, 0.03929, 0.03365, 0.03929, 0.03929, 0.03929, 0.03365, 0.02881], [0.03439, 0.03439, 0.03439, 0.02946, 0.02946, 0.04016, 0.04016, 0.04016, 0.03439, 0.02946, 0.04689, 0.04689, 0.04689, 0.04016, 0.03439, 0.04689, 0.05476, 0.04689, 0.04016, 0.03439, 0.04689, 0.04689, 0.04689, 0.04016, 0.03439], [0.03175, 0.03175, 0.03175, 0.03175, 0.02719, 0.03707, 0.03707, 0.03707, 0.03175, 0.03175, 0.04329, 0.04329, 0.04329, 0.03707, 0.03175, 0.05054, 0.05054, 0.05054, 0.04329, 0.03707, 0.05054, 0.05902, 0.05054, 0.04329, 0.03707], [0.04234, 0.04944, 0.05773, 0.04944, 0.04234, 0.04234, 0.04944, 0.04944, 0.04944, 0.04234, 0.03626, 0.04234, 0.04234, 0.04234, 0.03626, 0.03105, 0.03626, 0.03626, 0.03626, 0.03105, 0.03105, 0.03105, 0.03105, 0.03105, 0.03105], [0.03929, 0.04587, 0.04587, 0.04587, 0.03929, 0.03929, 0.04587, 0.05356, 0.04587, 0.03929, 0.03929, 0.04587, 0.04587, 0.04587, 0.03929, 0.03365, 0.03929, 0.03929, 0.03929, 0.03365, 0.02881, 0.03365, 0.03365, 0.03365, 0.02881], [0.03277, 0.03827, 0.03827, 0.03827, 0.03277, 0.03827, 0.04469, 0.04469, 0.04469, 0.03827, 0.03827, 0.04469, 0.05218, 0.04469, 0.03827, 0.03827, 0.04469, 0.04469, 0.04469, 0.03827, 0.03277, 0.03827, 0.03827, 0.03827, 0.03277], [0.02881, 0.03365, 0.03365, 0.03365, 0.02881, 0.03365, 0.03929, 0.03929, 0.03929, 0.03365, 0.03929, 0.04587, 0.04587, 0.04587, 0.03929, 0.03929, 0.04587, 0.05356, 0.04587, 0.03929, 0.03929, 0.04587, 0.04587, 0.04587, 0.03929], [0.03105, 0.03105, 0.03105, 0.03105, 0.03105, 0.03105, 0.03626, 0.03626, 0.03626, 0.03105, 0.03626, 0.04234, 0.04234, 0.04234, 0.03626, 0.04234, 0.04944, 0.04944, 0.04944, 0.04234, 0.04234, 0.04944, 0.05773, 0.04944, 0.04234], [0.03707, 0.04329, 0.05054, 0.05902, 0.05054, 0.03707, 0.04329, 0.05054, 0.05054, 0.05054, 0.03175, 0.03707, 0.04329, 0.04329, 0.04329, 0.03175, 0.03175, 0.03707, 0.03707, 0.03707, 0.02719, 0.03175, 0.03175, 0.03175, 0.03175], [0.03439, 0.04016, 0.04689, 0.04689, 0.04689, 0.03439, 0.04016, 0.04689, 0.05476, 0.04689, 0.03439, 0.04016, 0.04689, 0.04689, 0.04689, 0.02946, 0.03439, 0.04016, 0.04016, 0.04016, 0.02946, 0.02946, 0.03439, 0.03439, 0.03439], [0.02881, 0.03365, 0.03929, 0.03929, 0.03929, 0.03365, 0.03929, 0.04587, 0.04587, 0.04587, 0.03365, 0.03929, 0.04587, 0.05356, 0.04587, 0.03365, 0.03929, 0.04587, 0.04587, 0.04587, 0.02881, 0.03365, 0.03929, 0.03929, 0.03929], [0.02946, 0.02946, 0.03439, 0.03439, 0.03439, 0.02946, 0.03439, 0.04016, 0.04016, 0.04016, 0.03439, 0.04016, 0.04689, 0.04689, 0.04689, 0.03439, 0.04016, 0.04689, 0.05476, 0.04689, 0.03439, 0.04016, 0.04689, 0.04689, 0.04689], [0.02719, 0.03175, 0.03175, 0.03175, 0.03175, 0.03175, 0.03175, 0.03707, 0.03707, 0.03707, 0.03175, 0.03707, 0.04329, 0.04329, 0.04329, 0.03707, 0.04329, 0.05054, 0.05054, 0.05054, 0.03707, 0.04329, 0.05054, 0.05902, 0.05054], [0.03404, 0.03975, 0.04642, 0.0542, 0.06329, 0.03404, 0.03975, 0.04642, 0.0542, 0.0542, 0.03404, 0.03404, 0.03975, 0.04642, 0.04642, 0.02916, 0.03404, 0.03404, 0.03975, 0.03975, 0.02497, 0.02916, 0.03404, 0.03404, 0.03404], [0.03175, 0.03707, 0.04329, 0.05054, 0.05054, 0.03175, 0.03707, 0.04329, 0.05054, 0.05902, 0.03175, 0.03707, 0.04329, 0.05054, 0.05054, 0.03175, 0.03175, 0.03707, 0.04329, 0.04329, 0.02719, 0.03175, 0.03175, 0.03707, 0.03707], [0.03105, 0.03105, 0.03626, 0.04234, 0.04234, 0.03105, 0.03626, 0.04234, 0.04944, 0.04944, 0.03105, 0.03626, 0.04234, 0.04944, 0.05773, 0.03105, 0.03626, 0.04234, 0.04944, 0.04944, 0.03105, 0.03105, 0.03626, 0.04234, 0.04234], [0.02719, 0.03175, 0.03175, 0.03707, 0.03707, 0.03175, 0.03175, 0.03707, 0.04329, 0.04329, 0.03175, 0.03707, 0.04329, 0.05054, 0.05054, 0.03175, 0.03707, 0.04329, 0.05054, 0.05902, 0.03175, 0.03707, 0.04329, 0.05054, 0.05054], [0.02497, 0.02916, 0.03404, 0.03404, 0.03404, 0.02916, 0.03404, 0.03404, 0.03975, 0.03975, 0.03404, 0.03404, 0.03975, 0.04642, 0.04642, 0.03404, 0.03975, 0.04642, 0.0542, 0.0542, 0.03404, 0.03975, 0.04642, 0.0542, 0.06329]]