[[0.04146, 0.04098, 0.04051, 0.04005, 0.03959, 0.04098, 0.04098, 0.04051, 0.04005, 0.03959, 0.04051, 0.04051, 0.04005, 0.03959, 0.03959, 0.04005, 0.04005, 0.03959, 0.03959, 0.03914, 0.03959, 0.03959, 0.03959, 0.03914, 0.03869], [0.04076, 0.04123, 0.04076, 0.04029, 0.03983, 0.04076, 0.04076, 0.04076, 0.04029, 0.03983, 0.04029, 0.04029, 0.04029, 0.03983, 0.03937, 0.03983, 0.03983, 0.03983, 0.03937, 0.03937, 0.03937, 0.03937, 0.03937, 0.03937, 0.03892], [0.04022, 0.04068, 0.04115, 0.04068, 0.04022, 0.04022, 0.04068, 0.04068, 0.04068, 0.04022, 0.03976, 0.04022, 0.04022, 0.04022, 0.03976, 0.0393, 0.03976, 0.03976, 0.03976, 0.0393, 0.0393, 0.0393, 0.0393, 0.0393, 0.0393], [0.03983, 0.04029, 0.04076, 0.04123, 0.04076, 0.03983, 0.04029, 0.04076, 0.04076, 0.04076, 0.03937, 0.03983, 0.04029, 0.04029, 0.04029, 0.03937, 0.03937, 0.03983, 0.03983, 0.03983, 0.03892, 0.03937, 0.03937, 0.03937, 0.03937], [0.03959, 0.04005, 0.04051, 0.04098, 0.04146, 0.03959, 0.04005, 0.04051, 0.04098, 0.04098, 0.03959, 0.03959, 0.04005, 0.04051, 0.04051, 0.03914, 0.03959, 0.03959, 0.04005, 0.04005, 0.03869, 0.03914, 0.03959, 0.03959, 0.03959], [0.04076, 0.04076, 0.04029, 0.03983, 0.03937, 0.04123, 0.04076, 0.04029, 0.03983, 0.03937, 0.04076, 0.04076, 0.04029, 0.03983, 0.03937, 0.04029, 0.04029, 0.03983, 0.03937, 0.03937, 0.03983, 0.03983, 0.03937, 0.03937, 0.03892], [0.04052, 0.04052, 0.04052, 0.04005, 0.03959, 0.04052, 0.04098, 0.04052, 0.04005, 0.03959, 0.04052, 0.04052, 0.04052, 0.04005, 0.03959, 0.04005, 0.04005, 0.04005, 0.03959, 0.03914, 0.03959, 0.03959, 0.03959, 0.03914, 0.03914], [0.03998, 0.04044, 0.04044, 0.04044, 0.03998, 0.03998, 0.04044, 0.04091, 0.04044, 0.03998, 0.03998, 0.04044, 0.04044, 0.04044, 0.03998, 0.03952, 0.03998, 0.03998, 0.03998, 0.03952, 0.03907, 0.03952, 0.03952, 0.03952, 0.03907], [0.03959, 0.04005, 0.04052, 0.04052, 0.04052, 0.03959, 0.04005, 0.04052, 0.04098, 0.04052, 0.03959, 0.04005, 0.04052, 0.04052, 0.04052, 0.03914, 0.03959, 0.04005, 0.04005, 0.04005, 0.03914, 0.03914, 0.03959, 0.03959, 0.03959], [0.03937, 0.03983, 0.04029, 0.04076, 0.04076, 0.03937, 0.03983, 0.04029, 0.04076, 0.04123, 0.03937, 0.03983, 0.04029, 0.04076, 0.04076, 0.03937, 0.03937, 0.03983, 0.04029, 0.04029, 0.03892, 0.03937, 0.03937, 0.03983, 0.03983], [0.04022, 0.04022, 0.03976, 0.0393, 0.0393, 0.04068, 0.04068, 0.04022, 0.03976, 0.0393, 0.04115, 0.04068, 0.04022, 0.03976, 0.0393, 0.04068, 0.04068, 0.04022, 0.03976, 0.0393, 0.04022, 0.04022, 0.03976, 0.0393, 0.0393], [0.03998, 0.03998, 0.03998, 0.03952, 0.03907, 0.04044, 0.04044, 0.04044, 0.03998, 0.03952, 0.04044, 0.04091, 0.04044, 0.03998, 0.03952, 0.04044, 0.04044, 0.04044, 0.03998, 0.03952, 0.03998, 0.03998, 0.03998, 0.03952, 0.03907], [0.03943, 0.03989, 0.03989, 0.03989, 0.03943, 0.03989, 0.04035, 0.04035, 0.04035, 0.03989, 0.03989, 0.04035, 0.04082, 0.04035, 0.03989, 0.03989, 0.04035, 0.04035, 0.04035, 0.03989, 0.03943, 0.03989, 0.03989, 0.03989, 0.03943], [0.03907, 0.03952, 0.03998, 0.03998, 0.03998, 0.03952, 0.03998, 0.04044, 0.04044, 0.04044, 0.03952, 0.03998, 0.04044, 0.04091, 0.04044, 0.03952, 0.03998, 0.04044, 0.04044, 0.04044, 0.03907, 0.03952, 0.03998, 0.03998, 0.03998], [0.0393, 0.0393, 0.03976, 0.04022, 0.04022, 0.0393, 0.03976, 0.04022, 0.04068, 0.04068, 0.0393, 0.03976, 0.04022, 0.04068, 0.04115, 0.0393, 0.03976, 0.04022, 0.04068, 0.04068, 0.0393, 0.0393, 0.03976, 0.04022, 0.04022], [0.03983, 0.03983, 0.03937, 0.03937, 0.03892, 0.04029, 0.04029, 0.03983, 0.03937, 0.03937, 0.04076, 0.04076, 0.04029, 0.03983, 0.03937, 0.04123, 0.04076, 0.04029, 0.03983, 0.03937, 0.04076, 0.04076, 0.04029, 0.03983, 0.03937], [0.03959, 0.03959, 0.03959, 0.03914, 0.03914, 0.04005, 0.04005, 0.04005, 0.03959, 0.03914, 0.04052, 0.04052, 0.04052, 0.04005, 0.03959, 0.04052, 0.04098, 0.04052, 0.04005, 0.03959, 0.04052, 0.04052, 0.04052, 0.04005, 0.03959], [0.03907, 0.03952, 0.03952, 0.03952, 0.03907, 0.03952, 0.03998, 0.03998, 0.03998, 0.03952, 0.03998, 0.04044, 0.04044, 0.04044, 0.03998, 0.03998, 0.04044, 0.04091, 0.04044, 0.03998, 0.03998, 0.04044, 0.04044, 0.04044, 0.03998], [0.03914, 0.03914, 0.03959, 0.03959, 0.03959, 0.03914, 0.03959, 0.04005, 0.04005, 0.04005, 0.03959, 0.04005, 0.04052, 0.04052, 0.04052, 0.03959, 0.04005, 0.04052, 0.04098, 0.04052, 0.03959, 0.04005, 0.04052, 0.04052, 0.04052], [0.03892, 0.03937, 0.03937, 0.03983, 0.03983, 0.03937, 0.03937, 0.03983, 0.04029, 0.04029, 0.03937, 0.03983, 0.04029, 0.04076, 0.04076, 0.03937, 0.03983, 0.04029, 0.04076, 0.04123, 0.03937, 0.03983, 0.04029, 0.04076, 0.04076], [0.03959, 0.03959, 0.03959, 0.03914, 0.03869, 0.04005, 0.04005, 0.03959, 0.03959, 0.03914, 0.04051, 0.04051, 0.04005, 0.03959, 0.03959, 0.04098, 0.04098, 0.04051, 0.04005, 0.03959, 0.04146, 0.04098, 0.04051, 0.04005, 0.03959], [0.03937, 0.03937, 0.03937, 0.03937, 0.03892, 0.03983, 0.03983, 0.03983, 0.03937, 0.03937, 0.04029, 0.04029, 0.04029, 0.03983, 0.03937, 0.04076, 0.04076, 0.04076, 0.04029, 0.03983, 0.04076, 0.04123, 0.04076, 0.04029, 0.03983], [0.0393, 0.0393, 0.0393, 0.0393, 0.0393, 0.0393, 0.03976, 0.03976, 0.03976, 0.0393, 0.03976, 0.04022, 0.04022, 0.04022, 0.03976, 0.04022, 0.04068, 0.04068, 0.04068, 0.04022, 0.04022, 0.04068, 0.04115, 0.04068, 0.04022], [0.03892, 0.03937, 0.03937, 0.03937, 0.03937, 0.03937, 0.03937, 0.03983, 0.03983, 0.03983, 0.03937, 0.03983, 0.04029, 0.04029, 0.04029, 0.03983, 0.04029, 0.04076, 0.04076, 0.04076, 0.03983, 0.04029, 0.04076, 0.04123, 0.04076], [0.03869, 0.03914, 0.03959, 0.03959, 0.03959, 0.03914, 0.03959, 0.03959, 0.04005, 0.04005, 0.03959, 0.03959, 0.04005, 0.04051, 0.04051, 0.03959, 0.04005, 0.04051, 0.04098, 0.04098, 0.03959, 0.04005, 0.04051, 0.04098, 0.04146]]