[[0.06876, 0.05715, 0.0475, 0.03947, 0.03281, 0.05715, 0.05715, 0.0475, 0.03947, 0.03281, 0.0475, 0.0475, 0.03947, 0.03281, 0.03281, 0.03947, 0.03947, 0.03281, 0.03281, 0.02727, 0.03281, 0.03281, 0.03281, 0.02727, 0.02266], [0.05263, 0.05263, 0.04375, 0.03636, 0.03022, 0.06333, 0.05263, 0.04375, 0.03636, 0.03022, 0.05263, 0.05263, 0.04375, 0.03636, 0.03022, 0.04375, 0.04375, 0.03636, 0.03022, 0.03022, 0.03636, 0.03636, 0.03022, 0.03022, 0.02511], [0.04264, 0.04264, 0.03543, 0.02945, 0.02945, 0.0513, 0.0513, 0.04264, 0.03543, 0.02945, 0.06173, 0.0513, 0.04264, 0.03543, 0.02945, 0.0513, 0.0513, 0.04264, 0.03543, 0.02945, 0.04264, 0.04264, 0.03543, 0.02945, 0.02945], [0.03636, 0.03636, 0.03022, 0.03022, 0.02511, 0.04375, 0.04375, 0.03636, 0.03022, 0.03022, 0.05263, 0.05263, 0.04375, 0.03636, 0.03022, 0.06333, 0.05263, 0.04375, 0.03636, 0.03022, 0.05263, 0.05263, 0.04375, 0.03636, 0.03022], [0.03281, 0.03281, 0.03281, 0.02727, 0.02266, 0.03947, 0.03947, 0.03281, 0.03281, 0.02727, 0.0475, 0.0475, 0.03947, 0.03281, 0.03281, 0.05715, 0.05715, 0.0475, 0.03947, 0.03281, 0.06876, 0.05715, 0.0475, 0.03947, 0.03281], [0.05263, 0.06333, 0.05263, 0.04375, 0.03636, 0.05263, 0.05263, 0.05263, 0.04375, 0.03636, 0.04375, 0.04375, 0.04375, 0.03636, 0.03022, 0.03636, 0.03636, 0.03636, 0.03022, 0.03022, 0.03022, 0.03022, 0.03022, 0.03022, 0.02511], [0.0482, 0.0482, 0.0482, 0.04006, 0.03329, 0.0482, 0.05799, 0.0482, 0.04006, 0.03329, 0.0482, 0.0482, 0.0482, 0.04006, 0.03329, 0.04006, 0.04006, 0.04006, 0.03329, 0.02767, 0.03329, 0.03329, 0.03329, 0.02767, 0.02767], [0.03905, 0.03905, 0.03905, 0.03245, 0.02697, 0.04698, 0.04698, 0.04698, 0.03905, 0.03245, 0.04698, 0.05653, 0.04698, 0.03905, 0.03245, 0.04698, 0.04698, 0.04698, 0.03905, 0.03245, 0.03905, 0.03905, 0.03905, 0.03245, 0.02697], [0.03329, 0.03329, 0.03329, 0.02767, 0.02767, 0.04006, 0.04006, 0.04006, 0.03329, 0.02767, 0.0482, 0.0482, 0.0482, 0.04006, 0.03329, 0.0482, 0.05799, 0.0482, 0.04006, 0.03329, 0.0482, 0.0482, 0.0482, 0.04006, 0.03329], [0.03022, 0.03022, 0.03022, 0.03022, 0.02511, 0.03636, 0.03636, 0.03636, 0.03022, 0.03022, 0.04375, 0.04375, 0.04375, 0.03636, 0.03022, 0.05263, 0.05263, 0.05263, 0.04375, 0.03636, 0.05263, 0.06333, 0.05263, 0.04375, 0.03636], [0.04264, 0.0513, 0.06173, 0.0513, 0.04264, 0.04264, 0.0513, 0.0513, 0.0513, 0.04264, 0.03543, 0.04264, 0.04264, 0.04264, 0.03543, 0.02945, 0.03543, 0.03543, 0.03543, 0.02945, 0.02945, 0.02945, 0.02945, 0.02945, 0.02945], [0.03905, 0.04698, 0.04698, 0.04698, 0.03905, 0.03905, 0.04698, 0.05653, 0.04698, 0.03905, 0.03905, 0.04698, 0.04698, 0.04698, 0.03905, 0.03245, 0.03905, 0.03905, 0.03905, 0.03245, 0.02697, 0.03245, 0.03245, 0.03245, 0.02697], [0.03148, 0.03788, 0.03788, 0.03788, 0.03148, 0.03788, 0.04558, 0.04558, 0.04558, 0.03788, 0.03788, 0.04558, 0.05484, 0.04558, 0.03788, 0.03788, 0.04558, 0.04558, 0.04558, 0.03788, 0.03148, 0.03788, 0.03788, 0.03788, 0.03148], [0.02697, 0.03245, 0.03245, 0.03245, 0.02697, 0.03245, 0.03905, 0.03905, 0.03905, 0.03245, 0.03905, 0.04698, 0.04698, 0.04698, 0.03905, 0.03905, 0.04698, 0.05653, 0.04698, 0.03905, 0.03905, 0.04698, 0.04698, 0.04698, 0.03905], [0.02945, 0.02945, 0.02945, 0.02945, 0.02945, 0.02945, 0.03543, 0.03543, 0.03543, 0.02945, 0.03543, 0.04264, 0.04264, 0.04264, 0.03543, 0.04264, 0.0513, 0.0513, 0.0513, 0.04264, 0.04264, 0.0513, 0.06173, 0.0513, 0.04264], [0.03636, 0.04375, 0.05263, 0.06333, 0.05263, 0.03636, 0.04375, 0.05263, 0.05263, 0.05263, 0.03022, 0.03636, 0.04375, 0.04375, 0.04375, 0.03022, 0.03022, 0.03636, 0.03636, 0.03636, 0.02511, 0.03022, 0.03022, 0.03022, 0.03022], [0.03329, 0.04006, 0.0482, 0.0482, 0.0482, 0.03329, 0.04006, 0.0482, 0.05799, 0.0482, 0.03329, 0.04006, 0.0482, 0.0482, 0.0482, 0.02767, 0.03329, 0.04006, 0.04006, 0.04006, 0.02767, 0.02767, 0.03329, 0.03329, 0.03329], [0.02697, 0.03245, 0.03905, 0.03905, 0.03905, 0.03245, 0.03905, 0.04698, 0.04698, 0.04698, 0.03245, 0.03905, 0.04698, 0.05653, 0.04698, 0.03245, 0.03905, 0.04698, 0.04698, 0.04698, 0.02697, 0.03245, 0.03905, 0.03905, 0.03905], [0.02767, 0.02767, 0.03329, 0.03329, 0.03329, 0.02767, 0.03329, 0.04006, 0.04006, 0.04006, 0.03329, 0.04006, 0.0482, 0.0482, 0.0482, 0.03329, 0.04006, 0.0482, 0.05799, 0.0482, 0.03329, 0.04006, 0.0482, 0.0482, 0.0482], [0.02511, 0.03022, 0.03022, 0.03022, 0.03022, 0.03022, 0.03022, 0.03636, 0.03636, 0.03636, 0.03022, 0.03636, 0.04375, 0.04375, 0.04375, 0.03636, 0.04375, 0.05263, 0.05263, 0.05263, 0.03636, 0.04375, 0.05263, 0.06333, 0.05263], [0.03281, 0.03947, 0.0475, 0.05715, 0.06876, 0.03281, 0.03947, 0.0475, 0.05715, 0.05715, 0.03281, 0.03281, 0.03947, 0.0475, 0.0475, 0.02727, 0.03281, 0.03281, 0.03947, 0.03947, 0.02266, 0.02727, 0.03281, 0.03281, 0.03281], [0.03022, 0.03636, 0.04375, 0.05263, 0.05263, 0.03022, 0.03636, 0.04375, 0.05263, 0.06333, 0.03022, 0.03636, 0.04375, 0.05263, 0.05263, 0.03022, 0.03022, 0.03636, 0.04375, 0.04375, 0.02511, 0.03022, 0.03022, 0.03636, 0.03636], [0.02945, 0.02945, 0.03543, 0.04264, 0.04264, 0.02945, 0.03543, 0.04264, 0.0513, 0.0513, 0.02945, 0.03543, 0.04264, 0.0513, 0.06173, 0.02945, 0.03543, 0.04264, 0.0513, 0.0513, 0.02945, 0.02945, 0.03543, 0.04264, 0.04264], [0.02511, 0.03022, 0.03022, 0.03636, 0.03636, 0.03022, 0.03022, 0.03636, 0.04375, 0.04375, 0.03022, 0.03636, 0.04375, 0.05263, 0.05263, 0.03022, 0.03636, 0.04375, 0.05263, 0.06333, 0.03022, 0.03636, 0.04375, 0.05263, 0.05263], [0.02266, 0.02727, 0.03281, 0.03281, 0.03281, 0.02727, 0.03281, 0.03281, 0.03947, 0.03947, 0.03281, 0.03281, 0.03947, 0.0475, 0.0475, 0.03281, 0.03947, 0.0475, 0.05715, 0.05715, 0.03281, 0.03947, 0.0475, 0.05715, 0.06876]]