[[0.04243, 0.04163, 0.04085, 0.04008, 0.03932, 0.04163, 0.04163, 0.04085, 0.04008, 0.03932, 0.04085, 0.04085, 0.04008, 0.03932, 0.03932, 0.04008, 0.04008, 0.03932, 0.03932, 0.03858, 0.03932, 0.03932, 0.03932, 0.03858, 0.03786], [0.04125, 0.04204, 0.04125, 0.04048, 0.03972, 0.04125, 0.04125, 0.04125, 0.04048, 0.03972, 0.04048, 0.04048, 0.04048, 0.03972, 0.03897, 0.03972, 0.03972, 0.03972, 0.03897, 0.03897, 0.03897, 0.03897, 0.03897, 0.03897, 0.03823], [0.04036, 0.04113, 0.04192, 0.04113, 0.04036, 0.04036, 0.04113, 0.04113, 0.04113, 0.04036, 0.0396, 0.04036, 0.04036, 0.04036, 0.0396, 0.03885, 0.0396, 0.0396, 0.0396, 0.03885, 0.03885, 0.03885, 0.03885, 0.03885, 0.03885], [0.03972, 0.04048, 0.04125, 0.04204, 0.04125, 0.03972, 0.04048, 0.04125, 0.04125, 0.04125, 0.03897, 0.03972, 0.04048, 0.04048, 0.04048, 0.03897, 0.03897, 0.03972, 0.03972, 0.03972, 0.03823, 0.03897, 0.03897, 0.03897, 0.03897], [0.03932, 0.04008, 0.04085, 0.04163, 0.04243, 0.03932, 0.04008, 0.04085, 0.04163, 0.04163, 0.03932, 0.03932, 0.04008, 0.04085, 0.04085, 0.03858, 0.03932, 0.03932, 0.04008, 0.04008, 0.03786, 0.03858, 0.03932, 0.03932, 0.03932], [0.04125, 0.04125, 0.04048, 0.03972, 0.03897, 0.04204, 0.04125, 0.04048, 0.03972, 0.03897, 0.04125, 0.04125, 0.04048, 0.03972, 0.03897, 0.04048, 0.04048, 0.03972, 0.03897, 0.03897, 0.03972, 0.03972, 0.03897, 0.03897, 0.03823], [0.04085, 0.04085, 0.04085, 0.04008, 0.03933, 0.04085, 0.04163, 0.04085, 0.04008, 0.03933, 0.04085, 0.04085, 0.04085, 0.04008, 0.03933, 0.04008, 0.04008, 0.04008, 0.03933, 0.03859, 0.03933, 0.03933, 0.03933, 0.03859, 0.03859], [0.03996, 0.04073, 0.04073, 0.04073, 0.03996, 0.03996, 0.04073, 0.04151, 0.04073, 0.03996, 0.03996, 0.04073, 0.04073, 0.04073, 0.03996, 0.03921, 0.03996, 0.03996, 0.03996, 0.03921, 0.03847, 0.03921, 0.03921, 0.03921, 0.03847], [0.03933, 0.04008, 0.04085, 0.04085, 0.04085, 0.03933, 0.04008, 0.04085, 0.04163, 0.04085, 0.03933, 0.04008, 0.04085, 0.04085, 0.04085, 0.03859, 0.03933, 0.04008, 0.04008, 0.04008, 0.03859, 0.03859, 0.03933, 0.03933, 0.03933], [0.03897, 0.03972, 0.04048, 0.04125, 0.04125, 0.03897, 0.03972, 0.04048, 0.04125, 0.04204, 0.03897, 0.03972, 0.04048, 0.04125, 0.04125, 0.03897, 0.03897, 0.03972, 0.04048, 0.04048, 0.03823, 0.03897, 0.03897, 0.03972, 0.03972], [0.04036, 0.04036, 0.0396, 0.03885, 0.03885, 0.04113, 0.04113, 0.04036, 0.0396, 0.03885, 0.04192, 0.04113, 0.04036, 0.0396, 0.03885, 0.04113, 0.04113, 0.04036, 0.0396, 0.03885, 0.04036, 0.04036, 0.0396, 0.03885, 0.03885], [0.03996, 0.03996, 0.03996, 0.03921, 0.03847, 0.04073, 0.04073, 0.04073, 0.03996, 0.03921, 0.04073, 0.04151, 0.04073, 0.03996, 0.03921, 0.04073, 0.04073, 0.04073, 0.03996, 0.03921, 0.03996, 0.03996, 0.03996, 0.03921, 0.03847], [0.03906, 0.03981, 0.03981, 0.03981, 0.03906, 0.03981, 0.04058, 0.04058, 0.04058, 0.03981, 0.03981, 0.04058, 0.04136, 0.04058, 0.03981, 0.03981, 0.04058, 0.04058, 0.04058, 0.03981, 0.03906, 0.03981, 0.03981, 0.03981, 0.03906], [0.03847, 0.03921, 0.03996, 0.03996, 0.03996, 0.03921, 0.03996, 0.04073, 0.04073, 0.04073, 0.03921, 0.03996, 0.04073, 0.04151, 0.04073, 0.03921, 0.03996, 0.04073, 0.04073, 0.04073, 0.03847, 0.03921, 0.03996, 0.03996, 0.03996], [0.03885, 0.03885, 0.0396, 0.04036, 0.04036, 0.03885, 0.0396, 0.04036, 0.04113, 0.04113, 0.03885, 0.0396, 0.04036, 0.04113, 0.04192, 0.03885, 0.0396, 0.04036, 0.04113, 0.04113, 0.03885, 0.03885, 0.0396, 0.04036, 0.04036], [0.03972, 0.03972, 0.03897, 0.03897, 0.03823, 0.04048, 0.04048, 0.03972, 0.03897, 0.03897, 0.04125, 0.04125, 0.04048, 0.03972, 0.03897, 0.04204, 0.04125, 0.04048, 0.03972, 0.03897, 0.04125, 0.04125, 0.04048, 0.03972, 0.03897], [0.03933, 0.03933, 0.03933, 0.03859, 0.03859, 0.04008, 0.04008, 0.04008, 0.03933, 0.03859, 0.04085, 0.04085, 0.04085, 0.04008, 0.03933, 0.04085, 0.04163, 0.04085, 0.04008, 0.03933, 0.04085, 0.04085, 0.04085, 0.04008, 0.03933], [0.03847, 0.03921, 0.03921, 0.03921, 0.03847, 0.03921, 0.03996, 0.03996, 0.03996, 0.03921, 0.03996, 0.04073, 0.04073, 0.04073, 0.03996, 0.03996, 0.04073, 0.04151, 0.04073, 0.03996, 0.03996, 0.04073, 0.04073, 0.04073, 0.03996], [0.03859, 0.03859, 0.03933, 0.03933, 0.03933, 0.03859, 0.03933, 0.04008, 0.04008, 0.04008, 0.03933, 0.04008, 0.04085, 0.04085, 0.04085, 0.03933, 0.04008, 0.04085, 0.04163, 0.04085, 0.03933, 0.04008, 0.04085, 0.04085, 0.04085], [0.03823, 0.03897, 0.03897, 0.03972, 0.03972, 0.03897, 0.03897, 0.03972, 0.04048, 0.04048, 0.03897, 0.03972, 0.04048, 0.04125, 0.04125, 0.03897, 0.03972, 0.04048, 0.04125, 0.04204, 0.03897, 0.03972, 0.04048, 0.04125, 0.04125], [0.03932, 0.03932, 0.03932, 0.03858, 0.03786, 0.04008, 0.04008, 0.03932, 0.03932, 0.03858, 0.04085, 0.04085, 0.04008, 0.03932, 0.03932, 0.04163, 0.04163, 0.04085, 0.04008, 0.03932, 0.04243, 0.04163, 0.04085, 0.04008, 0.03932], [0.03897, 0.03897, 0.03897, 0.03897, 0.03823, 0.03972, 0.03972, 0.03972, 0.03897, 0.03897, 0.04048, 0.04048, 0.04048, 0.03972, 0.03897, 0.04125, 0.04125, 0.04125, 0.04048, 0.03972, 0.04125, 0.04204, 0.04125, 0.04048, 0.03972], [0.03885, 0.03885, 0.03885, 0.03885, 0.03885, 0.03885, 0.0396, 0.0396, 0.0396, 0.03885, 0.0396, 0.04036, 0.04036, 0.04036, 0.0396, 0.04036, 0.04113, 0.04113, 0.04113, 0.04036, 0.04036, 0.04113, 0.04192, 0.04113, 0.04036], [0.03823, 0.03897, 0.03897, 0.03897, 0.03897, 0.03897, 0.03897, 0.03972, 0.03972, 0.03972, 0.03897, 0.03972, 0.04048, 0.04048, 0.04048, 0.03972, 0.04048, 0.04125, 0.04125, 0.04125, 0.03972, 0.04048, 0.04125, 0.04204, 0.04125], [0.03786, 0.03858, 0.03932, 0.03932, 0.03932, 0.03858, 0.03932, 0.03932, 0.04008, 0.04008, 0.03932, 0.03932, 0.04008, 0.04085, 0.04085, 0.03932, 0.04008, 0.04085, 0.04163, 0.04163, 0.03932, 0.04008, 0.04085, 0.04163, 0.04243]]