[[0.07456, 0.06014, 0.0485, 0.03912, 0.03155, 0.06014, 0.06014, 0.0485, 0.03912, 0.03155, 0.0485, 0.0485, 0.03912, 0.03155, 0.03155, 0.03912, 0.03912, 0.03155, 0.03155, 0.02545, 0.03155, 0.03155, 0.03155, 0.02545, 0.02053], [0.05473, 0.05473, 0.04414, 0.0356, 0.02871, 0.06786, 0.05473, 0.04414, 0.0356, 0.02871, 0.05473, 0.05473, 0.04414, 0.0356, 0.02871, 0.04414, 0.04414, 0.0356, 0.02871, 0.02871, 0.0356, 0.0356, 0.02871, 0.02871, 0.02316], [0.04288, 0.04288, 0.03458, 0.02789, 0.02789, 0.05316, 0.05316, 0.04288, 0.03458, 0.02789, 0.06591, 0.05316, 0.04288, 0.03458, 0.02789, 0.05316, 0.05316, 0.04288, 0.03458, 0.02789, 0.04288, 0.04288, 0.03458, 0.02789, 0.02789], [0.0356, 0.0356, 0.02871, 0.02871, 0.02316, 0.04414, 0.04414, 0.0356, 0.02871, 0.02871, 0.05473, 0.05473, 0.04414, 0.0356, 0.02871, 0.06786, 0.05473, 0.04414, 0.0356, 0.02871, 0.05473, 0.05473, 0.04414, 0.0356, 0.02871], [0.03155, 0.03155, 0.03155, 0.02545, 0.02053, 0.03912, 0.03912, 0.03155, 0.03155, 0.02545, 0.0485, 0.0485, 0.03912, 0.03155, 0.03155, 0.06014, 0.06014, 0.0485, 0.03912, 0.03155, 0.07456, 0.06014, 0.0485, 0.03912, 0.03155], [0.05473, 0.06786, 0.05473, 0.04414, 0.0356, 0.05473, 0.05473, 0.05473, 0.04414, 0.0356, 0.04414, 0.04414, 0.04414, 0.0356, 0.02871, 0.0356, 0.0356, 0.0356, 0.02871, 0.02871, 0.02871, 0.02871, 0.02871, 0.02871, 0.02316], [0.04949, 0.04949, 0.04949, 0.03991, 0.03219, 0.04949, 0.06136, 0.04949, 0.03991, 0.03219, 0.04949, 0.04949, 0.04949, 0.03991, 0.03219, 0.03991, 0.03991, 0.03991, 0.03219, 0.02596, 0.03219, 0.03219, 0.03219, 0.02596, 0.02596], [0.03877, 0.03877, 0.03877, 0.03127, 0.02522, 0.04808, 0.04808, 0.04808, 0.03877, 0.03127, 0.04808, 0.05961, 0.04808, 0.03877, 0.03127, 0.04808, 0.04808, 0.04808, 0.03877, 0.03127, 0.03877, 0.03877, 0.03877, 0.03127, 0.02522], [0.03219, 0.03219, 0.03219, 0.02596, 0.02596, 0.03991, 0.03991, 0.03991, 0.03219, 0.02596, 0.04949, 0.04949, 0.04949, 0.03991, 0.03219, 0.04949, 0.06136, 0.04949, 0.03991, 0.03219, 0.04949, 0.04949, 0.04949, 0.03991, 0.03219], [0.02871, 0.02871, 0.02871, 0.02871, 0.02316, 0.0356, 0.0356, 0.0356, 0.02871, 0.02871, 0.04414, 0.04414, 0.04414, 0.0356, 0.02871, 0.05473, 0.05473, 0.05473, 0.04414, 0.0356, 0.05473, 0.06786, 0.05473, 0.04414, 0.0356], [0.04288, 0.05316, 0.06591, 0.05316, 0.04288, 0.04288, 0.05316, 0.05316, 0.05316, 0.04288, 0.03458, 0.04288, 0.04288, 0.04288, 0.03458, 0.02789, 0.03458, 0.03458, 0.03458, 0.02789, 0.02789, 0.02789, 0.02789, 0.02789, 0.02789], [0.03877, 0.04808, 0.04808, 0.04808, 0.03877, 0.03877, 0.04808, 0.05961, 0.04808, 0.03877, 0.03877, 0.04808, 0.04808, 0.04808, 0.03877, 0.03127, 0.03877, 0.03877, 0.03877, 0.03127, 0.02522, 0.03127, 0.03127, 0.03127, 0.02522], [0.03023, 0.03748, 0.03748, 0.03748, 0.03023, 0.03748, 0.04647, 0.04647, 0.04647, 0.03748, 0.03748, 0.04647, 0.05761, 0.04647, 0.03748, 0.03748, 0.04647, 0.04647, 0.04647, 0.03748, 0.03023, 0.03748, 0.03748, 0.03748, 0.03023], [0.02522, 0.03127, 0.03127, 0.03127, 0.02522, 0.03127, 0.03877, 0.03877, 0.03877, 0.03127, 0.03877, 0.04808, 0.04808, 0.04808, 0.03877, 0.03877, 0.04808, 0.05961, 0.04808, 0.03877, 0.03877, 0.04808, 0.04808, 0.04808, 0.03877], [0.02789, 0.02789, 0.02789, 0.02789, 0.02789, 0.02789, 0.03458, 0.03458, 0.03458, 0.02789, 0.03458, 0.04288, 0.04288, 0.04288, 0.03458, 0.04288, 0.05316, 0.05316, 0.05316, 0.04288, 0.04288, 0.05316, 0.06591, 0.05316, 0.04288], [0.0356, 0.04414, 0.05473, 0.06786, 0.05473, 0.0356, 0.04414, 0.05473, 0.05473, 0.05473, 0.02871, 0.0356, 0.04414, 0.04414, 0.04414, 0.02871, 0.02871, 0.0356, 0.0356, 0.0356, 0.02316, 0.02871, 0.02871, 0.02871, 0.02871], [0.03219, 0.03991, 0.04949, 0.04949, 0.04949, 0.03219, 0.03991, 0.04949, 0.06136, 0.04949, 0.03219, 0.03991, 0.04949, 0.04949, 0.04949, 0.02596, 0.03219, 0.03991, 0.03991, 0.03991, 0.02596, 0.02596, 0.03219, 0.03219, 0.03219], [0.02522, 0.03127, 0.03877, 0.03877, 0.03877, 0.03127, 0.03877, 0.04808, 0.04808, 0.04808, 0.03127, 0.03877, 0.04808, 0.05961, 0.04808, 0.03127, 0.03877, 0.04808, 0.04808, 0.04808, 0.02522, 0.03127, 0.03877, 0.03877, 0.03877], [0.02596, 0.02596, 0.03219, 0.03219, 0.03219, 0.02596, 0.03219, 0.03991, 0.03991, 0.03991, 0.03219, 0.03991, 0.04949, 0.04949, 0.04949, 0.03219, 0.03991, 0.04949, 0.06136, 0.04949, 0.03219, 0.03991, 0.04949, 0.04949, 0.04949], [0.02316, 0.02871, 0.02871, 0.02871, 0.02871, 0.02871, 0.02871, 0.0356, 0.0356, 0.0356, 0.02871, 0.0356, 0.04414, 0.04414, 0.04414, 0.0356, 0.04414, 0.05473, 0.05473, 0.05473, 0.0356, 0.04414, 0.05473, 0.06786, 0.05473], [0.03155, 0.03912, 0.0485, 0.06014, 0.07456, 0.03155, 0.03912, 0.0485, 0.06014, 0.06014, 0.03155, 0.03155, 0.03912, 0.0485, 0.0485, 0.02545, 0.03155, 0.03155, 0.03912, 0.03912, 0.02053, 0.02545, 0.03155, 0.03155, 0.03155], [0.02871, 0.0356, 0.04414, 0.05473, 0.05473, 0.02871, 0.0356, 0.04414, 0.05473, 0.06786, 0.02871, 0.0356, 0.04414, 0.05473, 0.05473, 0.02871, 0.02871, 0.0356, 0.04414, 0.04414, 0.02316, 0.02871, 0.02871, 0.0356, 0.0356], [0.02789, 0.02789, 0.03458, 0.04288, 0.04288, 0.02789, 0.03458, 0.04288, 0.05316, 0.05316, 0.02789, 0.03458, 0.04288, 0.05316, 0.06591, 0.02789, 0.03458, 0.04288, 0.05316, 0.05316, 0.02789, 0.02789, 0.03458, 0.04288, 0.04288], [0.02316, 0.02871, 0.02871, 0.0356, 0.0356, 0.02871, 0.02871, 0.0356, 0.04414, 0.04414, 0.02871, 0.0356, 0.04414, 0.05473, 0.05473, 0.02871, 0.0356, 0.04414, 0.05473, 0.06786, 0.02871, 0.0356, 0.04414, 0.05473, 0.05473], [0.02053, 0.02545, 0.03155, 0.03155, 0.03155, 0.02545, 0.03155, 0.03155, 0.03912, 0.03912, 0.03155, 0.03155, 0.03912, 0.0485, 0.0485, 0.03155, 0.03912, 0.0485, 0.06014, 0.06014, 0.03155, 0.03912, 0.0485, 0.06014, 0.07456]]