[[0.07966, 0.06266, 0.04929, 0.03877, 0.0305, 0.06266, 0.06266, 0.04929, 0.03877, 0.0305, 0.04929, 0.04929, 0.03877, 0.0305, 0.0305, 0.03877, 0.03877, 0.0305, 0.0305, 0.02399, 0.0305, 0.0305, 0.0305, 0.02399, 0.01887], [0.05647, 0.05647, 0.04442, 0.03495, 0.02749, 0.07179, 0.05647, 0.04442, 0.03495, 0.02749, 0.05647, 0.05647, 0.04442, 0.03495, 0.02749, 0.04442, 0.04442, 0.03495, 0.02749, 0.02749, 0.03495, 0.03495, 0.02749, 0.02749, 0.02162], [0.04303, 0.04303, 0.03385, 0.02663, 0.02663, 0.05471, 0.05471, 0.04303, 0.03385, 0.02663, 0.06955, 0.05471, 0.04303, 0.03385, 0.02663, 0.05471, 0.05471, 0.04303, 0.03385, 0.02663, 0.04303, 0.04303, 0.03385, 0.02663, 0.02663], [0.03495, 0.03495, 0.02749, 0.02749, 0.02162, 0.04442, 0.04442, 0.03495, 0.02749, 0.02749, 0.05647, 0.05647, 0.04442, 0.03495, 0.02749, 0.07179, 0.05647, 0.04442, 0.03495, 0.02749, 0.05647, 0.05647, 0.04442, 0.03495, 0.02749], [0.0305, 0.0305, 0.0305, 0.02399, 0.01887, 0.03877, 0.03877, 0.0305, 0.0305, 0.02399, 0.04929, 0.04929, 0.03877, 0.0305, 0.0305, 0.06266, 0.06266, 0.04929, 0.03877, 0.0305, 0.07966, 0.06266, 0.04929, 0.03877, 0.0305], [0.05647, 0.07179, 0.05647, 0.04442, 0.03495, 0.05647, 0.05647, 0.05647, 0.04442, 0.03495, 0.04442, 0.04442, 0.04442, 0.03495, 0.02749, 0.03495, 0.03495, 0.03495, 0.02749, 0.02749, 0.02749, 0.02749, 0.02749, 0.02749, 0.02162], [0.05055, 0.05055, 0.05055, 0.03976, 0.03128, 0.05055, 0.06426, 0.05055, 0.03976, 0.03128, 0.05055, 0.05055, 0.05055, 0.03976, 0.03128, 0.03976, 0.03976, 0.03976, 0.03128, 0.0246, 0.03128, 0.03128, 0.03128, 0.0246, 0.0246], [0.03853, 0.03853, 0.03853, 0.03031, 0.02384, 0.04898, 0.04898, 0.04898, 0.03853, 0.03031, 0.04898, 0.06226, 0.04898, 0.03853, 0.03031, 0.04898, 0.04898, 0.04898, 0.03853, 0.03031, 0.03853, 0.03853, 0.03853, 0.03031, 0.02384], [0.03128, 0.03128, 0.03128, 0.0246, 0.0246, 0.03976, 0.03976, 0.03976, 0.03128, 0.0246, 0.05055, 0.05055, 0.05055, 0.03976, 0.03128, 0.05055, 0.06426, 0.05055, 0.03976, 0.03128, 0.05055, 0.05055, 0.05055, 0.03976, 0.03128], [0.02749, 0.02749, 0.02749, 0.02749, 0.02162, 0.03495, 0.03495, 0.03495, 0.02749, 0.02749, 0.04442, 0.04442, 0.04442, 0.03495, 0.02749, 0.05647, 0.05647, 0.05647, 0.04442, 0.03495, 0.05647, 0.07179, 0.05647, 0.04442, 0.03495], [0.04303, 0.05471, 0.06955, 0.05471, 0.04303, 0.04303, 0.05471, 0.05471, 0.05471, 0.04303, 0.03385, 0.04303, 0.04303, 0.04303, 0.03385, 0.02663, 0.03385, 0.03385, 0.03385, 0.02663, 0.02663, 0.02663, 0.02663, 0.02663, 0.02663], [0.03853, 0.04898, 0.04898, 0.04898, 0.03853, 0.03853, 0.04898, 0.06226, 0.04898, 0.03853, 0.03853, 0.04898, 0.04898, 0.04898, 0.03853, 0.03031, 0.03853, 0.03853, 0.03853, 0.03031, 0.02384, 0.03031, 0.03031, 0.03031, 0.02384], [0.02921, 0.03713, 0.03713, 0.03713, 0.02921, 0.03713, 0.0472, 0.0472, 0.0472, 0.03713, 0.03713, 0.0472, 0.06, 0.0472, 0.03713, 0.03713, 0.0472, 0.0472, 0.0472, 0.03713, 0.02921, 0.03713, 0.03713, 0.03713, 0.02921], [0.02384, 0.03031, 0.03031, 0.03031, 0.02384, 0.03031, 0.03853, 0.03853, 0.03853, 0.03031, 0.03853, 0.04898, 0.04898, 0.04898, 0.03853, 0.03853, 0.04898, 0.06226, 0.04898, 0.03853, 0.03853, 0.04898, 0.04898, 0.04898, 0.03853], [0.02663, 0.02663, 0.02663, 0.02663, 0.02663, 0.02663, 0.03385, 0.03385, 0.03385, 0.02663, 0.03385, 0.04303, 0.04303, 0.04303, 0.03385, 0.04303, 0.05471, 0.05471, 0.05471, 0.04303, 0.04303, 0.05471, 0.06955, 0.05471, 0.04303], [0.03495, 0.04442, 0.05647, 0.07179, 0.05647, 0.03495, 0.04442, 0.05647, 0.05647, 0.05647, 0.02749, 0.03495, 0.04442, 0.04442, 0.04442, 0.02749, 0.02749, 0.03495, 0.03495, 0.03495, 0.02162, 0.02749, 0.02749, 0.02749, 0.02749], [0.03128, 0.03976, 0.05055, 0.05055, 0.05055, 0.03128, 0.03976, 0.05055, 0.06426, 0.05055, 0.03128, 0.03976, 0.05055, 0.05055, 0.05055, 0.0246, 0.03128, 0.03976, 0.03976, 0.03976, 0.0246, 0.0246, 0.03128, 0.03128, 0.03128], [0.02384, 0.03031, 0.03853, 0.03853, 0.03853, 0.03031, 0.03853, 0.04898, 0.04898, 0.04898, 0.03031, 0.03853, 0.04898, 0.06226, 0.04898, 0.03031, 0.03853, 0.04898, 0.04898, 0.04898, 0.02384, 0.03031, 0.03853, 0.03853, 0.03853], [0.0246, 0.0246, 0.03128, 0.03128, 0.03128, 0.0246, 0.03128, 0.03976, 0.03976, 0.03976, 0.03128, 0.03976, 0.05055, 0.05055, 0.05055, 0.03128, 0.03976, 0.05055, 0.06426, 0.05055, 0.03128, 0.03976, 0.05055, 0.05055, 0.05055], [0.02162, 0.02749, 0.02749, 0.02749, 0.02749, 0.02749, 0.02749, 0.03495, 0.03495, 0.03495, 0.02749, 0.03495, 0.04442, 0.04442, 0.04442, 0.03495, 0.04442, 0.05647, 0.05647, 0.05647, 0.03495, 0.04442, 0.05647, 0.07179, 0.05647], [0.0305, 0.03877, 0.04929, 0.06266, 0.07966, 0.0305, 0.03877, 0.04929, 0.06266, 0.06266, 0.0305, 0.0305, 0.03877, 0.04929, 0.04929, 0.02399, 0.0305, 0.0305, 0.03877, 0.03877, 0.01887, 0.02399, 0.0305, 0.0305, 0.0305], [0.02749, 0.03495, 0.04442, 0.05647, 0.05647, 0.02749, 0.03495, 0.04442, 0.05647, 0.07179, 0.02749, 0.03495, 0.04442, 0.05647, 0.05647, 0.02749, 0.02749, 0.03495, 0.04442, 0.04442, 0.02162, 0.02749, 0.02749, 0.03495, 0.03495], [0.02663, 0.02663, 0.03385, 0.04303, 0.04303, 0.02663, 0.03385, 0.04303, 0.05471, 0.05471, 0.02663, 0.03385, 0.04303, 0.05471, 0.06955, 0.02663, 0.03385, 0.04303, 0.05471, 0.05471, 0.02663, 0.02663, 0.03385, 0.04303, 0.04303], [0.02162, 0.02749, 0.02749, 0.03495, 0.03495, 0.02749, 0.02749, 0.03495, 0.04442, 0.04442, 0.02749, 0.03495, 0.04442, 0.05647, 0.05647, 0.02749, 0.03495, 0.04442, 0.05647, 0.07179, 0.02749, 0.03495, 0.04442, 0.05647, 0.05647], [0.01887, 0.02399, 0.0305, 0.0305, 0.0305, 0.02399, 0.0305, 0.0305, 0.03877, 0.03877, 0.0305, 0.0305, 0.03877, 0.04929, 0.04929, 0.0305, 0.03877, 0.04929, 0.06266, 0.06266, 0.0305, 0.03877, 0.04929, 0.06266, 0.07966]]