[[0.09515, 0.06979, 0.05119, 0.03754, 0.02754, 0.06979, 0.06979, 0.05119, 0.03754, 0.02754, 0.05119, 0.05119, 0.03754, 0.02754, 0.02754, 0.03754, 0.03754, 0.02754, 0.02754, 0.0202, 0.02754, 0.02754, 0.02754, 0.0202, 0.01481], [0.06131, 0.06131, 0.04497, 0.03298, 0.02419, 0.0836, 0.06131, 0.04497, 0.03298, 0.02419, 0.06131, 0.06131, 0.04497, 0.03298, 0.02419, 0.04497, 0.04497, 0.03298, 0.02419, 0.02419, 0.03298, 0.03298, 0.02419, 0.02419, 0.01774], [0.04327, 0.04327, 0.03174, 0.02328, 0.02328, 0.059, 0.059, 0.04327, 0.03174, 0.02328, 0.08044, 0.059, 0.04327, 0.03174, 0.02328, 0.059, 0.059, 0.04327, 0.03174, 0.02328, 0.04327, 0.04327, 0.03174, 0.02328, 0.02328], [0.03298, 0.03298, 0.02419, 0.02419, 0.01774, 0.04497, 0.04497, 0.03298, 0.02419, 0.02419, 0.06131, 0.06131, 0.04497, 0.03298, 0.02419, 0.0836, 0.06131, 0.04497, 0.03298, 0.02419, 0.06131, 0.06131, 0.04497, 0.03298, 0.02419], [0.02754, 0.02754, 0.02754, 0.0202, 0.01481, 0.03754, 0.03754, 0.02754, 0.02754, 0.0202, 0.05119, 0.05119, 0.03754, 0.02754, 0.02754, 0.06979, 0.06979, 0.05119, 0.03754, 0.02754, 0.09515, 0.06979, 0.05119, 0.03754, 0.02754], [0.06131, 0.0836, 0.06131, 0.04497, 0.03298, 0.06131, 0.06131, 0.06131, 0.04497, 0.03298, 0.04497, 0.04497, 0.04497, 0.03298, 0.02419, 0.03298, 0.03298, 0.03298, 0.02419, 0.02419, 0.02419, 0.02419, 0.02419, 0.02419, 0.01774], [0.05344, 0.05344, 0.05344, 0.03919, 0.02875, 0.05344, 0.07286, 0.05344, 0.03919, 0.02875, 0.05344, 0.05344, 0.05344, 0.03919, 0.02875, 0.03919, 0.03919, 0.03919, 0.02875, 0.02108, 0.02875, 0.02875, 0.02875, 0.02108, 0.02108], [0.03772, 0.03772, 0.03772, 0.02767, 0.02029, 0.05143, 0.05143, 0.05143, 0.03772, 0.02767, 0.05143, 0.07012, 0.05143, 0.03772, 0.02767, 0.05143, 0.05143, 0.05143, 0.03772, 0.02767, 0.03772, 0.03772, 0.03772, 0.02767, 0.02029], [0.02875, 0.02875, 0.02875, 0.02108, 0.02108, 0.03919, 0.03919, 0.03919, 0.02875, 0.02108, 0.05344, 0.05344, 0.05344, 0.03919, 0.02875, 0.05344, 0.07286, 0.05344, 0.03919, 0.02875, 0.05344, 0.05344, 0.05344, 0.03919, 0.02875], [0.02419, 0.02419, 0.02419, 0.02419, 0.01774, 0.03298, 0.03298, 0.03298, 0.02419, 0.02419, 0.04497, 0.04497, 0.04497, 0.03298, 0.02419, 0.06131, 0.06131, 0.06131, 0.04497, 0.03298, 0.06131, 0.0836, 0.06131, 0.04497, 0.03298], [0.04327, 0.059, 0.08044, 0.059, 0.04327, 0.04327, 0.059, 0.059, 0.059, 0.04327, 0.03174, 0.04327, 0.04327, 0.04327, 0.03174, 0.02328, 0.03174, 0.03174, 0.03174, 0.02328, 0.02328, 0.02328, 0.02328, 0.02328, 0.02328], [0.03772, 0.05143, 0.05143, 0.05143, 0.03772, 0.03772, 0.05143, 0.07012, 0.05143, 0.03772, 0.03772, 0.05143, 0.05143, 0.05143, 0.03772, 0.02767, 0.03772, 0.03772, 0.03772, 0.02767, 0.02029, 0.02767, 0.02767, 0.02767, 0.02029], [0.02648, 0.0361, 0.0361, 0.0361, 0.02648, 0.0361, 0.04922, 0.04922, 0.04922, 0.0361, 0.0361, 0.04922, 0.06711, 0.04922, 0.0361, 0.0361, 0.04922, 0.04922, 0.04922, 0.0361, 0.02648, 0.0361, 0.0361, 0.0361, 0.02648], [0.02029, 0.02767, 0.02767, 0.02767, 0.02029, 0.02767, 0.03772, 0.03772, 0.03772, 0.02767, 0.03772, 0.05143, 0.05143, 0.05143, 0.03772, 0.03772, 0.05143, 0.07012, 0.05143, 0.03772, 0.03772, 0.05143, 0.05143, 0.05143, 0.03772], [0.02328, 0.02328, 0.02328, 0.02328, 0.02328, 0.02328, 0.03174, 0.03174, 0.03174, 0.02328, 0.03174, 0.04327, 0.04327, 0.04327, 0.03174, 0.04327, 0.059, 0.059, 0.059, 0.04327, 0.04327, 0.059, 0.08044, 0.059, 0.04327], [0.03298, 0.04497, 0.06131, 0.0836, 0.06131, 0.03298, 0.04497, 0.06131, 0.06131, 0.06131, 0.02419, 0.03298, 0.04497, 0.04497, 0.04497, 0.02419, 0.02419, 0.03298, 0.03298, 0.03298, 0.01774, 0.02419, 0.02419, 0.02419, 0.02419], [0.02875, 0.03919, 0.05344, 0.05344, 0.05344, 0.02875, 0.03919, 0.05344, 0.07286, 0.05344, 0.02875, 0.03919, 0.05344, 0.05344, 0.05344, 0.02108, 0.02875, 0.03919, 0.03919, 0.03919, 0.02108, 0.02108, 0.02875, 0.02875, 0.02875], [0.02029, 0.02767, 0.03772, 0.03772, 0.03772, 0.02767, 0.03772, 0.05143, 0.05143, 0.05143, 0.02767, 0.03772, 0.05143, 0.07012, 0.05143, 0.02767, 0.03772, 0.05143, 0.05143, 0.05143, 0.02029, 0.02767, 0.03772, 0.03772, 0.03772], [0.02108, 0.02108, 0.02875, 0.02875, 0.02875, 0.02108, 0.02875, 0.03919, 0.03919, 0.03919, 0.02875, 0.03919, 0.05344, 0.05344, 0.05344, 0.02875, 0.03919, 0.05344, 0.07286, 0.05344, 0.02875, 0.03919, 0.05344, 0.05344, 0.05344], [0.01774, 0.02419, 0.02419, 0.02419, 0.02419, 0.02419, 0.02419, 0.03298, 0.03298, 0.03298, 0.02419, 0.03298, 0.04497, 0.04497, 0.04497, 0.03298, 0.04497, 0.06131, 0.06131, 0.06131, 0.03298, 0.04497, 0.06131, 0.0836, 0.06131], [0.02754, 0.03754, 0.05119, 0.06979, 0.09515, 0.02754, 0.03754, 0.05119, 0.06979, 0.06979, 0.02754, 0.02754, 0.03754, 0.05119, 0.05119, 0.0202, 0.02754, 0.02754, 0.03754, 0.03754, 0.01481, 0.0202, 0.02754, 0.02754, 0.02754], [0.02419, 0.03298, 0.04497, 0.06131, 0.06131, 0.02419, 0.03298, 0.04497, 0.06131, 0.0836, 0.02419, 0.03298, 0.04497, 0.06131, 0.06131, 0.02419, 0.02419, 0.03298, 0.04497, 0.04497, 0.01774, 0.02419, 0.02419, 0.03298, 0.03298], [0.02328, 0.02328, 0.03174, 0.04327, 0.04327, 0.02328, 0.03174, 0.04327, 0.059, 0.059, 0.02328, 0.03174, 0.04327, 0.059, 0.08044, 0.02328, 0.03174, 0.04327, 0.059, 0.059, 0.02328, 0.02328, 0.03174, 0.04327, 0.04327], [0.01774, 0.02419, 0.02419, 0.03298, 0.03298, 0.02419, 0.02419, 0.03298, 0.04497, 0.04497, 0.02419, 0.03298, 0.04497, 0.06131, 0.06131, 0.02419, 0.03298, 0.04497, 0.06131, 0.0836, 0.02419, 0.03298, 0.04497, 0.06131, 0.06131], [0.01481, 0.0202, 0.02754, 0.02754, 0.02754, 0.0202, 0.02754, 0.02754, 0.03754, 0.03754, 0.02754, 0.02754, 0.03754, 0.05119, 0.05119, 0.02754, 0.03754, 0.05119, 0.06979, 0.06979, 0.02754, 0.03754, 0.05119, 0.06979, 0.09515]]