[[0.06507, 0.05518, 0.04678, 0.03967, 0.03363, 0.05518, 0.05518, 0.04678, 0.03967, 0.03363, 0.04678, 0.04678, 0.03967, 0.03363, 0.03363, 0.03967, 0.03967, 0.03363, 0.03363, 0.02852, 0.03363, 0.03363, 0.03363, 0.02852, 0.02418], [0.05124, 0.05124, 0.04345, 0.03684, 0.03123, 0.06043, 0.05124, 0.04345, 0.03684, 0.03123, 0.05124, 0.05124, 0.04345, 0.03684, 0.03123, 0.04345, 0.04345, 0.03684, 0.03123, 0.03123, 0.03684, 0.03684, 0.03123, 0.03123, 0.02648], [0.04245, 0.04245, 0.03599, 0.03051, 0.03051, 0.05006, 0.05006, 0.04245, 0.03599, 0.03051, 0.05904, 0.05006, 0.04245, 0.03599, 0.03051, 0.05006, 0.05006, 0.04245, 0.03599, 0.03051, 0.04245, 0.04245, 0.03599, 0.03051, 0.03051], [0.03684, 0.03684, 0.03123, 0.03123, 0.02648, 0.04345, 0.04345, 0.03684, 0.03123, 0.03123, 0.05124, 0.05124, 0.04345, 0.03684, 0.03123, 0.06043, 0.05124, 0.04345, 0.03684, 0.03123, 0.05124, 0.05124, 0.04345, 0.03684, 0.03123], [0.03363, 0.03363, 0.03363, 0.02852, 0.02418, 0.03967, 0.03967, 0.03363, 0.03363, 0.02852, 0.04678, 0.04678, 0.03967, 0.03363, 0.03363, 0.05518, 0.05518, 0.04678, 0.03967, 0.03363, 0.06507, 0.05518, 0.04678, 0.03967, 0.03363], [0.05124, 0.06043, 0.05124, 0.04345, 0.03684, 0.05124, 0.05124, 0.05124, 0.04345, 0.03684, 0.04345, 0.04345, 0.04345, 0.03684, 0.03123, 0.03684, 0.03684, 0.03684, 0.03123, 0.03123, 0.03123, 0.03123, 0.03123, 0.03123, 0.02648], [0.04733, 0.04733, 0.04733, 0.04013, 0.03403, 0.04733, 0.05582, 0.04733, 0.04013, 0.03403, 0.04733, 0.04733, 0.04733, 0.04013, 0.03403, 0.04013, 0.04013, 0.04013, 0.03403, 0.02885, 0.03403, 0.03403, 0.03403, 0.02885, 0.02885], [0.03921, 0.03921, 0.03921, 0.03325, 0.02819, 0.04624, 0.04624, 0.04624, 0.03921, 0.03325, 0.04624, 0.05454, 0.04624, 0.03921, 0.03325, 0.04624, 0.04624, 0.04624, 0.03921, 0.03325, 0.03921, 0.03921, 0.03921, 0.03325, 0.02819], [0.03403, 0.03403, 0.03403, 0.02885, 0.02885, 0.04013, 0.04013, 0.04013, 0.03403, 0.02885, 0.04733, 0.04733, 0.04733, 0.04013, 0.03403, 0.04733, 0.05582, 0.04733, 0.04013, 0.03403, 0.04733, 0.04733, 0.04733, 0.04013, 0.03403], [0.03123, 0.03123, 0.03123, 0.03123, 0.02648, 0.03684, 0.03684, 0.03684, 0.03123, 0.03123, 0.04345, 0.04345, 0.04345, 0.03684, 0.03123, 0.05124, 0.05124, 0.05124, 0.04345, 0.03684, 0.05124, 0.06043, 0.05124, 0.04345, 0.03684], [0.04245, 0.05006, 0.05904, 0.05006, 0.04245, 0.04245, 0.05006, 0.05006, 0.05006, 0.04245, 0.03599, 0.04245, 0.04245, 0.04245, 0.03599, 0.03051, 0.03599, 0.03599, 0.03599, 0.03051, 0.03051, 0.03051, 0.03051, 0.03051, 0.03051], [0.03921, 0.04624, 0.04624, 0.04624, 0.03921, 0.03921, 0.04624, 0.05454, 0.04624, 0.03921, 0.03921, 0.04624, 0.04624, 0.04624, 0.03921, 0.03325, 0.03921, 0.03921, 0.03921, 0.03325, 0.02819, 0.03325, 0.03325, 0.03325, 0.02819], [0.03234, 0.03814, 0.03814, 0.03814, 0.03234, 0.03814, 0.04498, 0.04498, 0.04498, 0.03814, 0.03814, 0.04498, 0.05305, 0.04498, 0.03814, 0.03814, 0.04498, 0.04498, 0.04498, 0.03814, 0.03234, 0.03814, 0.03814, 0.03814, 0.03234], [0.02819, 0.03325, 0.03325, 0.03325, 0.02819, 0.03325, 0.03921, 0.03921, 0.03921, 0.03325, 0.03921, 0.04624, 0.04624, 0.04624, 0.03921, 0.03921, 0.04624, 0.05454, 0.04624, 0.03921, 0.03921, 0.04624, 0.04624, 0.04624, 0.03921], [0.03051, 0.03051, 0.03051, 0.03051, 0.03051, 0.03051, 0.03599, 0.03599, 0.03599, 0.03051, 0.03599, 0.04245, 0.04245, 0.04245, 0.03599, 0.04245, 0.05006, 0.05006, 0.05006, 0.04245, 0.04245, 0.05006, 0.05904, 0.05006, 0.04245], [0.03684, 0.04345, 0.05124, 0.06043, 0.05124, 0.03684, 0.04345, 0.05124, 0.05124, 0.05124, 0.03123, 0.03684, 0.04345, 0.04345, 0.04345, 0.03123, 0.03123, 0.03684, 0.03684, 0.03684, 0.02648, 0.03123, 0.03123, 0.03123, 0.03123], [0.03403, 0.04013, 0.04733, 0.04733, 0.04733, 0.03403, 0.04013, 0.04733, 0.05582, 0.04733, 0.03403, 0.04013, 0.04733, 0.04733, 0.04733, 0.02885, 0.03403, 0.04013, 0.04013, 0.04013, 0.02885, 0.02885, 0.03403, 0.03403, 0.03403], [0.02819, 0.03325, 0.03921, 0.03921, 0.03921, 0.03325, 0.03921, 0.04624, 0.04624, 0.04624, 0.03325, 0.03921, 0.04624, 0.05454, 0.04624, 0.03325, 0.03921, 0.04624, 0.04624, 0.04624, 0.02819, 0.03325, 0.03921, 0.03921, 0.03921], [0.02885, 0.02885, 0.03403, 0.03403, 0.03403, 0.02885, 0.03403, 0.04013, 0.04013, 0.04013, 0.03403, 0.04013, 0.04733, 0.04733, 0.04733, 0.03403, 0.04013, 0.04733, 0.05582, 0.04733, 0.03403, 0.04013, 0.04733, 0.04733, 0.04733], [0.02648, 0.03123, 0.03123, 0.03123, 0.03123, 0.03123, 0.03123, 0.03684, 0.03684, 0.03684, 0.03123, 0.03684, 0.04345, 0.04345, 0.04345, 0.03684, 0.04345, 0.05124, 0.05124, 0.05124, 0.03684, 0.04345, 0.05124, 0.06043, 0.05124], [0.03363, 0.03967, 0.04678, 0.05518, 0.06507, 0.03363, 0.03967, 0.04678, 0.05518, 0.05518, 0.03363, 0.03363, 0.03967, 0.04678, 0.04678, 0.02852, 0.03363, 0.03363, 0.03967, 0.03967, 0.02418, 0.02852, 0.03363, 0.03363, 0.03363], [0.03123, 0.03684, 0.04345, 0.05124, 0.05124, 0.03123, 0.03684, 0.04345, 0.05124, 0.06043, 0.03123, 0.03684, 0.04345, 0.05124, 0.05124, 0.03123, 0.03123, 0.03684, 0.04345, 0.04345, 0.02648, 0.03123, 0.03123, 0.03684, 0.03684], [0.03051, 0.03051, 0.03599, 0.04245, 0.04245, 0.03051, 0.03599, 0.04245, 0.05006, 0.05006, 0.03051, 0.03599, 0.04245, 0.05006, 0.05904, 0.03051, 0.03599, 0.04245, 0.05006, 0.05006, 0.03051, 0.03051, 0.03599, 0.04245, 0.04245], [0.02648, 0.03123, 0.03123, 0.03684, 0.03684, 0.03123, 0.03123, 0.03684, 0.04345, 0.04345, 0.03123, 0.03684, 0.04345, 0.05124, 0.05124, 0.03123, 0.03684, 0.04345, 0.05124, 0.06043, 0.03123, 0.03684, 0.04345, 0.05124, 0.05124], [0.02418, 0.02852, 0.03363, 0.03363, 0.03363, 0.02852, 0.03363, 0.03363, 0.03967, 0.03967, 0.03363, 0.03363, 0.03967, 0.04678, 0.04678, 0.03363, 0.03967, 0.04678, 0.05518, 0.05518, 0.03363, 0.03967, 0.04678, 0.05518, 0.06507]]