[[0.04178, 0.0412, 0.04062, 0.04006, 0.0395, 0.0412, 0.0412, 0.04062, 0.04006, 0.0395, 0.04062, 0.04062, 0.04006, 0.0395, 0.0395, 0.04006, 0.04006, 0.0395, 0.0395, 0.03895, 0.0395, 0.0395, 0.0395, 0.03895, 0.03841], [0.04092, 0.0415, 0.04092, 0.04035, 0.03979, 0.04092, 0.04092, 0.04092, 0.04035, 0.03979, 0.04035, 0.04035, 0.04035, 0.03979, 0.03924, 0.03979, 0.03979, 0.03979, 0.03924, 0.03924, 0.03924, 0.03924, 0.03924, 0.03924, 0.03869], [0.04026, 0.04083, 0.04141, 0.04083, 0.04026, 0.04026, 0.04083, 0.04083, 0.04083, 0.04026, 0.0397, 0.04026, 0.04026, 0.04026, 0.0397, 0.03915, 0.0397, 0.0397, 0.0397, 0.03915, 0.03915, 0.03915, 0.03915, 0.03915, 0.03915], [0.03979, 0.04035, 0.04092, 0.0415, 0.04092, 0.03979, 0.04035, 0.04092, 0.04092, 0.04092, 0.03924, 0.03979, 0.04035, 0.04035, 0.04035, 0.03924, 0.03924, 0.03979, 0.03979, 0.03979, 0.03869, 0.03924, 0.03924, 0.03924, 0.03924], [0.0395, 0.04006, 0.04062, 0.0412, 0.04178, 0.0395, 0.04006, 0.04062, 0.0412, 0.0412, 0.0395, 0.0395, 0.04006, 0.04062, 0.04062, 0.03895, 0.0395, 0.0395, 0.04006, 0.04006, 0.03841, 0.03895, 0.0395, 0.0395, 0.0395], [0.04092, 0.04092, 0.04035, 0.03979, 0.03924, 0.0415, 0.04092, 0.04035, 0.03979, 0.03924, 0.04092, 0.04092, 0.04035, 0.03979, 0.03924, 0.04035, 0.04035, 0.03979, 0.03924, 0.03924, 0.03979, 0.03979, 0.03924, 0.03924, 0.03869], [0.04063, 0.04063, 0.04063, 0.04006, 0.03951, 0.04063, 0.0412, 0.04063, 0.04006, 0.03951, 0.04063, 0.04063, 0.04063, 0.04006, 0.03951, 0.04006, 0.04006, 0.04006, 0.03951, 0.03896, 0.03951, 0.03951, 0.03951, 0.03896, 0.03896], [0.03997, 0.04054, 0.04054, 0.04054, 0.03997, 0.03997, 0.04054, 0.04111, 0.04054, 0.03997, 0.03997, 0.04054, 0.04054, 0.04054, 0.03997, 0.03942, 0.03997, 0.03997, 0.03997, 0.03942, 0.03887, 0.03942, 0.03942, 0.03942, 0.03887], [0.03951, 0.04006, 0.04063, 0.04063, 0.04063, 0.03951, 0.04006, 0.04063, 0.0412, 0.04063, 0.03951, 0.04006, 0.04063, 0.04063, 0.04063, 0.03896, 0.03951, 0.04006, 0.04006, 0.04006, 0.03896, 0.03896, 0.03951, 0.03951, 0.03951], [0.03924, 0.03979, 0.04035, 0.04092, 0.04092, 0.03924, 0.03979, 0.04035, 0.04092, 0.0415, 0.03924, 0.03979, 0.04035, 0.04092, 0.04092, 0.03924, 0.03924, 0.03979, 0.04035, 0.04035, 0.03869, 0.03924, 0.03924, 0.03979, 0.03979], [0.04026, 0.04026, 0.0397, 0.03915, 0.03915, 0.04083, 0.04083, 0.04026, 0.0397, 0.03915, 0.04141, 0.04083, 0.04026, 0.0397, 0.03915, 0.04083, 0.04083, 0.04026, 0.0397, 0.03915, 0.04026, 0.04026, 0.0397, 0.03915, 0.03915], [0.03997, 0.03997, 0.03997, 0.03942, 0.03887, 0.04054, 0.04054, 0.04054, 0.03997, 0.03942, 0.04054, 0.04111, 0.04054, 0.03997, 0.03942, 0.04054, 0.04054, 0.04054, 0.03997, 0.03942, 0.03997, 0.03997, 0.03997, 0.03942, 0.03887], [0.03931, 0.03986, 0.03986, 0.03986, 0.03931, 0.03986, 0.04043, 0.04043, 0.04043, 0.03986, 0.03986, 0.04043, 0.041, 0.04043, 0.03986, 0.03986, 0.04043, 0.04043, 0.04043, 0.03986, 0.03931, 0.03986, 0.03986, 0.03986, 0.03931], [0.03887, 0.03942, 0.03997, 0.03997, 0.03997, 0.03942, 0.03997, 0.04054, 0.04054, 0.04054, 0.03942, 0.03997, 0.04054, 0.04111, 0.04054, 0.03942, 0.03997, 0.04054, 0.04054, 0.04054, 0.03887, 0.03942, 0.03997, 0.03997, 0.03997], [0.03915, 0.03915, 0.0397, 0.04026, 0.04026, 0.03915, 0.0397, 0.04026, 0.04083, 0.04083, 0.03915, 0.0397, 0.04026, 0.04083, 0.04141, 0.03915, 0.0397, 0.04026, 0.04083, 0.04083, 0.03915, 0.03915, 0.0397, 0.04026, 0.04026], [0.03979, 0.03979, 0.03924, 0.03924, 0.03869, 0.04035, 0.04035, 0.03979, 0.03924, 0.03924, 0.04092, 0.04092, 0.04035, 0.03979, 0.03924, 0.0415, 0.04092, 0.04035, 0.03979, 0.03924, 0.04092, 0.04092, 0.04035, 0.03979, 0.03924], [0.03951, 0.03951, 0.03951, 0.03896, 0.03896, 0.04006, 0.04006, 0.04006, 0.03951, 0.03896, 0.04063, 0.04063, 0.04063, 0.04006, 0.03951, 0.04063, 0.0412, 0.04063, 0.04006, 0.03951, 0.04063, 0.04063, 0.04063, 0.04006, 0.03951], [0.03887, 0.03942, 0.03942, 0.03942, 0.03887, 0.03942, 0.03997, 0.03997, 0.03997, 0.03942, 0.03997, 0.04054, 0.04054, 0.04054, 0.03997, 0.03997, 0.04054, 0.04111, 0.04054, 0.03997, 0.03997, 0.04054, 0.04054, 0.04054, 0.03997], [0.03896, 0.03896, 0.03951, 0.03951, 0.03951, 0.03896, 0.03951, 0.04006, 0.04006, 0.04006, 0.03951, 0.04006, 0.04063, 0.04063, 0.04063, 0.03951, 0.04006, 0.04063, 0.0412, 0.04063, 0.03951, 0.04006, 0.04063, 0.04063, 0.04063], [0.03869, 0.03924, 0.03924, 0.03979, 0.03979, 0.03924, 0.03924, 0.03979, 0.04035, 0.04035, 0.03924, 0.03979, 0.04035, 0.04092, 0.04092, 0.03924, 0.03979, 0.04035, 0.04092, 0.0415, 0.03924, 0.03979, 0.04035, 0.04092, 0.04092], [0.0395, 0.0395, 0.0395, 0.03895, 0.03841, 0.04006, 0.04006, 0.0395, 0.0395, 0.03895, 0.04062, 0.04062, 0.04006, 0.0395, 0.0395, 0.0412, 0.0412, 0.04062, 0.04006, 0.0395, 0.04178, 0.0412, 0.04062, 0.04006, 0.0395], [0.03924, 0.03924, 0.03924, 0.03924, 0.03869, 0.03979, 0.03979, 0.03979, 0.03924, 0.03924, 0.04035, 0.04035, 0.04035, 0.03979, 0.03924, 0.04092, 0.04092, 0.04092, 0.04035, 0.03979, 0.04092, 0.0415, 0.04092, 0.04035, 0.03979], [0.03915, 0.03915, 0.03915, 0.03915, 0.03915, 0.03915, 0.0397, 0.0397, 0.0397, 0.03915, 0.0397, 0.04026, 0.04026, 0.04026, 0.0397, 0.04026, 0.04083, 0.04083, 0.04083, 0.04026, 0.04026, 0.04083, 0.04141, 0.04083, 0.04026], [0.03869, 0.03924, 0.03924, 0.03924, 0.03924, 0.03924, 0.03924, 0.03979, 0.03979, 0.03979, 0.03924, 0.03979, 0.04035, 0.04035, 0.04035, 0.03979, 0.04035, 0.04092, 0.04092, 0.04092, 0.03979, 0.04035, 0.04092, 0.0415, 0.04092], [0.03841, 0.03895, 0.0395, 0.0395, 0.0395, 0.03895, 0.0395, 0.0395, 0.04006, 0.04006, 0.0395, 0.0395, 0.04006, 0.04062, 0.04062, 0.0395, 0.04006, 0.04062, 0.0412, 0.0412, 0.0395, 0.04006, 0.04062, 0.0412, 0.04178]]