[[0.06418, 0.05469, 0.0466, 0.03971, 0.03384, 0.05469, 0.05469, 0.0466, 0.03971, 0.03384, 0.0466, 0.0466, 0.03971, 0.03384, 0.03384, 0.03971, 0.03971, 0.03384, 0.03384, 0.02884, 0.03384, 0.03384, 0.03384, 0.02884, 0.02457], [0.05089, 0.05089, 0.04337, 0.03695, 0.03149, 0.05972, 0.05089, 0.04337, 0.03695, 0.03149, 0.05089, 0.05089, 0.04337, 0.03695, 0.03149, 0.04337, 0.04337, 0.03695, 0.03149, 0.03149, 0.03695, 0.03695, 0.03149, 0.03149, 0.02683], [0.04239, 0.04239, 0.03613, 0.03078, 0.03078, 0.04975, 0.04975, 0.04239, 0.03613, 0.03078, 0.05838, 0.04975, 0.04239, 0.03613, 0.03078, 0.04975, 0.04975, 0.04239, 0.03613, 0.03078, 0.04239, 0.04239, 0.03613, 0.03078, 0.03078], [0.03695, 0.03695, 0.03149, 0.03149, 0.02683, 0.04337, 0.04337, 0.03695, 0.03149, 0.03149, 0.05089, 0.05089, 0.04337, 0.03695, 0.03149, 0.05972, 0.05089, 0.04337, 0.03695, 0.03149, 0.05089, 0.05089, 0.04337, 0.03695, 0.03149], [0.03384, 0.03384, 0.03384, 0.02884, 0.02457, 0.03971, 0.03971, 0.03384, 0.03384, 0.02884, 0.0466, 0.0466, 0.03971, 0.03384, 0.03384, 0.05469, 0.05469, 0.0466, 0.03971, 0.03384, 0.06418, 0.05469, 0.0466, 0.03971, 0.03384], [0.05089, 0.05972, 0.05089, 0.04337, 0.03695, 0.05089, 0.05089, 0.05089, 0.04337, 0.03695, 0.04337, 0.04337, 0.04337, 0.03695, 0.03149, 0.03695, 0.03695, 0.03695, 0.03149, 0.03149, 0.03149, 0.03149, 0.03149, 0.03149, 0.02683], [0.04711, 0.04711, 0.04711, 0.04015, 0.03421, 0.04711, 0.05529, 0.04711, 0.04015, 0.03421, 0.04711, 0.04711, 0.04711, 0.04015, 0.03421, 0.04015, 0.04015, 0.04015, 0.03421, 0.02915, 0.03421, 0.03421, 0.03421, 0.02915, 0.02915], [0.03925, 0.03925, 0.03925, 0.03345, 0.0285, 0.04606, 0.04606, 0.04606, 0.03925, 0.03345, 0.04606, 0.05405, 0.04606, 0.03925, 0.03345, 0.04606, 0.04606, 0.04606, 0.03925, 0.03345, 0.03925, 0.03925, 0.03925, 0.03345, 0.0285], [0.03421, 0.03421, 0.03421, 0.02915, 0.02915, 0.04015, 0.04015, 0.04015, 0.03421, 0.02915, 0.04711, 0.04711, 0.04711, 0.04015, 0.03421, 0.04711, 0.05529, 0.04711, 0.04015, 0.03421, 0.04711, 0.04711, 0.04711, 0.04015, 0.03421], [0.03149, 0.03149, 0.03149, 0.03149, 0.02683, 0.03695, 0.03695, 0.03695, 0.03149, 0.03149, 0.04337, 0.04337, 0.04337, 0.03695, 0.03149, 0.05089, 0.05089, 0.05089, 0.04337, 0.03695, 0.05089, 0.05972, 0.05089, 0.04337, 0.03695], [0.04239, 0.04975, 0.05838, 0.04975, 0.04239, 0.04239, 0.04975, 0.04975, 0.04975, 0.04239, 0.03613, 0.04239, 0.04239, 0.04239, 0.03613, 0.03078, 0.03613, 0.03613, 0.03613, 0.03078, 0.03078, 0.03078, 0.03078, 0.03078, 0.03078], [0.03925, 0.04606, 0.04606, 0.04606, 0.03925, 0.03925, 0.04606, 0.05405, 0.04606, 0.03925, 0.03925, 0.04606, 0.04606, 0.04606, 0.03925, 0.03345, 0.03925, 0.03925, 0.03925, 0.03345, 0.0285, 0.03345, 0.03345, 0.03345, 0.0285], [0.03256, 0.03821, 0.03821, 0.03821, 0.03256, 0.03821, 0.04484, 0.04484, 0.04484, 0.03821, 0.03821, 0.04484, 0.05261, 0.04484, 0.03821, 0.03821, 0.04484, 0.04484, 0.04484, 0.03821, 0.03256, 0.03821, 0.03821, 0.03821, 0.03256], [0.0285, 0.03345, 0.03345, 0.03345, 0.0285, 0.03345, 0.03925, 0.03925, 0.03925, 0.03345, 0.03925, 0.04606, 0.04606, 0.04606, 0.03925, 0.03925, 0.04606, 0.05405, 0.04606, 0.03925, 0.03925, 0.04606, 0.04606, 0.04606, 0.03925], [0.03078, 0.03078, 0.03078, 0.03078, 0.03078, 0.03078, 0.03613, 0.03613, 0.03613, 0.03078, 0.03613, 0.04239, 0.04239, 0.04239, 0.03613, 0.04239, 0.04975, 0.04975, 0.04975, 0.04239, 0.04239, 0.04975, 0.05838, 0.04975, 0.04239], [0.03695, 0.04337, 0.05089, 0.05972, 0.05089, 0.03695, 0.04337, 0.05089, 0.05089, 0.05089, 0.03149, 0.03695, 0.04337, 0.04337, 0.04337, 0.03149, 0.03149, 0.03695, 0.03695, 0.03695, 0.02683, 0.03149, 0.03149, 0.03149, 0.03149], [0.03421, 0.04015, 0.04711, 0.04711, 0.04711, 0.03421, 0.04015, 0.04711, 0.05529, 0.04711, 0.03421, 0.04015, 0.04711, 0.04711, 0.04711, 0.02915, 0.03421, 0.04015, 0.04015, 0.04015, 0.02915, 0.02915, 0.03421, 0.03421, 0.03421], [0.0285, 0.03345, 0.03925, 0.03925, 0.03925, 0.03345, 0.03925, 0.04606, 0.04606, 0.04606, 0.03345, 0.03925, 0.04606, 0.05405, 0.04606, 0.03345, 0.03925, 0.04606, 0.04606, 0.04606, 0.0285, 0.03345, 0.03925, 0.03925, 0.03925], [0.02915, 0.02915, 0.03421, 0.03421, 0.03421, 0.02915, 0.03421, 0.04015, 0.04015, 0.04015, 0.03421, 0.04015, 0.04711, 0.04711, 0.04711, 0.03421, 0.04015, 0.04711, 0.05529, 0.04711, 0.03421, 0.04015, 0.04711, 0.04711, 0.04711], [0.02683, 0.03149, 0.03149, 0.03149, 0.03149, 0.03149, 0.03149, 0.03695, 0.03695, 0.03695, 0.03149, 0.03695, 0.04337, 0.04337, 0.04337, 0.03695, 0.04337, 0.05089, 0.05089, 0.05089, 0.03695, 0.04337, 0.05089, 0.05972, 0.05089], [0.03384, 0.03971, 0.0466, 0.05469, 0.06418, 0.03384, 0.03971, 0.0466, 0.05469, 0.05469, 0.03384, 0.03384, 0.03971, 0.0466, 0.0466, 0.02884, 0.03384, 0.03384, 0.03971, 0.03971, 0.02457, 0.02884, 0.03384, 0.03384, 0.03384], [0.03149, 0.03695, 0.04337, 0.05089, 0.05089, 0.03149, 0.03695, 0.04337, 0.05089, 0.05972, 0.03149, 0.03695, 0.04337, 0.05089, 0.05089, 0.03149, 0.03149, 0.03695, 0.04337, 0.04337, 0.02683, 0.03149, 0.03149, 0.03695, 0.03695], [0.03078, 0.03078, 0.03613, 0.04239, 0.04239, 0.03078, 0.03613, 0.04239, 0.04975, 0.04975, 0.03078, 0.03613, 0.04239, 0.04975, 0.05838, 0.03078, 0.03613, 0.04239, 0.04975, 0.04975, 0.03078, 0.03078, 0.03613, 0.04239, 0.04239], [0.02683, 0.03149, 0.03149, 0.03695, 0.03695, 0.03149, 0.03149, 0.03695, 0.04337, 0.04337, 0.03149, 0.03695, 0.04337, 0.05089, 0.05089, 0.03149, 0.03695, 0.04337, 0.05089, 0.05972, 0.03149, 0.03695, 0.04337, 0.05089, 0.05089], [0.02457, 0.02884, 0.03384, 0.03384, 0.03384, 0.02884, 0.03384, 0.03384, 0.03971, 0.03971, 0.03384, 0.03384, 0.03971, 0.0466, 0.0466, 0.03384, 0.03971, 0.0466, 0.05469, 0.05469, 0.03384, 0.03971, 0.0466, 0.05469, 0.06418]]