[[0.0697, 0.05764, 0.04767, 0.03942, 0.0326, 0.05764, 0.05764, 0.04767, 0.03942, 0.0326, 0.04767, 0.04767, 0.03942, 0.0326, 0.0326, 0.03942, 0.03942, 0.0326, 0.0326, 0.02696, 0.0326, 0.0326, 0.0326, 0.02696, 0.02229], [0.05298, 0.05298, 0.04382, 0.03623, 0.02996, 0.06407, 0.05298, 0.04382, 0.03623, 0.02996, 0.05298, 0.05298, 0.04382, 0.03623, 0.02996, 0.04382, 0.04382, 0.03623, 0.02996, 0.02996, 0.03623, 0.03623, 0.02996, 0.02996, 0.02478], [0.04268, 0.04268, 0.03529, 0.02919, 0.02919, 0.05161, 0.05161, 0.04268, 0.03529, 0.02919, 0.06241, 0.05161, 0.04268, 0.03529, 0.02919, 0.05161, 0.05161, 0.04268, 0.03529, 0.02919, 0.04268, 0.04268, 0.03529, 0.02919, 0.02919], [0.03623, 0.03623, 0.02996, 0.02996, 0.02478, 0.04382, 0.04382, 0.03623, 0.02996, 0.02996, 0.05298, 0.05298, 0.04382, 0.03623, 0.02996, 0.06407, 0.05298, 0.04382, 0.03623, 0.02996, 0.05298, 0.05298, 0.04382, 0.03623, 0.02996], [0.0326, 0.0326, 0.0326, 0.02696, 0.02229, 0.03942, 0.03942, 0.0326, 0.0326, 0.02696, 0.04767, 0.04767, 0.03942, 0.0326, 0.0326, 0.05764, 0.05764, 0.04767, 0.03942, 0.0326, 0.0697, 0.05764, 0.04767, 0.03942, 0.0326], [0.05298, 0.06407, 0.05298, 0.04382, 0.03623, 0.05298, 0.05298, 0.05298, 0.04382, 0.03623, 0.04382, 0.04382, 0.04382, 0.03623, 0.02996, 0.03623, 0.03623, 0.03623, 0.02996, 0.02996, 0.02996, 0.02996, 0.02996, 0.02996, 0.02478], [0.04842, 0.04842, 0.04842, 0.04004, 0.03311, 0.04842, 0.05855, 0.04842, 0.04004, 0.03311, 0.04842, 0.04842, 0.04842, 0.04004, 0.03311, 0.04004, 0.04004, 0.04004, 0.03311, 0.02738, 0.03311, 0.03311, 0.03311, 0.02738, 0.02738], [0.039, 0.039, 0.039, 0.03225, 0.02667, 0.04716, 0.04716, 0.04716, 0.039, 0.03225, 0.04716, 0.05703, 0.04716, 0.039, 0.03225, 0.04716, 0.04716, 0.04716, 0.039, 0.03225, 0.039, 0.039, 0.039, 0.03225, 0.02667], [0.03311, 0.03311, 0.03311, 0.02738, 0.02738, 0.04004, 0.04004, 0.04004, 0.03311, 0.02738, 0.04842, 0.04842, 0.04842, 0.04004, 0.03311, 0.04842, 0.05855, 0.04842, 0.04004, 0.03311, 0.04842, 0.04842, 0.04842, 0.04004, 0.03311], [0.02996, 0.02996, 0.02996, 0.02996, 0.02478, 0.03623, 0.03623, 0.03623, 0.02996, 0.02996, 0.04382, 0.04382, 0.04382, 0.03623, 0.02996, 0.05298, 0.05298, 0.05298, 0.04382, 0.03623, 0.05298, 0.06407, 0.05298, 0.04382, 0.03623], [0.04268, 0.05161, 0.06241, 0.05161, 0.04268, 0.04268, 0.05161, 0.05161, 0.05161, 0.04268, 0.03529, 0.04268, 0.04268, 0.04268, 0.03529, 0.02919, 0.03529, 0.03529, 0.03529, 0.02919, 0.02919, 0.02919, 0.02919, 0.02919, 0.02919], [0.039, 0.04716, 0.04716, 0.04716, 0.039, 0.039, 0.04716, 0.05703, 0.04716, 0.039, 0.039, 0.04716, 0.04716, 0.04716, 0.039, 0.03225, 0.039, 0.039, 0.039, 0.03225, 0.02667, 0.03225, 0.03225, 0.03225, 0.02667], [0.03127, 0.03782, 0.03782, 0.03782, 0.03127, 0.03782, 0.04573, 0.04573, 0.04573, 0.03782, 0.03782, 0.04573, 0.0553, 0.04573, 0.03782, 0.03782, 0.04573, 0.04573, 0.04573, 0.03782, 0.03127, 0.03782, 0.03782, 0.03782, 0.03127], [0.02667, 0.03225, 0.03225, 0.03225, 0.02667, 0.03225, 0.039, 0.039, 0.039, 0.03225, 0.039, 0.04716, 0.04716, 0.04716, 0.039, 0.039, 0.04716, 0.05703, 0.04716, 0.039, 0.039, 0.04716, 0.04716, 0.04716, 0.039], [0.02919, 0.02919, 0.02919, 0.02919, 0.02919, 0.02919, 0.03529, 0.03529, 0.03529, 0.02919, 0.03529, 0.04268, 0.04268, 0.04268, 0.03529, 0.04268, 0.05161, 0.05161, 0.05161, 0.04268, 0.04268, 0.05161, 0.06241, 0.05161, 0.04268], [0.03623, 0.04382, 0.05298, 0.06407, 0.05298, 0.03623, 0.04382, 0.05298, 0.05298, 0.05298, 0.02996, 0.03623, 0.04382, 0.04382, 0.04382, 0.02996, 0.02996, 0.03623, 0.03623, 0.03623, 0.02478, 0.02996, 0.02996, 0.02996, 0.02996], [0.03311, 0.04004, 0.04842, 0.04842, 0.04842, 0.03311, 0.04004, 0.04842, 0.05855, 0.04842, 0.03311, 0.04004, 0.04842, 0.04842, 0.04842, 0.02738, 0.03311, 0.04004, 0.04004, 0.04004, 0.02738, 0.02738, 0.03311, 0.03311, 0.03311], [0.02667, 0.03225, 0.039, 0.039, 0.039, 0.03225, 0.039, 0.04716, 0.04716, 0.04716, 0.03225, 0.039, 0.04716, 0.05703, 0.04716, 0.03225, 0.039, 0.04716, 0.04716, 0.04716, 0.02667, 0.03225, 0.039, 0.039, 0.039], [0.02738, 0.02738, 0.03311, 0.03311, 0.03311, 0.02738, 0.03311, 0.04004, 0.04004, 0.04004, 0.03311, 0.04004, 0.04842, 0.04842, 0.04842, 0.03311, 0.04004, 0.04842, 0.05855, 0.04842, 0.03311, 0.04004, 0.04842, 0.04842, 0.04842], [0.02478, 0.02996, 0.02996, 0.02996, 0.02996, 0.02996, 0.02996, 0.03623, 0.03623, 0.03623, 0.02996, 0.03623, 0.04382, 0.04382, 0.04382, 0.03623, 0.04382, 0.05298, 0.05298, 0.05298, 0.03623, 0.04382, 0.05298, 0.06407, 0.05298], [0.0326, 0.03942, 0.04767, 0.05764, 0.0697, 0.0326, 0.03942, 0.04767, 0.05764, 0.05764, 0.0326, 0.0326, 0.03942, 0.04767, 0.04767, 0.02696, 0.0326, 0.0326, 0.03942, 0.03942, 0.02229, 0.02696, 0.0326, 0.0326, 0.0326], [0.02996, 0.03623, 0.04382, 0.05298, 0.05298, 0.02996, 0.03623, 0.04382, 0.05298, 0.06407, 0.02996, 0.03623, 0.04382, 0.05298, 0.05298, 0.02996, 0.02996, 0.03623, 0.04382, 0.04382, 0.02478, 0.02996, 0.02996, 0.03623, 0.03623], [0.02919, 0.02919, 0.03529, 0.04268, 0.04268, 0.02919, 0.03529, 0.04268, 0.05161, 0.05161, 0.02919, 0.03529, 0.04268, 0.05161, 0.06241, 0.02919, 0.03529, 0.04268, 0.05161, 0.05161, 0.02919, 0.02919, 0.03529, 0.04268, 0.04268], [0.02478, 0.02996, 0.02996, 0.03623, 0.03623, 0.02996, 0.02996, 0.03623, 0.04382, 0.04382, 0.02996, 0.03623, 0.04382, 0.05298, 0.05298, 0.02996, 0.03623, 0.04382, 0.05298, 0.06407, 0.02996, 0.03623, 0.04382, 0.05298, 0.05298], [0.02229, 0.02696, 0.0326, 0.0326, 0.0326, 0.02696, 0.0326, 0.0326, 0.03942, 0.03942, 0.0326, 0.0326, 0.03942, 0.04767, 0.04767, 0.0326, 0.03942, 0.04767, 0.05764, 0.05764, 0.0326, 0.03942, 0.04767, 0.05764, 0.0697]]