[[0.04012, 0.04008, 0.04004, 0.04, 0.03996, 0.04008, 0.04008, 0.04004, 0.04, 0.03996, 0.04004, 0.04004, 0.04, 0.03996, 0.03996, 0.04, 0.04, 0.03996, 0.03996, 0.03992, 0.03996, 0.03996, 0.03996, 0.03992, 0.03988], [0.04007, 0.04011, 0.04007, 0.04003, 0.03999, 0.04007, 0.04007, 0.04007, 0.04003, 0.03999, 0.04003, 0.04003, 0.04003, 0.03999, 0.03995, 0.03999, 0.03999, 0.03999, 0.03995, 0.03995, 0.03995, 0.03995, 0.03995, 0.03995, 0.03991], [0.04002, 0.04006, 0.0401, 0.04006, 0.04002, 0.04002, 0.04006, 0.04006, 0.04006, 0.04002, 0.03998, 0.04002, 0.04002, 0.04002, 0.03998, 0.03994, 0.03998, 0.03998, 0.03998, 0.03994, 0.03994, 0.03994, 0.03994, 0.03994, 0.03994], [0.03999, 0.04003, 0.04007, 0.04011, 0.04007, 0.03999, 0.04003, 0.04007, 0.04007, 0.04007, 0.03995, 0.03999, 0.04003, 0.04003, 0.04003, 0.03995, 0.03995, 0.03999, 0.03999, 0.03999, 0.03991, 0.03995, 0.03995, 0.03995, 0.03995], [0.03996, 0.04, 0.04004, 0.04008, 0.04012, 0.03996, 0.04, 0.04004, 0.04008, 0.04008, 0.03996, 0.03996, 0.04, 0.04004, 0.04004, 0.03992, 0.03996, 0.03996, 0.04, 0.04, 0.03988, 0.03992, 0.03996, 0.03996, 0.03996], [0.04007, 0.04007, 0.04003, 0.03999, 0.03995, 0.04011, 0.04007, 0.04003, 0.03999, 0.03995, 0.04007, 0.04007, 0.04003, 0.03999, 0.03995, 0.04003, 0.04003, 0.03999, 0.03995, 0.03995, 0.03999, 0.03999, 0.03995, 0.03995, 0.03991], [0.04004, 0.04004, 0.04004, 0.04, 0.03996, 0.04004, 0.04008, 0.04004, 0.04, 0.03996, 0.04004, 0.04004, 0.04004, 0.04, 0.03996, 0.04, 0.04, 0.04, 0.03996, 0.03992, 0.03996, 0.03996, 0.03996, 0.03992, 0.03992], [0.04, 0.04004, 0.04004, 0.04004, 0.04, 0.04, 0.04004, 0.04008, 0.04004, 0.04, 0.04, 0.04004, 0.04004, 0.04004, 0.04, 0.03996, 0.04, 0.04, 0.04, 0.03996, 0.03992, 0.03996, 0.03996, 0.03996, 0.03992], [0.03996, 0.04, 0.04004, 0.04004, 0.04004, 0.03996, 0.04, 0.04004, 0.04008, 0.04004, 0.03996, 0.04, 0.04004, 0.04004, 0.04004, 0.03992, 0.03996, 0.04, 0.04, 0.04, 0.03992, 0.03992, 0.03996, 0.03996, 0.03996], [0.03995, 0.03999, 0.04003, 0.04007, 0.04007, 0.03995, 0.03999, 0.04003, 0.04007, 0.04011, 0.03995, 0.03999, 0.04003, 0.04007, 0.04007, 0.03995, 0.03995, 0.03999, 0.04003, 0.04003, 0.03991, 0.03995, 0.03995, 0.03999, 0.03999], [0.04002, 0.04002, 0.03998, 0.03994, 0.03994, 0.04006, 0.04006, 0.04002, 0.03998, 0.03994, 0.0401, 0.04006, 0.04002, 0.03998, 0.03994, 0.04006, 0.04006, 0.04002, 0.03998, 0.03994, 0.04002, 0.04002, 0.03998, 0.03994, 0.03994], [0.04, 0.04, 0.04, 0.03996, 0.03992, 0.04004, 0.04004, 0.04004, 0.04, 0.03996, 0.04004, 0.04008, 0.04004, 0.04, 0.03996, 0.04004, 0.04004, 0.04004, 0.04, 0.03996, 0.04, 0.04, 0.04, 0.03996, 0.03992], [0.03995, 0.03999, 0.03999, 0.03999, 0.03995, 0.03999, 0.04003, 0.04003, 0.04003, 0.03999, 0.03999, 0.04003, 0.04007, 0.04003, 0.03999, 0.03999, 0.04003, 0.04003, 0.04003, 0.03999, 0.03995, 0.03999, 0.03999, 0.03999, 0.03995], [0.03992, 0.03996, 0.04, 0.04, 0.04, 0.03996, 0.04, 0.04004, 0.04004, 0.04004, 0.03996, 0.04, 0.04004, 0.04008, 0.04004, 0.03996, 0.04, 0.04004, 0.04004, 0.04004, 0.03992, 0.03996, 0.04, 0.04, 0.04], [0.03994, 0.03994, 0.03998, 0.04002, 0.04002, 0.03994, 0.03998, 0.04002, 0.04006, 0.04006, 0.03994, 0.03998, 0.04002, 0.04006, 0.0401, 0.03994, 0.03998, 0.04002, 0.04006, 0.04006, 0.03994, 0.03994, 0.03998, 0.04002, 0.04002], [0.03999, 0.03999, 0.03995, 0.03995, 0.03991, 0.04003, 0.04003, 0.03999, 0.03995, 0.03995, 0.04007, 0.04007, 0.04003, 0.03999, 0.03995, 0.04011, 0.04007, 0.04003, 0.03999, 0.03995, 0.04007, 0.04007, 0.04003, 0.03999, 0.03995], [0.03996, 0.03996, 0.03996, 0.03992, 0.03992, 0.04, 0.04, 0.04, 0.03996, 0.03992, 0.04004, 0.04004, 0.04004, 0.04, 0.03996, 0.04004, 0.04008, 0.04004, 0.04, 0.03996, 0.04004, 0.04004, 0.04004, 0.04, 0.03996], [0.03992, 0.03996, 0.03996, 0.03996, 0.03992, 0.03996, 0.04, 0.04, 0.04, 0.03996, 0.04, 0.04004, 0.04004, 0.04004, 0.04, 0.04, 0.04004, 0.04008, 0.04004, 0.04, 0.04, 0.04004, 0.04004, 0.04004, 0.04], [0.03992, 0.03992, 0.03996, 0.03996, 0.03996, 0.03992, 0.03996, 0.04, 0.04, 0.04, 0.03996, 0.04, 0.04004, 0.04004, 0.04004, 0.03996, 0.04, 0.04004, 0.04008, 0.04004, 0.03996, 0.04, 0.04004, 0.04004, 0.04004], [0.03991, 0.03995, 0.03995, 0.03999, 0.03999, 0.03995, 0.03995, 0.03999, 0.04003, 0.04003, 0.03995, 0.03999, 0.04003, 0.04007, 0.04007, 0.03995, 0.03999, 0.04003, 0.04007, 0.04011, 0.03995, 0.03999, 0.04003, 0.04007, 0.04007], [0.03996, 0.03996, 0.03996, 0.03992, 0.03988, 0.04, 0.04, 0.03996, 0.03996, 0.03992, 0.04004, 0.04004, 0.04, 0.03996, 0.03996, 0.04008, 0.04008, 0.04004, 0.04, 0.03996, 0.04012, 0.04008, 0.04004, 0.04, 0.03996], [0.03995, 0.03995, 0.03995, 0.03995, 0.03991, 0.03999, 0.03999, 0.03999, 0.03995, 0.03995, 0.04003, 0.04003, 0.04003, 0.03999, 0.03995, 0.04007, 0.04007, 0.04007, 0.04003, 0.03999, 0.04007, 0.04011, 0.04007, 0.04003, 0.03999], [0.03994, 0.03994, 0.03994, 0.03994, 0.03994, 0.03994, 0.03998, 0.03998, 0.03998, 0.03994, 0.03998, 0.04002, 0.04002, 0.04002, 0.03998, 0.04002, 0.04006, 0.04006, 0.04006, 0.04002, 0.04002, 0.04006, 0.0401, 0.04006, 0.04002], [0.03991, 0.03995, 0.03995, 0.03995, 0.03995, 0.03995, 0.03995, 0.03999, 0.03999, 0.03999, 0.03995, 0.03999, 0.04003, 0.04003, 0.04003, 0.03999, 0.04003, 0.04007, 0.04007, 0.04007, 0.03999, 0.04003, 0.04007, 0.04011, 0.04007], [0.03988, 0.03992, 0.03996, 0.03996, 0.03996, 0.03992, 0.03996, 0.03996, 0.04, 0.04, 0.03996, 0.03996, 0.04, 0.04004, 0.04004, 0.03996, 0.04, 0.04004, 0.04008, 0.04008, 0.03996, 0.04, 0.04004, 0.04008, 0.04012]]