[[0.0423, 0.04154, 0.0408, 0.04007, 0.03936, 0.04154, 0.04154, 0.0408, 0.04007, 0.03936, 0.0408, 0.0408, 0.04007, 0.03936, 0.03936, 0.04007, 0.04007, 0.03936, 0.03936, 0.03866, 0.03936, 0.03936, 0.03936, 0.03866, 0.03797], [0.04119, 0.04194, 0.04119, 0.04045, 0.03973, 0.04119, 0.04119, 0.04119, 0.04045, 0.03973, 0.04045, 0.04045, 0.04045, 0.03973, 0.03902, 0.03973, 0.03973, 0.03973, 0.03902, 0.03902, 0.03902, 0.03902, 0.03902, 0.03902, 0.03833], [0.04034, 0.04107, 0.04182, 0.04107, 0.04034, 0.04034, 0.04107, 0.04107, 0.04107, 0.04034, 0.03962, 0.04034, 0.04034, 0.04034, 0.03962, 0.03891, 0.03962, 0.03962, 0.03962, 0.03891, 0.03891, 0.03891, 0.03891, 0.03891, 0.03891], [0.03973, 0.04045, 0.04119, 0.04194, 0.04119, 0.03973, 0.04045, 0.04119, 0.04119, 0.04119, 0.03902, 0.03973, 0.04045, 0.04045, 0.04045, 0.03902, 0.03902, 0.03973, 0.03973, 0.03973, 0.03833, 0.03902, 0.03902, 0.03902, 0.03902], [0.03936, 0.04007, 0.0408, 0.04154, 0.0423, 0.03936, 0.04007, 0.0408, 0.04154, 0.04154, 0.03936, 0.03936, 0.04007, 0.0408, 0.0408, 0.03866, 0.03936, 0.03936, 0.04007, 0.04007, 0.03797, 0.03866, 0.03936, 0.03936, 0.03936], [0.04119, 0.04119, 0.04045, 0.03973, 0.03902, 0.04194, 0.04119, 0.04045, 0.03973, 0.03902, 0.04119, 0.04119, 0.04045, 0.03973, 0.03902, 0.04045, 0.04045, 0.03973, 0.03902, 0.03902, 0.03973, 0.03973, 0.03902, 0.03902, 0.03833], [0.04081, 0.04081, 0.04081, 0.04008, 0.03936, 0.04081, 0.04155, 0.04081, 0.04008, 0.03936, 0.04081, 0.04081, 0.04081, 0.04008, 0.03936, 0.04008, 0.04008, 0.04008, 0.03936, 0.03866, 0.03936, 0.03936, 0.03936, 0.03866, 0.03866], [0.03996, 0.04069, 0.04069, 0.04069, 0.03996, 0.03996, 0.04069, 0.04143, 0.04069, 0.03996, 0.03996, 0.04069, 0.04069, 0.04069, 0.03996, 0.03925, 0.03996, 0.03996, 0.03996, 0.03925, 0.03855, 0.03925, 0.03925, 0.03925, 0.03855], [0.03936, 0.04008, 0.04081, 0.04081, 0.04081, 0.03936, 0.04008, 0.04081, 0.04155, 0.04081, 0.03936, 0.04008, 0.04081, 0.04081, 0.04081, 0.03866, 0.03936, 0.04008, 0.04008, 0.04008, 0.03866, 0.03866, 0.03936, 0.03936, 0.03936], [0.03902, 0.03973, 0.04045, 0.04119, 0.04119, 0.03902, 0.03973, 0.04045, 0.04119, 0.04194, 0.03902, 0.03973, 0.04045, 0.04119, 0.04119, 0.03902, 0.03902, 0.03973, 0.04045, 0.04045, 0.03833, 0.03902, 0.03902, 0.03973, 0.03973], [0.04034, 0.04034, 0.03962, 0.03891, 0.03891, 0.04107, 0.04107, 0.04034, 0.03962, 0.03891, 0.04182, 0.04107, 0.04034, 0.03962, 0.03891, 0.04107, 0.04107, 0.04034, 0.03962, 0.03891, 0.04034, 0.04034, 0.03962, 0.03891, 0.03891], [0.03996, 0.03996, 0.03996, 0.03925, 0.03855, 0.04069, 0.04069, 0.04069, 0.03996, 0.03925, 0.04069, 0.04143, 0.04069, 0.03996, 0.03925, 0.04069, 0.04069, 0.04069, 0.03996, 0.03925, 0.03996, 0.03996, 0.03996, 0.03925, 0.03855], [0.03911, 0.03982, 0.03982, 0.03982, 0.03911, 0.03982, 0.04055, 0.04055, 0.04055, 0.03982, 0.03982, 0.04055, 0.04128, 0.04055, 0.03982, 0.03982, 0.04055, 0.04055, 0.04055, 0.03982, 0.03911, 0.03982, 0.03982, 0.03982, 0.03911], [0.03855, 0.03925, 0.03996, 0.03996, 0.03996, 0.03925, 0.03996, 0.04069, 0.04069, 0.04069, 0.03925, 0.03996, 0.04069, 0.04143, 0.04069, 0.03925, 0.03996, 0.04069, 0.04069, 0.04069, 0.03855, 0.03925, 0.03996, 0.03996, 0.03996], [0.03891, 0.03891, 0.03962, 0.04034, 0.04034, 0.03891, 0.03962, 0.04034, 0.04107, 0.04107, 0.03891, 0.03962, 0.04034, 0.04107, 0.04182, 0.03891, 0.03962, 0.04034, 0.04107, 0.04107, 0.03891, 0.03891, 0.03962, 0.04034, 0.04034], [0.03973, 0.03973, 0.03902, 0.03902, 0.03833, 0.04045, 0.04045, 0.03973, 0.03902, 0.03902, 0.04119, 0.04119, 0.04045, 0.03973, 0.03902, 0.04194, 0.04119, 0.04045, 0.03973, 0.03902, 0.04119, 0.04119, 0.04045, 0.03973, 0.03902], [0.03936, 0.03936, 0.03936, 0.03866, 0.03866, 0.04008, 0.04008, 0.04008, 0.03936, 0.03866, 0.04081, 0.04081, 0.04081, 0.04008, 0.03936, 0.04081, 0.04155, 0.04081, 0.04008, 0.03936, 0.04081, 0.04081, 0.04081, 0.04008, 0.03936], [0.03855, 0.03925, 0.03925, 0.03925, 0.03855, 0.03925, 0.03996, 0.03996, 0.03996, 0.03925, 0.03996, 0.04069, 0.04069, 0.04069, 0.03996, 0.03996, 0.04069, 0.04143, 0.04069, 0.03996, 0.03996, 0.04069, 0.04069, 0.04069, 0.03996], [0.03866, 0.03866, 0.03936, 0.03936, 0.03936, 0.03866, 0.03936, 0.04008, 0.04008, 0.04008, 0.03936, 0.04008, 0.04081, 0.04081, 0.04081, 0.03936, 0.04008, 0.04081, 0.04155, 0.04081, 0.03936, 0.04008, 0.04081, 0.04081, 0.04081], [0.03833, 0.03902, 0.03902, 0.03973, 0.03973, 0.03902, 0.03902, 0.03973, 0.04045, 0.04045, 0.03902, 0.03973, 0.04045, 0.04119, 0.04119, 0.03902, 0.03973, 0.04045, 0.04119, 0.04194, 0.03902, 0.03973, 0.04045, 0.04119, 0.04119], [0.03936, 0.03936, 0.03936, 0.03866, 0.03797, 0.04007, 0.04007, 0.03936, 0.03936, 0.03866, 0.0408, 0.0408, 0.04007, 0.03936, 0.03936, 0.04154, 0.04154, 0.0408, 0.04007, 0.03936, 0.0423, 0.04154, 0.0408, 0.04007, 0.03936], [0.03902, 0.03902, 0.03902, 0.03902, 0.03833, 0.03973, 0.03973, 0.03973, 0.03902, 0.03902, 0.04045, 0.04045, 0.04045, 0.03973, 0.03902, 0.04119, 0.04119, 0.04119, 0.04045, 0.03973, 0.04119, 0.04194, 0.04119, 0.04045, 0.03973], [0.03891, 0.03891, 0.03891, 0.03891, 0.03891, 0.03891, 0.03962, 0.03962, 0.03962, 0.03891, 0.03962, 0.04034, 0.04034, 0.04034, 0.03962, 0.04034, 0.04107, 0.04107, 0.04107, 0.04034, 0.04034, 0.04107, 0.04182, 0.04107, 0.04034], [0.03833, 0.03902, 0.03902, 0.03902, 0.03902, 0.03902, 0.03902, 0.03973, 0.03973, 0.03973, 0.03902, 0.03973, 0.04045, 0.04045, 0.04045, 0.03973, 0.04045, 0.04119, 0.04119, 0.04119, 0.03973, 0.04045, 0.04119, 0.04194, 0.04119], [0.03797, 0.03866, 0.03936, 0.03936, 0.03936, 0.03866, 0.03936, 0.03936, 0.04007, 0.04007, 0.03936, 0.03936, 0.04007, 0.0408, 0.0408, 0.03936, 0.04007, 0.0408, 0.04154, 0.04154, 0.03936, 0.04007, 0.0408, 0.04154, 0.0423]]