[[0.09871, 0.07132, 0.05153, 0.03723, 0.0269, 0.07132, 0.07132, 0.05153, 0.03723, 0.0269, 0.05153, 0.05153, 0.03723, 0.0269, 0.0269, 0.03723, 0.03723, 0.0269, 0.0269, 0.01944, 0.0269, 0.0269, 0.0269, 0.01944, 0.01404], [0.06234, 0.06234, 0.04504, 0.03254, 0.02351, 0.08628, 0.06234, 0.04504, 0.03254, 0.02351, 0.06234, 0.06234, 0.04504, 0.03254, 0.02351, 0.04504, 0.04504, 0.03254, 0.02351, 0.02351, 0.03254, 0.03254, 0.02351, 0.02351, 0.01699], [0.04329, 0.04329, 0.03127, 0.0226, 0.0226, 0.05991, 0.05991, 0.04329, 0.03127, 0.0226, 0.08291, 0.05991, 0.04329, 0.03127, 0.0226, 0.05991, 0.05991, 0.04329, 0.03127, 0.0226, 0.04329, 0.04329, 0.03127, 0.0226, 0.0226], [0.03254, 0.03254, 0.02351, 0.02351, 0.01699, 0.04504, 0.04504, 0.03254, 0.02351, 0.02351, 0.06234, 0.06234, 0.04504, 0.03254, 0.02351, 0.08628, 0.06234, 0.04504, 0.03254, 0.02351, 0.06234, 0.06234, 0.04504, 0.03254, 0.02351], [0.0269, 0.0269, 0.0269, 0.01944, 0.01404, 0.03723, 0.03723, 0.0269, 0.0269, 0.01944, 0.05153, 0.05153, 0.03723, 0.0269, 0.0269, 0.07132, 0.07132, 0.05153, 0.03723, 0.0269, 0.09871, 0.07132, 0.05153, 0.03723, 0.0269], [0.06234, 0.08628, 0.06234, 0.04504, 0.03254, 0.06234, 0.06234, 0.06234, 0.04504, 0.03254, 0.04504, 0.04504, 0.04504, 0.03254, 0.02351, 0.03254, 0.03254, 0.03254, 0.02351, 0.02351, 0.02351, 0.02351, 0.02351, 0.02351, 0.01699], [0.05404, 0.05404, 0.05404, 0.03904, 0.02821, 0.05404, 0.07479, 0.05404, 0.03904, 0.02821, 0.05404, 0.05404, 0.05404, 0.03904, 0.02821, 0.03904, 0.03904, 0.03904, 0.02821, 0.02038, 0.02821, 0.02821, 0.02821, 0.02038, 0.02038], [0.03753, 0.03753, 0.03753, 0.02712, 0.01959, 0.05194, 0.05194, 0.05194, 0.03753, 0.02712, 0.05194, 0.07189, 0.05194, 0.03753, 0.02712, 0.05194, 0.05194, 0.05194, 0.03753, 0.02712, 0.03753, 0.03753, 0.03753, 0.02712, 0.01959], [0.02821, 0.02821, 0.02821, 0.02038, 0.02038, 0.03904, 0.03904, 0.03904, 0.02821, 0.02038, 0.05404, 0.05404, 0.05404, 0.03904, 0.02821, 0.05404, 0.07479, 0.05404, 0.03904, 0.02821, 0.05404, 0.05404, 0.05404, 0.03904, 0.02821], [0.02351, 0.02351, 0.02351, 0.02351, 0.01699, 0.03254, 0.03254, 0.03254, 0.02351, 0.02351, 0.04504, 0.04504, 0.04504, 0.03254, 0.02351, 0.06234, 0.06234, 0.06234, 0.04504, 0.03254, 0.06234, 0.08628, 0.06234, 0.04504, 0.03254], [0.04329, 0.05991, 0.08291, 0.05991, 0.04329, 0.04329, 0.05991, 0.05991, 0.05991, 0.04329, 0.03127, 0.04329, 0.04329, 0.04329, 0.03127, 0.0226, 0.03127, 0.03127, 0.03127, 0.0226, 0.0226, 0.0226, 0.0226, 0.0226, 0.0226], [0.03753, 0.05194, 0.05194, 0.05194, 0.03753, 0.03753, 0.05194, 0.07189, 0.05194, 0.03753, 0.03753, 0.05194, 0.05194, 0.05194, 0.03753, 0.02712, 0.03753, 0.03753, 0.03753, 0.02712, 0.01959, 0.02712, 0.02712, 0.02712, 0.01959], [0.02592, 0.03587, 0.03587, 0.03587, 0.02592, 0.03587, 0.04965, 0.04965, 0.04965, 0.03587, 0.03587, 0.04965, 0.06871, 0.04965, 0.03587, 0.03587, 0.04965, 0.04965, 0.04965, 0.03587, 0.02592, 0.03587, 0.03587, 0.03587, 0.02592], [0.01959, 0.02712, 0.02712, 0.02712, 0.01959, 0.02712, 0.03753, 0.03753, 0.03753, 0.02712, 0.03753, 0.05194, 0.05194, 0.05194, 0.03753, 0.03753, 0.05194, 0.07189, 0.05194, 0.03753, 0.03753, 0.05194, 0.05194, 0.05194, 0.03753], [0.0226, 0.0226, 0.0226, 0.0226, 0.0226, 0.0226, 0.03127, 0.03127, 0.03127, 0.0226, 0.03127, 0.04329, 0.04329, 0.04329, 0.03127, 0.04329, 0.05991, 0.05991, 0.05991, 0.04329, 0.04329, 0.05991, 0.08291, 0.05991, 0.04329], [0.03254, 0.04504, 0.06234, 0.08628, 0.06234, 0.03254, 0.04504, 0.06234, 0.06234, 0.06234, 0.02351, 0.03254, 0.04504, 0.04504, 0.04504, 0.02351, 0.02351, 0.03254, 0.03254, 0.03254, 0.01699, 0.02351, 0.02351, 0.02351, 0.02351], [0.02821, 0.03904, 0.05404, 0.05404, 0.05404, 0.02821, 0.03904, 0.05404, 0.07479, 0.05404, 0.02821, 0.03904, 0.05404, 0.05404, 0.05404, 0.02038, 0.02821, 0.03904, 0.03904, 0.03904, 0.02038, 0.02038, 0.02821, 0.02821, 0.02821], [0.01959, 0.02712, 0.03753, 0.03753, 0.03753, 0.02712, 0.03753, 0.05194, 0.05194, 0.05194, 0.02712, 0.03753, 0.05194, 0.07189, 0.05194, 0.02712, 0.03753, 0.05194, 0.05194, 0.05194, 0.01959, 0.02712, 0.03753, 0.03753, 0.03753], [0.02038, 0.02038, 0.02821, 0.02821, 0.02821, 0.02038, 0.02821, 0.03904, 0.03904, 0.03904, 0.02821, 0.03904, 0.05404, 0.05404, 0.05404, 0.02821, 0.03904, 0.05404, 0.07479, 0.05404, 0.02821, 0.03904, 0.05404, 0.05404, 0.05404], [0.01699, 0.02351, 0.02351, 0.02351, 0.02351, 0.02351, 0.02351, 0.03254, 0.03254, 0.03254, 0.02351, 0.03254, 0.04504, 0.04504, 0.04504, 0.03254, 0.04504, 0.06234, 0.06234, 0.06234, 0.03254, 0.04504, 0.06234, 0.08628, 0.06234], [0.0269, 0.03723, 0.05153, 0.07132, 0.09871, 0.0269, 0.03723, 0.05153, 0.07132, 0.07132, 0.0269, 0.0269, 0.03723, 0.05153, 0.05153, 0.01944, 0.0269, 0.0269, 0.03723, 0.03723, 0.01404, 0.01944, 0.0269, 0.0269, 0.0269], [0.02351, 0.03254, 0.04504, 0.06234, 0.06234, 0.02351, 0.03254, 0.04504, 0.06234, 0.08628, 0.02351, 0.03254, 0.04504, 0.06234, 0.06234, 0.02351, 0.02351, 0.03254, 0.04504, 0.04504, 0.01699, 0.02351, 0.02351, 0.03254, 0.03254], [0.0226, 0.0226, 0.03127, 0.04329, 0.04329, 0.0226, 0.03127, 0.04329, 0.05991, 0.05991, 0.0226, 0.03127, 0.04329, 0.05991, 0.08291, 0.0226, 0.03127, 0.04329, 0.05991, 0.05991, 0.0226, 0.0226, 0.03127, 0.04329, 0.04329], [0.01699, 0.02351, 0.02351, 0.03254, 0.03254, 0.02351, 0.02351, 0.03254, 0.04504, 0.04504, 0.02351, 0.03254, 0.04504, 0.06234, 0.06234, 0.02351, 0.03254, 0.04504, 0.06234, 0.08628, 0.02351, 0.03254, 0.04504, 0.06234, 0.06234], [0.01404, 0.01944, 0.0269, 0.0269, 0.0269, 0.01944, 0.0269, 0.0269, 0.03723, 0.03723, 0.0269, 0.0269, 0.03723, 0.05153, 0.05153, 0.0269, 0.03723, 0.05153, 0.07132, 0.07132, 0.0269, 0.03723, 0.05153, 0.07132, 0.09871]]