[[0.04456, 0.04303, 0.04155, 0.04012, 0.03874, 0.04303, 0.04303, 0.04155, 0.04012, 0.03874, 0.04155, 0.04155, 0.04012, 0.03874, 0.03874, 0.04012, 0.04012, 0.03874, 0.03874, 0.03741, 0.03874, 0.03874, 0.03874, 0.03741, 0.03612], [0.04232, 0.04232, 0.04086, 0.03946, 0.0381, 0.04383, 0.04232, 0.04086, 0.03946, 0.0381, 0.04232, 0.04232, 0.04086, 0.03946, 0.0381, 0.04086, 0.04086, 0.03946, 0.0381, 0.0381, 0.03946, 0.03946, 0.0381, 0.0381, 0.03679], [0.04064, 0.04064, 0.03924, 0.03789, 0.03789, 0.04209, 0.04209, 0.04064, 0.03924, 0.03789, 0.04359, 0.04209, 0.04064, 0.03924, 0.03789, 0.04209, 0.04209, 0.04064, 0.03924, 0.03789, 0.04064, 0.04064, 0.03924, 0.03789, 0.03789], [0.03946, 0.03946, 0.0381, 0.0381, 0.03679, 0.04086, 0.04086, 0.03946, 0.0381, 0.0381, 0.04232, 0.04232, 0.04086, 0.03946, 0.0381, 0.04383, 0.04232, 0.04086, 0.03946, 0.0381, 0.04232, 0.04232, 0.04086, 0.03946, 0.0381], [0.03874, 0.03874, 0.03874, 0.03741, 0.03612, 0.04012, 0.04012, 0.03874, 0.03874, 0.03741, 0.04155, 0.04155, 0.04012, 0.03874, 0.03874, 0.04303, 0.04303, 0.04155, 0.04012, 0.03874, 0.04456, 0.04303, 0.04155, 0.04012, 0.03874], [0.04232, 0.04383, 0.04232, 0.04086, 0.03946, 0.04232, 0.04232, 0.04232, 0.04086, 0.03946, 0.04086, 0.04086, 0.04086, 0.03946, 0.0381, 0.03946, 0.03946, 0.03946, 0.0381, 0.0381, 0.0381, 0.0381, 0.0381, 0.0381, 0.03679], [0.04157, 0.04157, 0.04157, 0.04014, 0.03876, 0.04157, 0.04305, 0.04157, 0.04014, 0.03876, 0.04157, 0.04157, 0.04157, 0.04014, 0.03876, 0.04014, 0.04014, 0.04014, 0.03876, 0.03742, 0.03876, 0.03876, 0.03876, 0.03742, 0.03742], [0.03992, 0.03992, 0.03992, 0.03855, 0.03722, 0.04134, 0.04134, 0.04134, 0.03992, 0.03855, 0.04134, 0.04281, 0.04134, 0.03992, 0.03855, 0.04134, 0.04134, 0.04134, 0.03992, 0.03855, 0.03992, 0.03992, 0.03992, 0.03855, 0.03722], [0.03876, 0.03876, 0.03876, 0.03742, 0.03742, 0.04014, 0.04014, 0.04014, 0.03876, 0.03742, 0.04157, 0.04157, 0.04157, 0.04014, 0.03876, 0.04157, 0.04305, 0.04157, 0.04014, 0.03876, 0.04157, 0.04157, 0.04157, 0.04014, 0.03876], [0.0381, 0.0381, 0.0381, 0.0381, 0.03679, 0.03946, 0.03946, 0.03946, 0.0381, 0.0381, 0.04086, 0.04086, 0.04086, 0.03946, 0.0381, 0.04232, 0.04232, 0.04232, 0.04086, 0.03946, 0.04232, 0.04383, 0.04232, 0.04086, 0.03946], [0.04064, 0.04209, 0.04359, 0.04209, 0.04064, 0.04064, 0.04209, 0.04209, 0.04209, 0.04064, 0.03924, 0.04064, 0.04064, 0.04064, 0.03924, 0.03789, 0.03924, 0.03924, 0.03924, 0.03789, 0.03789, 0.03789, 0.03789, 0.03789, 0.03789], [0.03992, 0.04134, 0.04134, 0.04134, 0.03992, 0.03992, 0.04134, 0.04281, 0.04134, 0.03992, 0.03992, 0.04134, 0.04134, 0.04134, 0.03992, 0.03855, 0.03992, 0.03992, 0.03992, 0.03855, 0.03722, 0.03855, 0.03855, 0.03855, 0.03722], [0.03829, 0.03965, 0.03965, 0.03965, 0.03829, 0.03965, 0.04106, 0.04106, 0.04106, 0.03965, 0.03965, 0.04106, 0.04253, 0.04106, 0.03965, 0.03965, 0.04106, 0.04106, 0.04106, 0.03965, 0.03829, 0.03965, 0.03965, 0.03965, 0.03829], [0.03722, 0.03855, 0.03855, 0.03855, 0.03722, 0.03855, 0.03992, 0.03992, 0.03992, 0.03855, 0.03992, 0.04134, 0.04134, 0.04134, 0.03992, 0.03992, 0.04134, 0.04281, 0.04134, 0.03992, 0.03992, 0.04134, 0.04134, 0.04134, 0.03992], [0.03789, 0.03789, 0.03789, 0.03789, 0.03789, 0.03789, 0.03924, 0.03924, 0.03924, 0.03789, 0.03924, 0.04064, 0.04064, 0.04064, 0.03924, 0.04064, 0.04209, 0.04209, 0.04209, 0.04064, 0.04064, 0.04209, 0.04359, 0.04209, 0.04064], [0.03946, 0.04086, 0.04232, 0.04383, 0.04232, 0.03946, 0.04086, 0.04232, 0.04232, 0.04232, 0.0381, 0.03946, 0.04086, 0.04086, 0.04086, 0.0381, 0.0381, 0.03946, 0.03946, 0.03946, 0.03679, 0.0381, 0.0381, 0.0381, 0.0381], [0.03876, 0.04014, 0.04157, 0.04157, 0.04157, 0.03876, 0.04014, 0.04157, 0.04305, 0.04157, 0.03876, 0.04014, 0.04157, 0.04157, 0.04157, 0.03742, 0.03876, 0.04014, 0.04014, 0.04014, 0.03742, 0.03742, 0.03876, 0.03876, 0.03876], [0.03722, 0.03855, 0.03992, 0.03992, 0.03992, 0.03855, 0.03992, 0.04134, 0.04134, 0.04134, 0.03855, 0.03992, 0.04134, 0.04281, 0.04134, 0.03855, 0.03992, 0.04134, 0.04134, 0.04134, 0.03722, 0.03855, 0.03992, 0.03992, 0.03992], [0.03742, 0.03742, 0.03876, 0.03876, 0.03876, 0.03742, 0.03876, 0.04014, 0.04014, 0.04014, 0.03876, 0.04014, 0.04157, 0.04157, 0.04157, 0.03876, 0.04014, 0.04157, 0.04305, 0.04157, 0.03876, 0.04014, 0.04157, 0.04157, 0.04157], [0.03679, 0.0381, 0.0381, 0.0381, 0.0381, 0.0381, 0.0381, 0.03946, 0.03946, 0.03946, 0.0381, 0.03946, 0.04086, 0.04086, 0.04086, 0.03946, 0.04086, 0.04232, 0.04232, 0.04232, 0.03946, 0.04086, 0.04232, 0.04383, 0.04232], [0.03874, 0.04012, 0.04155, 0.04303, 0.04456, 0.03874, 0.04012, 0.04155, 0.04303, 0.04303, 0.03874, 0.03874, 0.04012, 0.04155, 0.04155, 0.03741, 0.03874, 0.03874, 0.04012, 0.04012, 0.03612, 0.03741, 0.03874, 0.03874, 0.03874], [0.0381, 0.03946, 0.04086, 0.04232, 0.04232, 0.0381, 0.03946, 0.04086, 0.04232, 0.04383, 0.0381, 0.03946, 0.04086, 0.04232, 0.04232, 0.0381, 0.0381, 0.03946, 0.04086, 0.04086, 0.03679, 0.0381, 0.0381, 0.03946, 0.03946], [0.03789, 0.03789, 0.03924, 0.04064, 0.04064, 0.03789, 0.03924, 0.04064, 0.04209, 0.04209, 0.03789, 0.03924, 0.04064, 0.04209, 0.04359, 0.03789, 0.03924, 0.04064, 0.04209, 0.04209, 0.03789, 0.03789, 0.03924, 0.04064, 0.04064], [0.03679, 0.0381, 0.0381, 0.03946, 0.03946, 0.0381, 0.0381, 0.03946, 0.04086, 0.04086, 0.0381, 0.03946, 0.04086, 0.04232, 0.04232, 0.0381, 0.03946, 0.04086, 0.04232, 0.04383, 0.0381, 0.03946, 0.04086, 0.04232, 0.04232], [0.03612, 0.03741, 0.03874, 0.03874, 0.03874, 0.03741, 0.03874, 0.03874, 0.04012, 0.04012, 0.03874, 0.03874, 0.04012, 0.04155, 0.04155, 0.03874, 0.04012, 0.04155, 0.04303, 0.04303, 0.03874, 0.04012, 0.04155, 0.04303, 0.04456]]