[[0.11775, 0.07893, 0.05291, 0.03547, 0.02377, 0.07893, 0.07893, 0.05291, 0.03547, 0.02377, 0.05291, 0.05291, 0.03547, 0.02377, 0.02377, 0.03547, 0.03547, 0.02377, 0.02377, 0.01594, 0.02377, 0.02377, 0.02377, 0.01594, 0.01068], [0.06734, 0.06734, 0.04514, 0.03026, 0.02028, 0.10046, 0.06734, 0.04514, 0.03026, 0.02028, 0.06734, 0.06734, 0.04514, 0.03026, 0.02028, 0.04514, 0.04514, 0.03026, 0.02028, 0.02028, 0.03026, 0.03026, 0.02028, 0.02028, 0.0136], [0.04314, 0.04314, 0.02892, 0.01938, 0.01938, 0.06435, 0.06435, 0.04314, 0.02892, 0.01938, 0.096, 0.06435, 0.04314, 0.02892, 0.01938, 0.06435, 0.06435, 0.04314, 0.02892, 0.01938, 0.04314, 0.04314, 0.02892, 0.01938, 0.01938], [0.03026, 0.03026, 0.02028, 0.02028, 0.0136, 0.04514, 0.04514, 0.03026, 0.02028, 0.02028, 0.06734, 0.06734, 0.04514, 0.03026, 0.02028, 0.10046, 0.06734, 0.04514, 0.03026, 0.02028, 0.06734, 0.06734, 0.04514, 0.03026, 0.02028], [0.02377, 0.02377, 0.02377, 0.01594, 0.01068, 0.03547, 0.03547, 0.02377, 0.02377, 0.01594, 0.05291, 0.05291, 0.03547, 0.02377, 0.02377, 0.07893, 0.07893, 0.05291, 0.03547, 0.02377, 0.11775, 0.07893, 0.05291, 0.03547, 0.02377], [0.06734, 0.10046, 0.06734, 0.04514, 0.03026, 0.06734, 0.06734, 0.06734, 0.04514, 0.03026, 0.04514, 0.04514, 0.04514, 0.03026, 0.02028, 0.03026, 0.03026, 0.03026, 0.02028, 0.02028, 0.02028, 0.02028, 0.02028, 0.02028, 0.0136], [0.05694, 0.05694, 0.05694, 0.03817, 0.02558, 0.05694, 0.08494, 0.05694, 0.03817, 0.02558, 0.05694, 0.05694, 0.05694, 0.03817, 0.02558, 0.03817, 0.03817, 0.03817, 0.02558, 0.01715, 0.02558, 0.02558, 0.02558, 0.01715, 0.01715], [0.03648, 0.03648, 0.03648, 0.02445, 0.01639, 0.05443, 0.05443, 0.05443, 0.03648, 0.02445, 0.05443, 0.08119, 0.05443, 0.03648, 0.02445, 0.05443, 0.05443, 0.05443, 0.03648, 0.02445, 0.03648, 0.03648, 0.03648, 0.02445, 0.01639], [0.02558, 0.02558, 0.02558, 0.01715, 0.01715, 0.03817, 0.03817, 0.03817, 0.02558, 0.01715, 0.05694, 0.05694, 0.05694, 0.03817, 0.02558, 0.05694, 0.08494, 0.05694, 0.03817, 0.02558, 0.05694, 0.05694, 0.05694, 0.03817, 0.02558], [0.02028, 0.02028, 0.02028, 0.02028, 0.0136, 0.03026, 0.03026, 0.03026, 0.02028, 0.02028, 0.04514, 0.04514, 0.04514, 0.03026, 0.02028, 0.06734, 0.06734, 0.06734, 0.04514, 0.03026, 0.06734, 0.10046, 0.06734, 0.04514, 0.03026], [0.04314, 0.06435, 0.096, 0.06435, 0.04314, 0.04314, 0.06435, 0.06435, 0.06435, 0.04314, 0.02892, 0.04314, 0.04314, 0.04314, 0.02892, 0.01938, 0.02892, 0.02892, 0.02892, 0.01938, 0.01938, 0.01938, 0.01938, 0.01938, 0.01938], [0.03648, 0.05443, 0.05443, 0.05443, 0.03648, 0.03648, 0.05443, 0.08119, 0.05443, 0.03648, 0.03648, 0.05443, 0.05443, 0.05443, 0.03648, 0.02445, 0.03648, 0.03648, 0.03648, 0.02445, 0.01639, 0.02445, 0.02445, 0.02445, 0.01639], [0.02324, 0.03467, 0.03467, 0.03467, 0.02324, 0.03467, 0.05173, 0.05173, 0.05173, 0.03467, 0.03467, 0.05173, 0.07716, 0.05173, 0.03467, 0.03467, 0.05173, 0.05173, 0.05173, 0.03467, 0.02324, 0.03467, 0.03467, 0.03467, 0.02324], [0.01639, 0.02445, 0.02445, 0.02445, 0.01639, 0.02445, 0.03648, 0.03648, 0.03648, 0.02445, 0.03648, 0.05443, 0.05443, 0.05443, 0.03648, 0.03648, 0.05443, 0.08119, 0.05443, 0.03648, 0.03648, 0.05443, 0.05443, 0.05443, 0.03648], [0.01938, 0.01938, 0.01938, 0.01938, 0.01938, 0.01938, 0.02892, 0.02892, 0.02892, 0.01938, 0.02892, 0.04314, 0.04314, 0.04314, 0.02892, 0.04314, 0.06435, 0.06435, 0.06435, 0.04314, 0.04314, 0.06435, 0.096, 0.06435, 0.04314], [0.03026, 0.04514, 0.06734, 0.10046, 0.06734, 0.03026, 0.04514, 0.06734, 0.06734, 0.06734, 0.02028, 0.03026, 0.04514, 0.04514, 0.04514, 0.02028, 0.02028, 0.03026, 0.03026, 0.03026, 0.0136, 0.02028, 0.02028, 0.02028, 0.02028], [0.02558, 0.03817, 0.05694, 0.05694, 0.05694, 0.02558, 0.03817, 0.05694, 0.08494, 0.05694, 0.02558, 0.03817, 0.05694, 0.05694, 0.05694, 0.01715, 0.02558, 0.03817, 0.03817, 0.03817, 0.01715, 0.01715, 0.02558, 0.02558, 0.02558], [0.01639, 0.02445, 0.03648, 0.03648, 0.03648, 0.02445, 0.03648, 0.05443, 0.05443, 0.05443, 0.02445, 0.03648, 0.05443, 0.08119, 0.05443, 0.02445, 0.03648, 0.05443, 0.05443, 0.05443, 0.01639, 0.02445, 0.03648, 0.03648, 0.03648], [0.01715, 0.01715, 0.02558, 0.02558, 0.02558, 0.01715, 0.02558, 0.03817, 0.03817, 0.03817, 0.02558, 0.03817, 0.05694, 0.05694, 0.05694, 0.02558, 0.03817, 0.05694, 0.08494, 0.05694, 0.02558, 0.03817, 0.05694, 0.05694, 0.05694], [0.0136, 0.02028, 0.02028, 0.02028, 0.02028, 0.02028, 0.02028, 0.03026, 0.03026, 0.03026, 0.02028, 0.03026, 0.04514, 0.04514, 0.04514, 0.03026, 0.04514, 0.06734, 0.06734, 0.06734, 0.03026, 0.04514, 0.06734, 0.10046, 0.06734], [0.02377, 0.03547, 0.05291, 0.07893, 0.11775, 0.02377, 0.03547, 0.05291, 0.07893, 0.07893, 0.02377, 0.02377, 0.03547, 0.05291, 0.05291, 0.01594, 0.02377, 0.02377, 0.03547, 0.03547, 0.01068, 0.01594, 0.02377, 0.02377, 0.02377], [0.02028, 0.03026, 0.04514, 0.06734, 0.06734, 0.02028, 0.03026, 0.04514, 0.06734, 0.10046, 0.02028, 0.03026, 0.04514, 0.06734, 0.06734, 0.02028, 0.02028, 0.03026, 0.04514, 0.04514, 0.0136, 0.02028, 0.02028, 0.03026, 0.03026], [0.01938, 0.01938, 0.02892, 0.04314, 0.04314, 0.01938, 0.02892, 0.04314, 0.06435, 0.06435, 0.01938, 0.02892, 0.04314, 0.06435, 0.096, 0.01938, 0.02892, 0.04314, 0.06435, 0.06435, 0.01938, 0.01938, 0.02892, 0.04314, 0.04314], [0.0136, 0.02028, 0.02028, 0.03026, 0.03026, 0.02028, 0.02028, 0.03026, 0.04514, 0.04514, 0.02028, 0.03026, 0.04514, 0.06734, 0.06734, 0.02028, 0.03026, 0.04514, 0.06734, 0.10046, 0.02028, 0.03026, 0.04514, 0.06734, 0.06734], [0.01068, 0.01594, 0.02377, 0.02377, 0.02377, 0.01594, 0.02377, 0.02377, 0.03547, 0.03547, 0.02377, 0.02377, 0.03547, 0.05291, 0.05291, 0.02377, 0.03547, 0.05291, 0.07893, 0.07893, 0.02377, 0.03547, 0.05291, 0.07893, 0.11775]]