[[0.10235, 0.07285, 0.05185, 0.03691, 0.02627, 0.07285, 0.07285, 0.05185, 0.03691, 0.02627, 0.05185, 0.05185, 0.03691, 0.02627, 0.02627, 0.03691, 0.03691, 0.02627, 0.02627, 0.0187, 0.02627, 0.02627, 0.02627, 0.0187, 0.01331], [0.06335, 0.06335, 0.04509, 0.0321, 0.02285, 0.08901, 0.06335, 0.04509, 0.0321, 0.02285, 0.06335, 0.06335, 0.04509, 0.0321, 0.02285, 0.04509, 0.04509, 0.0321, 0.02285, 0.02285, 0.0321, 0.0321, 0.02285, 0.02285, 0.01626], [0.04328, 0.04328, 0.03081, 0.02193, 0.02193, 0.06081, 0.06081, 0.04328, 0.03081, 0.02193, 0.08544, 0.06081, 0.04328, 0.03081, 0.02193, 0.06081, 0.06081, 0.04328, 0.03081, 0.02193, 0.04328, 0.04328, 0.03081, 0.02193, 0.02193], [0.0321, 0.0321, 0.02285, 0.02285, 0.01626, 0.04509, 0.04509, 0.0321, 0.02285, 0.02285, 0.06335, 0.06335, 0.04509, 0.0321, 0.02285, 0.08901, 0.06335, 0.04509, 0.0321, 0.02285, 0.06335, 0.06335, 0.04509, 0.0321, 0.02285], [0.02627, 0.02627, 0.02627, 0.0187, 0.01331, 0.03691, 0.03691, 0.02627, 0.02627, 0.0187, 0.05185, 0.05185, 0.03691, 0.02627, 0.02627, 0.07285, 0.07285, 0.05185, 0.03691, 0.02627, 0.10235, 0.07285, 0.05185, 0.03691, 0.02627], [0.06335, 0.08901, 0.06335, 0.04509, 0.0321, 0.06335, 0.06335, 0.06335, 0.04509, 0.0321, 0.04509, 0.04509, 0.04509, 0.0321, 0.02285, 0.0321, 0.0321, 0.0321, 0.02285, 0.02285, 0.02285, 0.02285, 0.02285, 0.02285, 0.01626], [0.05463, 0.05463, 0.05463, 0.03889, 0.02768, 0.05463, 0.07676, 0.05463, 0.03889, 0.02768, 0.05463, 0.05463, 0.05463, 0.03889, 0.02768, 0.03889, 0.03889, 0.03889, 0.02768, 0.0197, 0.02768, 0.02768, 0.02768, 0.0197, 0.0197], [0.03733, 0.03733, 0.03733, 0.02657, 0.01891, 0.05245, 0.05245, 0.05245, 0.03733, 0.02657, 0.05245, 0.07369, 0.05245, 0.03733, 0.02657, 0.05245, 0.05245, 0.05245, 0.03733, 0.02657, 0.03733, 0.03733, 0.03733, 0.02657, 0.01891], [0.02768, 0.02768, 0.02768, 0.0197, 0.0197, 0.03889, 0.03889, 0.03889, 0.02768, 0.0197, 0.05463, 0.05463, 0.05463, 0.03889, 0.02768, 0.05463, 0.07676, 0.05463, 0.03889, 0.02768, 0.05463, 0.05463, 0.05463, 0.03889, 0.02768], [0.02285, 0.02285, 0.02285, 0.02285, 0.01626, 0.0321, 0.0321, 0.0321, 0.02285, 0.02285, 0.04509, 0.04509, 0.04509, 0.0321, 0.02285, 0.06335, 0.06335, 0.06335, 0.04509, 0.0321, 0.06335, 0.08901, 0.06335, 0.04509, 0.0321], [0.04328, 0.06081, 0.08544, 0.06081, 0.04328, 0.04328, 0.06081, 0.06081, 0.06081, 0.04328, 0.03081, 0.04328, 0.04328, 0.04328, 0.03081, 0.02193, 0.03081, 0.03081, 0.03081, 0.02193, 0.02193, 0.02193, 0.02193, 0.02193, 0.02193], [0.03733, 0.05245, 0.05245, 0.05245, 0.03733, 0.03733, 0.05245, 0.07369, 0.05245, 0.03733, 0.03733, 0.05245, 0.05245, 0.05245, 0.03733, 0.02657, 0.03733, 0.03733, 0.03733, 0.02657, 0.01891, 0.02657, 0.02657, 0.02657, 0.01891], [0.02537, 0.03564, 0.03564, 0.03564, 0.02537, 0.03564, 0.05007, 0.05007, 0.05007, 0.03564, 0.03564, 0.05007, 0.07034, 0.05007, 0.03564, 0.03564, 0.05007, 0.05007, 0.05007, 0.03564, 0.02537, 0.03564, 0.03564, 0.03564, 0.02537], [0.01891, 0.02657, 0.02657, 0.02657, 0.01891, 0.02657, 0.03733, 0.03733, 0.03733, 0.02657, 0.03733, 0.05245, 0.05245, 0.05245, 0.03733, 0.03733, 0.05245, 0.07369, 0.05245, 0.03733, 0.03733, 0.05245, 0.05245, 0.05245, 0.03733], [0.02193, 0.02193, 0.02193, 0.02193, 0.02193, 0.02193, 0.03081, 0.03081, 0.03081, 0.02193, 0.03081, 0.04328, 0.04328, 0.04328, 0.03081, 0.04328, 0.06081, 0.06081, 0.06081, 0.04328, 0.04328, 0.06081, 0.08544, 0.06081, 0.04328], [0.0321, 0.04509, 0.06335, 0.08901, 0.06335, 0.0321, 0.04509, 0.06335, 0.06335, 0.06335, 0.02285, 0.0321, 0.04509, 0.04509, 0.04509, 0.02285, 0.02285, 0.0321, 0.0321, 0.0321, 0.01626, 0.02285, 0.02285, 0.02285, 0.02285], [0.02768, 0.03889, 0.05463, 0.05463, 0.05463, 0.02768, 0.03889, 0.05463, 0.07676, 0.05463, 0.02768, 0.03889, 0.05463, 0.05463, 0.05463, 0.0197, 0.02768, 0.03889, 0.03889, 0.03889, 0.0197, 0.0197, 0.02768, 0.02768, 0.02768], [0.01891, 0.02657, 0.03733, 0.03733, 0.03733, 0.02657, 0.03733, 0.05245, 0.05245, 0.05245, 0.02657, 0.03733, 0.05245, 0.07369, 0.05245, 0.02657, 0.03733, 0.05245, 0.05245, 0.05245, 0.01891, 0.02657, 0.03733, 0.03733, 0.03733], [0.0197, 0.0197, 0.02768, 0.02768, 0.02768, 0.0197, 0.02768, 0.03889, 0.03889, 0.03889, 0.02768, 0.03889, 0.05463, 0.05463, 0.05463, 0.02768, 0.03889, 0.05463, 0.07676, 0.05463, 0.02768, 0.03889, 0.05463, 0.05463, 0.05463], [0.01626, 0.02285, 0.02285, 0.02285, 0.02285, 0.02285, 0.02285, 0.0321, 0.0321, 0.0321, 0.02285, 0.0321, 0.04509, 0.04509, 0.04509, 0.0321, 0.04509, 0.06335, 0.06335, 0.06335, 0.0321, 0.04509, 0.06335, 0.08901, 0.06335], [0.02627, 0.03691, 0.05185, 0.07285, 0.10235, 0.02627, 0.03691, 0.05185, 0.07285, 0.07285, 0.02627, 0.02627, 0.03691, 0.05185, 0.05185, 0.0187, 0.02627, 0.02627, 0.03691, 0.03691, 0.01331, 0.0187, 0.02627, 0.02627, 0.02627], [0.02285, 0.0321, 0.04509, 0.06335, 0.06335, 0.02285, 0.0321, 0.04509, 0.06335, 0.08901, 0.02285, 0.0321, 0.04509, 0.06335, 0.06335, 0.02285, 0.02285, 0.0321, 0.04509, 0.04509, 0.01626, 0.02285, 0.02285, 0.0321, 0.0321], [0.02193, 0.02193, 0.03081, 0.04328, 0.04328, 0.02193, 0.03081, 0.04328, 0.06081, 0.06081, 0.02193, 0.03081, 0.04328, 0.06081, 0.08544, 0.02193, 0.03081, 0.04328, 0.06081, 0.06081, 0.02193, 0.02193, 0.03081, 0.04328, 0.04328], [0.01626, 0.02285, 0.02285, 0.0321, 0.0321, 0.02285, 0.02285, 0.0321, 0.04509, 0.04509, 0.02285, 0.0321, 0.04509, 0.06335, 0.06335, 0.02285, 0.0321, 0.04509, 0.06335, 0.08901, 0.02285, 0.0321, 0.04509, 0.06335, 0.06335], [0.01331, 0.0187, 0.02627, 0.02627, 0.02627, 0.0187, 0.02627, 0.02627, 0.03691, 0.03691, 0.02627, 0.02627, 0.03691, 0.05185, 0.05185, 0.02627, 0.03691, 0.05185, 0.07285, 0.07285, 0.02627, 0.03691, 0.05185, 0.07285, 0.10235]]