[[0.04256, 0.04172, 0.04089, 0.04008, 0.03929, 0.04172, 0.04172, 0.04089, 0.04008, 0.03929, 0.04089, 0.04089, 0.04008, 0.03929, 0.03929, 0.04008, 0.04008, 0.03929, 0.03929, 0.03851, 0.03929, 0.03929, 0.03929, 0.03851, 0.03775], [0.04132, 0.04132, 0.0405, 0.0397, 0.03891, 0.04215, 0.04132, 0.0405, 0.0397, 0.03891, 0.04132, 0.04132, 0.0405, 0.0397, 0.03891, 0.0405, 0.0405, 0.0397, 0.03891, 0.03891, 0.0397, 0.0397, 0.03891, 0.03891, 0.03814], [0.04037, 0.04037, 0.03957, 0.03879, 0.03879, 0.04119, 0.04119, 0.04037, 0.03957, 0.03879, 0.04202, 0.04119, 0.04037, 0.03957, 0.03879, 0.04119, 0.04119, 0.04037, 0.03957, 0.03879, 0.04037, 0.04037, 0.03957, 0.03879, 0.03879], [0.0397, 0.0397, 0.03891, 0.03891, 0.03814, 0.0405, 0.0405, 0.0397, 0.03891, 0.03891, 0.04132, 0.04132, 0.0405, 0.0397, 0.03891, 0.04215, 0.04132, 0.0405, 0.0397, 0.03891, 0.04132, 0.04132, 0.0405, 0.0397, 0.03891], [0.03929, 0.03929, 0.03929, 0.03851, 0.03775, 0.04008, 0.04008, 0.03929, 0.03929, 0.03851, 0.04089, 0.04089, 0.04008, 0.03929, 0.03929, 0.04172, 0.04172, 0.04089, 0.04008, 0.03929, 0.04256, 0.04172, 0.04089, 0.04008, 0.03929], [0.04132, 0.04215, 0.04132, 0.0405, 0.0397, 0.04132, 0.04132, 0.04132, 0.0405, 0.0397, 0.0405, 0.0405, 0.0405, 0.0397, 0.03891, 0.0397, 0.0397, 0.0397, 0.03891, 0.03891, 0.03891, 0.03891, 0.03891, 0.03891, 0.03814], [0.0409, 0.0409, 0.0409, 0.04009, 0.03929, 0.0409, 0.04172, 0.0409, 0.04009, 0.03929, 0.0409, 0.0409, 0.0409, 0.04009, 0.03929, 0.04009, 0.04009, 0.04009, 0.03929, 0.03851, 0.03929, 0.03929, 0.03929, 0.03851, 0.03851], [0.03996, 0.03996, 0.03996, 0.03917, 0.03839, 0.04077, 0.04077, 0.04077, 0.03996, 0.03917, 0.04077, 0.04159, 0.04077, 0.03996, 0.03917, 0.04077, 0.04077, 0.04077, 0.03996, 0.03917, 0.03996, 0.03996, 0.03996, 0.03917, 0.03839], [0.03929, 0.03929, 0.03929, 0.03851, 0.03851, 0.04009, 0.04009, 0.04009, 0.03929, 0.03851, 0.0409, 0.0409, 0.0409, 0.04009, 0.03929, 0.0409, 0.04172, 0.0409, 0.04009, 0.03929, 0.0409, 0.0409, 0.0409, 0.04009, 0.03929], [0.03891, 0.03891, 0.03891, 0.03891, 0.03814, 0.0397, 0.0397, 0.0397, 0.03891, 0.03891, 0.0405, 0.0405, 0.0405, 0.0397, 0.03891, 0.04132, 0.04132, 0.04132, 0.0405, 0.0397, 0.04132, 0.04215, 0.04132, 0.0405, 0.0397], [0.04037, 0.04119, 0.04202, 0.04119, 0.04037, 0.04037, 0.04119, 0.04119, 0.04119, 0.04037, 0.03957, 0.04037, 0.04037, 0.04037, 0.03957, 0.03879, 0.03957, 0.03957, 0.03957, 0.03879, 0.03879, 0.03879, 0.03879, 0.03879, 0.03879], [0.03996, 0.04077, 0.04077, 0.04077, 0.03996, 0.03996, 0.04077, 0.04159, 0.04077, 0.03996, 0.03996, 0.04077, 0.04077, 0.04077, 0.03996, 0.03917, 0.03996, 0.03996, 0.03996, 0.03917, 0.03839, 0.03917, 0.03917, 0.03917, 0.03839], [0.03902, 0.0398, 0.0398, 0.0398, 0.03902, 0.0398, 0.04061, 0.04061, 0.04061, 0.0398, 0.0398, 0.04061, 0.04143, 0.04061, 0.0398, 0.0398, 0.04061, 0.04061, 0.04061, 0.0398, 0.03902, 0.0398, 0.0398, 0.0398, 0.03902], [0.03839, 0.03917, 0.03917, 0.03917, 0.03839, 0.03917, 0.03996, 0.03996, 0.03996, 0.03917, 0.03996, 0.04077, 0.04077, 0.04077, 0.03996, 0.03996, 0.04077, 0.04159, 0.04077, 0.03996, 0.03996, 0.04077, 0.04077, 0.04077, 0.03996], [0.03879, 0.03879, 0.03879, 0.03879, 0.03879, 0.03879, 0.03957, 0.03957, 0.03957, 0.03879, 0.03957, 0.04037, 0.04037, 0.04037, 0.03957, 0.04037, 0.04119, 0.04119, 0.04119, 0.04037, 0.04037, 0.04119, 0.04202, 0.04119, 0.04037], [0.0397, 0.0405, 0.04132, 0.04215, 0.04132, 0.0397, 0.0405, 0.04132, 0.04132, 0.04132, 0.03891, 0.0397, 0.0405, 0.0405, 0.0405, 0.03891, 0.03891, 0.0397, 0.0397, 0.0397, 0.03814, 0.03891, 0.03891, 0.03891, 0.03891], [0.03929, 0.04009, 0.0409, 0.0409, 0.0409, 0.03929, 0.04009, 0.0409, 0.04172, 0.0409, 0.03929, 0.04009, 0.0409, 0.0409, 0.0409, 0.03851, 0.03929, 0.04009, 0.04009, 0.04009, 0.03851, 0.03851, 0.03929, 0.03929, 0.03929], [0.03839, 0.03917, 0.03996, 0.03996, 0.03996, 0.03917, 0.03996, 0.04077, 0.04077, 0.04077, 0.03917, 0.03996, 0.04077, 0.04159, 0.04077, 0.03917, 0.03996, 0.04077, 0.04077, 0.04077, 0.03839, 0.03917, 0.03996, 0.03996, 0.03996], [0.03851, 0.03851, 0.03929, 0.03929, 0.03929, 0.03851, 0.03929, 0.04009, 0.04009, 0.04009, 0.03929, 0.04009, 0.0409, 0.0409, 0.0409, 0.03929, 0.04009, 0.0409, 0.04172, 0.0409, 0.03929, 0.04009, 0.0409, 0.0409, 0.0409], [0.03814, 0.03891, 0.03891, 0.03891, 0.03891, 0.03891, 0.03891, 0.0397, 0.0397, 0.0397, 0.03891, 0.0397, 0.0405, 0.0405, 0.0405, 0.0397, 0.0405, 0.04132, 0.04132, 0.04132, 0.0397, 0.0405, 0.04132, 0.04215, 0.04132], [0.03929, 0.04008, 0.04089, 0.04172, 0.04256, 0.03929, 0.04008, 0.04089, 0.04172, 0.04172, 0.03929, 0.03929, 0.04008, 0.04089, 0.04089, 0.03851, 0.03929, 0.03929, 0.04008, 0.04008, 0.03775, 0.03851, 0.03929, 0.03929, 0.03929], [0.03891, 0.0397, 0.0405, 0.04132, 0.04132, 0.03891, 0.0397, 0.0405, 0.04132, 0.04215, 0.03891, 0.0397, 0.0405, 0.04132, 0.04132, 0.03891, 0.03891, 0.0397, 0.0405, 0.0405, 0.03814, 0.03891, 0.03891, 0.0397, 0.0397], [0.03879, 0.03879, 0.03957, 0.04037, 0.04037, 0.03879, 0.03957, 0.04037, 0.04119, 0.04119, 0.03879, 0.03957, 0.04037, 0.04119, 0.04202, 0.03879, 0.03957, 0.04037, 0.04119, 0.04119, 0.03879, 0.03879, 0.03957, 0.04037, 0.04037], [0.03814, 0.03891, 0.03891, 0.0397, 0.0397, 0.03891, 0.03891, 0.0397, 0.0405, 0.0405, 0.03891, 0.0397, 0.0405, 0.04132, 0.04132, 0.03891, 0.0397, 0.0405, 0.04132, 0.04215, 0.03891, 0.0397, 0.0405, 0.04132, 0.04132], [0.03775, 0.03851, 0.03929, 0.03929, 0.03929, 0.03851, 0.03929, 0.03929, 0.04008, 0.04008, 0.03929, 0.03929, 0.04008, 0.04089, 0.04089, 0.03929, 0.04008, 0.04089, 0.04172, 0.04172, 0.03929, 0.04008, 0.04089, 0.04172, 0.04256]]