[[0.09992, 0.07183, 0.05164, 0.03713, 0.02669, 0.07183, 0.07183, 0.05164, 0.03713, 0.02669, 0.05164, 0.05164, 0.03713, 0.02669, 0.02669, 0.03713, 0.03713, 0.02669, 0.02669, 0.01919, 0.02669, 0.02669, 0.02669, 0.01919, 0.0138], [0.06268, 0.06268, 0.04506, 0.03239, 0.02329, 0.08718, 0.06268, 0.04506, 0.03239, 0.02329, 0.06268, 0.06268, 0.04506, 0.03239, 0.02329, 0.04506, 0.04506, 0.03239, 0.02329, 0.02329, 0.03239, 0.03239, 0.02329, 0.02329, 0.01674], [0.04329, 0.04329, 0.03112, 0.02237, 0.02237, 0.06021, 0.06021, 0.04329, 0.03112, 0.02237, 0.08375, 0.06021, 0.04329, 0.03112, 0.02237, 0.06021, 0.06021, 0.04329, 0.03112, 0.02237, 0.04329, 0.04329, 0.03112, 0.02237, 0.02237], [0.03239, 0.03239, 0.02329, 0.02329, 0.01674, 0.04506, 0.04506, 0.03239, 0.02329, 0.02329, 0.06268, 0.06268, 0.04506, 0.03239, 0.02329, 0.08718, 0.06268, 0.04506, 0.03239, 0.02329, 0.06268, 0.06268, 0.04506, 0.03239, 0.02329], [0.02669, 0.02669, 0.02669, 0.01919, 0.0138, 0.03713, 0.03713, 0.02669, 0.02669, 0.01919, 0.05164, 0.05164, 0.03713, 0.02669, 0.02669, 0.07183, 0.07183, 0.05164, 0.03713, 0.02669, 0.09992, 0.07183, 0.05164, 0.03713, 0.02669], [0.06268, 0.08718, 0.06268, 0.04506, 0.03239, 0.06268, 0.06268, 0.06268, 0.04506, 0.03239, 0.04506, 0.04506, 0.04506, 0.03239, 0.02329, 0.03239, 0.03239, 0.03239, 0.02329, 0.02329, 0.02329, 0.02329, 0.02329, 0.02329, 0.01674], [0.05424, 0.05424, 0.05424, 0.03899, 0.02803, 0.05424, 0.07544, 0.05424, 0.03899, 0.02803, 0.05424, 0.05424, 0.05424, 0.03899, 0.02803, 0.03899, 0.03899, 0.03899, 0.02803, 0.02015, 0.02803, 0.02803, 0.02803, 0.02015, 0.02015], [0.03747, 0.03747, 0.03747, 0.02694, 0.01936, 0.05211, 0.05211, 0.05211, 0.03747, 0.02694, 0.05211, 0.07249, 0.05211, 0.03747, 0.02694, 0.05211, 0.05211, 0.05211, 0.03747, 0.02694, 0.03747, 0.03747, 0.03747, 0.02694, 0.01936], [0.02803, 0.02803, 0.02803, 0.02015, 0.02015, 0.03899, 0.03899, 0.03899, 0.02803, 0.02015, 0.05424, 0.05424, 0.05424, 0.03899, 0.02803, 0.05424, 0.07544, 0.05424, 0.03899, 0.02803, 0.05424, 0.05424, 0.05424, 0.03899, 0.02803], [0.02329, 0.02329, 0.02329, 0.02329, 0.01674, 0.03239, 0.03239, 0.03239, 0.02329, 0.02329, 0.04506, 0.04506, 0.04506, 0.03239, 0.02329, 0.06268, 0.06268, 0.06268, 0.04506, 0.03239, 0.06268, 0.08718, 0.06268, 0.04506, 0.03239], [0.04329, 0.06021, 0.08375, 0.06021, 0.04329, 0.04329, 0.06021, 0.06021, 0.06021, 0.04329, 0.03112, 0.04329, 0.04329, 0.04329, 0.03112, 0.02237, 0.03112, 0.03112, 0.03112, 0.02237, 0.02237, 0.02237, 0.02237, 0.02237, 0.02237], [0.03747, 0.05211, 0.05211, 0.05211, 0.03747, 0.03747, 0.05211, 0.07249, 0.05211, 0.03747, 0.03747, 0.05211, 0.05211, 0.05211, 0.03747, 0.02694, 0.03747, 0.03747, 0.03747, 0.02694, 0.01936, 0.02694, 0.02694, 0.02694, 0.01936], [0.02573, 0.03579, 0.03579, 0.03579, 0.02573, 0.03579, 0.04979, 0.04979, 0.04979, 0.03579, 0.03579, 0.04979, 0.06925, 0.04979, 0.03579, 0.03579, 0.04979, 0.04979, 0.04979, 0.03579, 0.02573, 0.03579, 0.03579, 0.03579, 0.02573], [0.01936, 0.02694, 0.02694, 0.02694, 0.01936, 0.02694, 0.03747, 0.03747, 0.03747, 0.02694, 0.03747, 0.05211, 0.05211, 0.05211, 0.03747, 0.03747, 0.05211, 0.07249, 0.05211, 0.03747, 0.03747, 0.05211, 0.05211, 0.05211, 0.03747], [0.02237, 0.02237, 0.02237, 0.02237, 0.02237, 0.02237, 0.03112, 0.03112, 0.03112, 0.02237, 0.03112, 0.04329, 0.04329, 0.04329, 0.03112, 0.04329, 0.06021, 0.06021, 0.06021, 0.04329, 0.04329, 0.06021, 0.08375, 0.06021, 0.04329], [0.03239, 0.04506, 0.06268, 0.08718, 0.06268, 0.03239, 0.04506, 0.06268, 0.06268, 0.06268, 0.02329, 0.03239, 0.04506, 0.04506, 0.04506, 0.02329, 0.02329, 0.03239, 0.03239, 0.03239, 0.01674, 0.02329, 0.02329, 0.02329, 0.02329], [0.02803, 0.03899, 0.05424, 0.05424, 0.05424, 0.02803, 0.03899, 0.05424, 0.07544, 0.05424, 0.02803, 0.03899, 0.05424, 0.05424, 0.05424, 0.02015, 0.02803, 0.03899, 0.03899, 0.03899, 0.02015, 0.02015, 0.02803, 0.02803, 0.02803], [0.01936, 0.02694, 0.03747, 0.03747, 0.03747, 0.02694, 0.03747, 0.05211, 0.05211, 0.05211, 0.02694, 0.03747, 0.05211, 0.07249, 0.05211, 0.02694, 0.03747, 0.05211, 0.05211, 0.05211, 0.01936, 0.02694, 0.03747, 0.03747, 0.03747], [0.02015, 0.02015, 0.02803, 0.02803, 0.02803, 0.02015, 0.02803, 0.03899, 0.03899, 0.03899, 0.02803, 0.03899, 0.05424, 0.05424, 0.05424, 0.02803, 0.03899, 0.05424, 0.07544, 0.05424, 0.02803, 0.03899, 0.05424, 0.05424, 0.05424], [0.01674, 0.02329, 0.02329, 0.02329, 0.02329, 0.02329, 0.02329, 0.03239, 0.03239, 0.03239, 0.02329, 0.03239, 0.04506, 0.04506, 0.04506, 0.03239, 0.04506, 0.06268, 0.06268, 0.06268, 0.03239, 0.04506, 0.06268, 0.08718, 0.06268], [0.02669, 0.03713, 0.05164, 0.07183, 0.09992, 0.02669, 0.03713, 0.05164, 0.07183, 0.07183, 0.02669, 0.02669, 0.03713, 0.05164, 0.05164, 0.01919, 0.02669, 0.02669, 0.03713, 0.03713, 0.0138, 0.01919, 0.02669, 0.02669, 0.02669], [0.02329, 0.03239, 0.04506, 0.06268, 0.06268, 0.02329, 0.03239, 0.04506, 0.06268, 0.08718, 0.02329, 0.03239, 0.04506, 0.06268, 0.06268, 0.02329, 0.02329, 0.03239, 0.04506, 0.04506, 0.01674, 0.02329, 0.02329, 0.03239, 0.03239], [0.02237, 0.02237, 0.03112, 0.04329, 0.04329, 0.02237, 0.03112, 0.04329, 0.06021, 0.06021, 0.02237, 0.03112, 0.04329, 0.06021, 0.08375, 0.02237, 0.03112, 0.04329, 0.06021, 0.06021, 0.02237, 0.02237, 0.03112, 0.04329, 0.04329], [0.01674, 0.02329, 0.02329, 0.03239, 0.03239, 0.02329, 0.02329, 0.03239, 0.04506, 0.04506, 0.02329, 0.03239, 0.04506, 0.06268, 0.06268, 0.02329, 0.03239, 0.04506, 0.06268, 0.08718, 0.02329, 0.03239, 0.04506, 0.06268, 0.06268], [0.0138, 0.01919, 0.02669, 0.02669, 0.02669, 0.01919, 0.02669, 0.02669, 0.03713, 0.03713, 0.02669, 0.02669, 0.03713, 0.05164, 0.05164, 0.02669, 0.03713, 0.05164, 0.07183, 0.07183, 0.02669, 0.03713, 0.05164, 0.07183, 0.09992]]