[[0.09283, 0.06877, 0.05094, 0.03774, 0.02796, 0.06877, 0.06877, 0.05094, 0.03774, 0.02796, 0.05094, 0.05094, 0.03774, 0.02796, 0.02796, 0.03774, 0.03774, 0.02796, 0.02796, 0.02071, 0.02796, 0.02796, 0.02796, 0.02071, 0.01534], [0.06063, 0.06063, 0.04491, 0.03327, 0.02465, 0.08184, 0.06063, 0.04491, 0.03327, 0.02465, 0.06063, 0.06063, 0.04491, 0.03327, 0.02465, 0.04491, 0.04491, 0.03327, 0.02465, 0.02465, 0.03327, 0.03327, 0.02465, 0.02465, 0.01826], [0.04326, 0.04326, 0.03205, 0.02374, 0.02374, 0.05839, 0.05839, 0.04326, 0.03205, 0.02374, 0.07882, 0.05839, 0.04326, 0.03205, 0.02374, 0.05839, 0.05839, 0.04326, 0.03205, 0.02374, 0.04326, 0.04326, 0.03205, 0.02374, 0.02374], [0.03327, 0.03327, 0.02465, 0.02465, 0.01826, 0.04491, 0.04491, 0.03327, 0.02465, 0.02465, 0.06063, 0.06063, 0.04491, 0.03327, 0.02465, 0.08184, 0.06063, 0.04491, 0.03327, 0.02465, 0.06063, 0.06063, 0.04491, 0.03327, 0.02465], [0.02796, 0.02796, 0.02796, 0.02071, 0.01534, 0.03774, 0.03774, 0.02796, 0.02796, 0.02071, 0.05094, 0.05094, 0.03774, 0.02796, 0.02796, 0.06877, 0.06877, 0.05094, 0.03774, 0.02796, 0.09283, 0.06877, 0.05094, 0.03774, 0.02796], [0.06063, 0.08184, 0.06063, 0.04491, 0.03327, 0.06063, 0.06063, 0.06063, 0.04491, 0.03327, 0.04491, 0.04491, 0.04491, 0.03327, 0.02465, 0.03327, 0.03327, 0.03327, 0.02465, 0.02465, 0.02465, 0.02465, 0.02465, 0.02465, 0.01826], [0.05303, 0.05303, 0.05303, 0.03929, 0.02911, 0.05303, 0.07159, 0.05303, 0.03929, 0.02911, 0.05303, 0.05303, 0.05303, 0.03929, 0.02911, 0.03929, 0.03929, 0.03929, 0.02911, 0.02156, 0.02911, 0.02911, 0.02911, 0.02156, 0.02156], [0.03785, 0.03785, 0.03785, 0.02804, 0.02077, 0.05109, 0.05109, 0.05109, 0.03785, 0.02804, 0.05109, 0.06896, 0.05109, 0.03785, 0.02804, 0.05109, 0.05109, 0.05109, 0.03785, 0.02804, 0.03785, 0.03785, 0.03785, 0.02804, 0.02077], [0.02911, 0.02911, 0.02911, 0.02156, 0.02156, 0.03929, 0.03929, 0.03929, 0.02911, 0.02156, 0.05303, 0.05303, 0.05303, 0.03929, 0.02911, 0.05303, 0.07159, 0.05303, 0.03929, 0.02911, 0.05303, 0.05303, 0.05303, 0.03929, 0.02911], [0.02465, 0.02465, 0.02465, 0.02465, 0.01826, 0.03327, 0.03327, 0.03327, 0.02465, 0.02465, 0.04491, 0.04491, 0.04491, 0.03327, 0.02465, 0.06063, 0.06063, 0.06063, 0.04491, 0.03327, 0.06063, 0.08184, 0.06063, 0.04491, 0.03327], [0.04326, 0.05839, 0.07882, 0.05839, 0.04326, 0.04326, 0.05839, 0.05839, 0.05839, 0.04326, 0.03205, 0.04326, 0.04326, 0.04326, 0.03205, 0.02374, 0.03205, 0.03205, 0.03205, 0.02374, 0.02374, 0.02374, 0.02374, 0.02374, 0.02374], [0.03785, 0.05109, 0.05109, 0.05109, 0.03785, 0.03785, 0.05109, 0.06896, 0.05109, 0.03785, 0.03785, 0.05109, 0.05109, 0.05109, 0.03785, 0.02804, 0.03785, 0.03785, 0.03785, 0.02804, 0.02077, 0.02804, 0.02804, 0.02804, 0.02077], [0.02686, 0.03625, 0.03625, 0.03625, 0.02686, 0.03625, 0.04894, 0.04894, 0.04894, 0.03625, 0.03625, 0.04894, 0.06606, 0.04894, 0.03625, 0.03625, 0.04894, 0.04894, 0.04894, 0.03625, 0.02686, 0.03625, 0.03625, 0.03625, 0.02686], [0.02077, 0.02804, 0.02804, 0.02804, 0.02077, 0.02804, 0.03785, 0.03785, 0.03785, 0.02804, 0.03785, 0.05109, 0.05109, 0.05109, 0.03785, 0.03785, 0.05109, 0.06896, 0.05109, 0.03785, 0.03785, 0.05109, 0.05109, 0.05109, 0.03785], [0.02374, 0.02374, 0.02374, 0.02374, 0.02374, 0.02374, 0.03205, 0.03205, 0.03205, 0.02374, 0.03205, 0.04326, 0.04326, 0.04326, 0.03205, 0.04326, 0.05839, 0.05839, 0.05839, 0.04326, 0.04326, 0.05839, 0.07882, 0.05839, 0.04326], [0.03327, 0.04491, 0.06063, 0.08184, 0.06063, 0.03327, 0.04491, 0.06063, 0.06063, 0.06063, 0.02465, 0.03327, 0.04491, 0.04491, 0.04491, 0.02465, 0.02465, 0.03327, 0.03327, 0.03327, 0.01826, 0.02465, 0.02465, 0.02465, 0.02465], [0.02911, 0.03929, 0.05303, 0.05303, 0.05303, 0.02911, 0.03929, 0.05303, 0.07159, 0.05303, 0.02911, 0.03929, 0.05303, 0.05303, 0.05303, 0.02156, 0.02911, 0.03929, 0.03929, 0.03929, 0.02156, 0.02156, 0.02911, 0.02911, 0.02911], [0.02077, 0.02804, 0.03785, 0.03785, 0.03785, 0.02804, 0.03785, 0.05109, 0.05109, 0.05109, 0.02804, 0.03785, 0.05109, 0.06896, 0.05109, 0.02804, 0.03785, 0.05109, 0.05109, 0.05109, 0.02077, 0.02804, 0.03785, 0.03785, 0.03785], [0.02156, 0.02156, 0.02911, 0.02911, 0.02911, 0.02156, 0.02911, 0.03929, 0.03929, 0.03929, 0.02911, 0.03929, 0.05303, 0.05303, 0.05303, 0.02911, 0.03929, 0.05303, 0.07159, 0.05303, 0.02911, 0.03929, 0.05303, 0.05303, 0.05303], [0.01826, 0.02465, 0.02465, 0.02465, 0.02465, 0.02465, 0.02465, 0.03327, 0.03327, 0.03327, 0.02465, 0.03327, 0.04491, 0.04491, 0.04491, 0.03327, 0.04491, 0.06063, 0.06063, 0.06063, 0.03327, 0.04491, 0.06063, 0.08184, 0.06063], [0.02796, 0.03774, 0.05094, 0.06877, 0.09283, 0.02796, 0.03774, 0.05094, 0.06877, 0.06877, 0.02796, 0.02796, 0.03774, 0.05094, 0.05094, 0.02071, 0.02796, 0.02796, 0.03774, 0.03774, 0.01534, 0.02071, 0.02796, 0.02796, 0.02796], [0.02465, 0.03327, 0.04491, 0.06063, 0.06063, 0.02465, 0.03327, 0.04491, 0.06063, 0.08184, 0.02465, 0.03327, 0.04491, 0.06063, 0.06063, 0.02465, 0.02465, 0.03327, 0.04491, 0.04491, 0.01826, 0.02465, 0.02465, 0.03327, 0.03327], [0.02374, 0.02374, 0.03205, 0.04326, 0.04326, 0.02374, 0.03205, 0.04326, 0.05839, 0.05839, 0.02374, 0.03205, 0.04326, 0.05839, 0.07882, 0.02374, 0.03205, 0.04326, 0.05839, 0.05839, 0.02374, 0.02374, 0.03205, 0.04326, 0.04326], [0.01826, 0.02465, 0.02465, 0.03327, 0.03327, 0.02465, 0.02465, 0.03327, 0.04491, 0.04491, 0.02465, 0.03327, 0.04491, 0.06063, 0.06063, 0.02465, 0.03327, 0.04491, 0.06063, 0.08184, 0.02465, 0.03327, 0.04491, 0.06063, 0.06063], [0.01534, 0.02071, 0.02796, 0.02796, 0.02796, 0.02071, 0.02796, 0.02796, 0.03774, 0.03774, 0.02796, 0.02796, 0.03774, 0.05094, 0.05094, 0.02796, 0.03774, 0.05094, 0.06877, 0.06877, 0.02796, 0.03774, 0.05094, 0.06877, 0.09283]]