[[0.05814, 0.05131, 0.04528, 0.03996, 0.03526, 0.05131, 0.05131, 0.04528, 0.03996, 0.03526, 0.04528, 0.04528, 0.03996, 0.03526, 0.03526, 0.03996, 0.03996, 0.03526, 0.03526, 0.03112, 0.03526, 0.03526, 0.03526, 0.03112, 0.02746], [0.04846, 0.04846, 0.04276, 0.03774, 0.03331, 0.05491, 0.04846, 0.04276, 0.03774, 0.03331, 0.04846, 0.04846, 0.04276, 0.03774, 0.03331, 0.04276, 0.04276, 0.03774, 0.03331, 0.03331, 0.03774, 0.03774, 0.03331, 0.03331, 0.02939], [0.04199, 0.04199, 0.03706, 0.0327, 0.0327, 0.04758, 0.04758, 0.04199, 0.03706, 0.0327, 0.05392, 0.04758, 0.04199, 0.03706, 0.0327, 0.04758, 0.04758, 0.04199, 0.03706, 0.0327, 0.04199, 0.04199, 0.03706, 0.0327, 0.0327], [0.03774, 0.03774, 0.03331, 0.03331, 0.02939, 0.04276, 0.04276, 0.03774, 0.03331, 0.03331, 0.04846, 0.04846, 0.04276, 0.03774, 0.03331, 0.05491, 0.04846, 0.04276, 0.03774, 0.03331, 0.04846, 0.04846, 0.04276, 0.03774, 0.03331], [0.03526, 0.03526, 0.03526, 0.03112, 0.02746, 0.03996, 0.03996, 0.03526, 0.03526, 0.03112, 0.04528, 0.04528, 0.03996, 0.03526, 0.03526, 0.05131, 0.05131, 0.04528, 0.03996, 0.03526, 0.05814, 0.05131, 0.04528, 0.03996, 0.03526], [0.04846, 0.05491, 0.04846, 0.04276, 0.03774, 0.04846, 0.04846, 0.04846, 0.04276, 0.03774, 0.04276, 0.04276, 0.04276, 0.03774, 0.03331, 0.03774, 0.03774, 0.03774, 0.03331, 0.03331, 0.03331, 0.03331, 0.03331, 0.03331, 0.02939], [0.04558, 0.04558, 0.04558, 0.04022, 0.03549, 0.04558, 0.05164, 0.04558, 0.04022, 0.03549, 0.04558, 0.04558, 0.04558, 0.04022, 0.03549, 0.04022, 0.04022, 0.04022, 0.03549, 0.03132, 0.03549, 0.03549, 0.03549, 0.03132, 0.03132], [0.0395, 0.0395, 0.0395, 0.03485, 0.03076, 0.04475, 0.04475, 0.04475, 0.0395, 0.03485, 0.04475, 0.05071, 0.04475, 0.0395, 0.03485, 0.04475, 0.04475, 0.04475, 0.0395, 0.03485, 0.0395, 0.0395, 0.0395, 0.03485, 0.03076], [0.03549, 0.03549, 0.03549, 0.03132, 0.03132, 0.04022, 0.04022, 0.04022, 0.03549, 0.03132, 0.04558, 0.04558, 0.04558, 0.04022, 0.03549, 0.04558, 0.05164, 0.04558, 0.04022, 0.03549, 0.04558, 0.04558, 0.04558, 0.04022, 0.03549], [0.03331, 0.03331, 0.03331, 0.03331, 0.02939, 0.03774, 0.03774, 0.03774, 0.03331, 0.03331, 0.04276, 0.04276, 0.04276, 0.03774, 0.03331, 0.04846, 0.04846, 0.04846, 0.04276, 0.03774, 0.04846, 0.05491, 0.04846, 0.04276, 0.03774], [0.04199, 0.04758, 0.05392, 0.04758, 0.04199, 0.04199, 0.04758, 0.04758, 0.04758, 0.04199, 0.03706, 0.04199, 0.04199, 0.04199, 0.03706, 0.0327, 0.03706, 0.03706, 0.03706, 0.0327, 0.0327, 0.0327, 0.0327, 0.0327, 0.0327], [0.0395, 0.04475, 0.04475, 0.04475, 0.0395, 0.0395, 0.04475, 0.05071, 0.04475, 0.0395, 0.0395, 0.04475, 0.04475, 0.04475, 0.0395, 0.03485, 0.0395, 0.0395, 0.0395, 0.03485, 0.03076, 0.03485, 0.03485, 0.03485, 0.03076], [0.0341, 0.03864, 0.03864, 0.03864, 0.0341, 0.03864, 0.04379, 0.04379, 0.04379, 0.03864, 0.03864, 0.04379, 0.04962, 0.04379, 0.03864, 0.03864, 0.04379, 0.04379, 0.04379, 0.03864, 0.0341, 0.03864, 0.03864, 0.03864, 0.0341], [0.03076, 0.03485, 0.03485, 0.03485, 0.03076, 0.03485, 0.0395, 0.0395, 0.0395, 0.03485, 0.0395, 0.04475, 0.04475, 0.04475, 0.0395, 0.0395, 0.04475, 0.05071, 0.04475, 0.0395, 0.0395, 0.04475, 0.04475, 0.04475, 0.0395], [0.0327, 0.0327, 0.0327, 0.0327, 0.0327, 0.0327, 0.03706, 0.03706, 0.03706, 0.0327, 0.03706, 0.04199, 0.04199, 0.04199, 0.03706, 0.04199, 0.04758, 0.04758, 0.04758, 0.04199, 0.04199, 0.04758, 0.05392, 0.04758, 0.04199], [0.03774, 0.04276, 0.04846, 0.05491, 0.04846, 0.03774, 0.04276, 0.04846, 0.04846, 0.04846, 0.03331, 0.03774, 0.04276, 0.04276, 0.04276, 0.03331, 0.03331, 0.03774, 0.03774, 0.03774, 0.02939, 0.03331, 0.03331, 0.03331, 0.03331], [0.03549, 0.04022, 0.04558, 0.04558, 0.04558, 0.03549, 0.04022, 0.04558, 0.05164, 0.04558, 0.03549, 0.04022, 0.04558, 0.04558, 0.04558, 0.03132, 0.03549, 0.04022, 0.04022, 0.04022, 0.03132, 0.03132, 0.03549, 0.03549, 0.03549], [0.03076, 0.03485, 0.0395, 0.0395, 0.0395, 0.03485, 0.0395, 0.04475, 0.04475, 0.04475, 0.03485, 0.0395, 0.04475, 0.05071, 0.04475, 0.03485, 0.0395, 0.04475, 0.04475, 0.04475, 0.03076, 0.03485, 0.0395, 0.0395, 0.0395], [0.03132, 0.03132, 0.03549, 0.03549, 0.03549, 0.03132, 0.03549, 0.04022, 0.04022, 0.04022, 0.03549, 0.04022, 0.04558, 0.04558, 0.04558, 0.03549, 0.04022, 0.04558, 0.05164, 0.04558, 0.03549, 0.04022, 0.04558, 0.04558, 0.04558], [0.02939, 0.03331, 0.03331, 0.03331, 0.03331, 0.03331, 0.03331, 0.03774, 0.03774, 0.03774, 0.03331, 0.03774, 0.04276, 0.04276, 0.04276, 0.03774, 0.04276, 0.04846, 0.04846, 0.04846, 0.03774, 0.04276, 0.04846, 0.05491, 0.04846], [0.03526, 0.03996, 0.04528, 0.05131, 0.05814, 0.03526, 0.03996, 0.04528, 0.05131, 0.05131, 0.03526, 0.03526, 0.03996, 0.04528, 0.04528, 0.03112, 0.03526, 0.03526, 0.03996, 0.03996, 0.02746, 0.03112, 0.03526, 0.03526, 0.03526], [0.03331, 0.03774, 0.04276, 0.04846, 0.04846, 0.03331, 0.03774, 0.04276, 0.04846, 0.05491, 0.03331, 0.03774, 0.04276, 0.04846, 0.04846, 0.03331, 0.03331, 0.03774, 0.04276, 0.04276, 0.02939, 0.03331, 0.03331, 0.03774, 0.03774], [0.0327, 0.0327, 0.03706, 0.04199, 0.04199, 0.0327, 0.03706, 0.04199, 0.04758, 0.04758, 0.0327, 0.03706, 0.04199, 0.04758, 0.05392, 0.0327, 0.03706, 0.04199, 0.04758, 0.04758, 0.0327, 0.0327, 0.03706, 0.04199, 0.04199], [0.02939, 0.03331, 0.03331, 0.03774, 0.03774, 0.03331, 0.03331, 0.03774, 0.04276, 0.04276, 0.03331, 0.03774, 0.04276, 0.04846, 0.04846, 0.03331, 0.03774, 0.04276, 0.04846, 0.05491, 0.03331, 0.03774, 0.04276, 0.04846, 0.04846], [0.02746, 0.03112, 0.03526, 0.03526, 0.03526, 0.03112, 0.03526, 0.03526, 0.03996, 0.03996, 0.03526, 0.03526, 0.03996, 0.04528, 0.04528, 0.03526, 0.03996, 0.04528, 0.05131, 0.05131, 0.03526, 0.03996, 0.04528, 0.05131, 0.05814]]