[[0.07862, 0.06215, 0.04914, 0.03885, 0.03071, 0.06215, 0.06215, 0.04914, 0.03885, 0.03071, 0.04914, 0.04914, 0.03885, 0.03071, 0.03071, 0.03885, 0.03885, 0.03071, 0.03071, 0.02428, 0.03071, 0.03071, 0.03071, 0.02428, 0.01919], [0.05613, 0.05613, 0.04437, 0.03508, 0.02773, 0.07099, 0.05613, 0.04437, 0.03508, 0.02773, 0.05613, 0.05613, 0.04437, 0.03508, 0.02773, 0.04437, 0.04437, 0.03508, 0.02773, 0.02773, 0.03508, 0.03508, 0.02773, 0.02773, 0.02192], [0.04301, 0.04301, 0.034, 0.02688, 0.02688, 0.0544, 0.0544, 0.04301, 0.034, 0.02688, 0.06881, 0.0544, 0.04301, 0.034, 0.02688, 0.0544, 0.0544, 0.04301, 0.034, 0.02688, 0.04301, 0.04301, 0.034, 0.02688, 0.02688], [0.03508, 0.03508, 0.02773, 0.02773, 0.02192, 0.04437, 0.04437, 0.03508, 0.02773, 0.02773, 0.05613, 0.05613, 0.04437, 0.03508, 0.02773, 0.07099, 0.05613, 0.04437, 0.03508, 0.02773, 0.05613, 0.05613, 0.04437, 0.03508, 0.02773], [0.03071, 0.03071, 0.03071, 0.02428, 0.01919, 0.03885, 0.03885, 0.03071, 0.03071, 0.02428, 0.04914, 0.04914, 0.03885, 0.03071, 0.03071, 0.06215, 0.06215, 0.04914, 0.03885, 0.03071, 0.07862, 0.06215, 0.04914, 0.03885, 0.03071], [0.05613, 0.07099, 0.05613, 0.04437, 0.03508, 0.05613, 0.05613, 0.05613, 0.04437, 0.03508, 0.04437, 0.04437, 0.04437, 0.03508, 0.02773, 0.03508, 0.03508, 0.03508, 0.02773, 0.02773, 0.02773, 0.02773, 0.02773, 0.02773, 0.02192], [0.05034, 0.05034, 0.05034, 0.0398, 0.03146, 0.05034, 0.06367, 0.05034, 0.0398, 0.03146, 0.05034, 0.05034, 0.05034, 0.0398, 0.03146, 0.0398, 0.0398, 0.0398, 0.03146, 0.02487, 0.03146, 0.03146, 0.03146, 0.02487, 0.02487], [0.03858, 0.03858, 0.03858, 0.0305, 0.02411, 0.0488, 0.0488, 0.0488, 0.03858, 0.0305, 0.0488, 0.06172, 0.0488, 0.03858, 0.0305, 0.0488, 0.0488, 0.0488, 0.03858, 0.0305, 0.03858, 0.03858, 0.03858, 0.0305, 0.02411], [0.03146, 0.03146, 0.03146, 0.02487, 0.02487, 0.0398, 0.0398, 0.0398, 0.03146, 0.02487, 0.05034, 0.05034, 0.05034, 0.0398, 0.03146, 0.05034, 0.06367, 0.05034, 0.0398, 0.03146, 0.05034, 0.05034, 0.05034, 0.0398, 0.03146], [0.02773, 0.02773, 0.02773, 0.02773, 0.02192, 0.03508, 0.03508, 0.03508, 0.02773, 0.02773, 0.04437, 0.04437, 0.04437, 0.03508, 0.02773, 0.05613, 0.05613, 0.05613, 0.04437, 0.03508, 0.05613, 0.07099, 0.05613, 0.04437, 0.03508], [0.04301, 0.0544, 0.06881, 0.0544, 0.04301, 0.04301, 0.0544, 0.0544, 0.0544, 0.04301, 0.034, 0.04301, 0.04301, 0.04301, 0.034, 0.02688, 0.034, 0.034, 0.034, 0.02688, 0.02688, 0.02688, 0.02688, 0.02688, 0.02688], [0.03858, 0.0488, 0.0488, 0.0488, 0.03858, 0.03858, 0.0488, 0.06172, 0.0488, 0.03858, 0.03858, 0.0488, 0.0488, 0.0488, 0.03858, 0.0305, 0.03858, 0.03858, 0.03858, 0.0305, 0.02411, 0.0305, 0.0305, 0.0305, 0.02411], [0.02941, 0.0372, 0.0372, 0.0372, 0.02941, 0.0372, 0.04705, 0.04705, 0.04705, 0.0372, 0.0372, 0.04705, 0.05952, 0.04705, 0.0372, 0.0372, 0.04705, 0.04705, 0.04705, 0.0372, 0.02941, 0.0372, 0.0372, 0.0372, 0.02941], [0.02411, 0.0305, 0.0305, 0.0305, 0.02411, 0.0305, 0.03858, 0.03858, 0.03858, 0.0305, 0.03858, 0.0488, 0.0488, 0.0488, 0.03858, 0.03858, 0.0488, 0.06172, 0.0488, 0.03858, 0.03858, 0.0488, 0.0488, 0.0488, 0.03858], [0.02688, 0.02688, 0.02688, 0.02688, 0.02688, 0.02688, 0.034, 0.034, 0.034, 0.02688, 0.034, 0.04301, 0.04301, 0.04301, 0.034, 0.04301, 0.0544, 0.0544, 0.0544, 0.04301, 0.04301, 0.0544, 0.06881, 0.0544, 0.04301], [0.03508, 0.04437, 0.05613, 0.07099, 0.05613, 0.03508, 0.04437, 0.05613, 0.05613, 0.05613, 0.02773, 0.03508, 0.04437, 0.04437, 0.04437, 0.02773, 0.02773, 0.03508, 0.03508, 0.03508, 0.02192, 0.02773, 0.02773, 0.02773, 0.02773], [0.03146, 0.0398, 0.05034, 0.05034, 0.05034, 0.03146, 0.0398, 0.05034, 0.06367, 0.05034, 0.03146, 0.0398, 0.05034, 0.05034, 0.05034, 0.02487, 0.03146, 0.0398, 0.0398, 0.0398, 0.02487, 0.02487, 0.03146, 0.03146, 0.03146], [0.02411, 0.0305, 0.03858, 0.03858, 0.03858, 0.0305, 0.03858, 0.0488, 0.0488, 0.0488, 0.0305, 0.03858, 0.0488, 0.06172, 0.0488, 0.0305, 0.03858, 0.0488, 0.0488, 0.0488, 0.02411, 0.0305, 0.03858, 0.03858, 0.03858], [0.02487, 0.02487, 0.03146, 0.03146, 0.03146, 0.02487, 0.03146, 0.0398, 0.0398, 0.0398, 0.03146, 0.0398, 0.05034, 0.05034, 0.05034, 0.03146, 0.0398, 0.05034, 0.06367, 0.05034, 0.03146, 0.0398, 0.05034, 0.05034, 0.05034], [0.02192, 0.02773, 0.02773, 0.02773, 0.02773, 0.02773, 0.02773, 0.03508, 0.03508, 0.03508, 0.02773, 0.03508, 0.04437, 0.04437, 0.04437, 0.03508, 0.04437, 0.05613, 0.05613, 0.05613, 0.03508, 0.04437, 0.05613, 0.07099, 0.05613], [0.03071, 0.03885, 0.04914, 0.06215, 0.07862, 0.03071, 0.03885, 0.04914, 0.06215, 0.06215, 0.03071, 0.03071, 0.03885, 0.04914, 0.04914, 0.02428, 0.03071, 0.03071, 0.03885, 0.03885, 0.01919, 0.02428, 0.03071, 0.03071, 0.03071], [0.02773, 0.03508, 0.04437, 0.05613, 0.05613, 0.02773, 0.03508, 0.04437, 0.05613, 0.07099, 0.02773, 0.03508, 0.04437, 0.05613, 0.05613, 0.02773, 0.02773, 0.03508, 0.04437, 0.04437, 0.02192, 0.02773, 0.02773, 0.03508, 0.03508], [0.02688, 0.02688, 0.034, 0.04301, 0.04301, 0.02688, 0.034, 0.04301, 0.0544, 0.0544, 0.02688, 0.034, 0.04301, 0.0544, 0.06881, 0.02688, 0.034, 0.04301, 0.0544, 0.0544, 0.02688, 0.02688, 0.034, 0.04301, 0.04301], [0.02192, 0.02773, 0.02773, 0.03508, 0.03508, 0.02773, 0.02773, 0.03508, 0.04437, 0.04437, 0.02773, 0.03508, 0.04437, 0.05613, 0.05613, 0.02773, 0.03508, 0.04437, 0.05613, 0.07099, 0.02773, 0.03508, 0.04437, 0.05613, 0.05613], [0.01919, 0.02428, 0.03071, 0.03071, 0.03071, 0.02428, 0.03071, 0.03071, 0.03885, 0.03885, 0.03071, 0.03071, 0.03885, 0.04914, 0.04914, 0.03071, 0.03885, 0.04914, 0.06215, 0.06215, 0.03071, 0.03885, 0.04914, 0.06215, 0.07862]]