[[0.11378, 0.07742, 0.05268, 0.03585, 0.02439, 0.07742, 0.07742, 0.05268, 0.03585, 0.02439, 0.05268, 0.05268, 0.03585, 0.02439, 0.02439, 0.03585, 0.03585, 0.02439, 0.02439, 0.0166, 0.02439, 0.02439, 0.02439, 0.0166, 0.01129], [0.06636, 0.06636, 0.04515, 0.03072, 0.02091, 0.09752, 0.06636, 0.04515, 0.03072, 0.02091, 0.06636, 0.06636, 0.04515, 0.03072, 0.02091, 0.04515, 0.04515, 0.03072, 0.02091, 0.02091, 0.03072, 0.03072, 0.02091, 0.02091, 0.01423], [0.04319, 0.04319, 0.02939, 0.02, 0.02, 0.06348, 0.06348, 0.04319, 0.02939, 0.02, 0.09329, 0.06348, 0.04319, 0.02939, 0.02, 0.06348, 0.06348, 0.04319, 0.02939, 0.02, 0.04319, 0.04319, 0.02939, 0.02, 0.02], [0.03072, 0.03072, 0.02091, 0.02091, 0.01423, 0.04515, 0.04515, 0.03072, 0.02091, 0.02091, 0.06636, 0.06636, 0.04515, 0.03072, 0.02091, 0.09752, 0.06636, 0.04515, 0.03072, 0.02091, 0.06636, 0.06636, 0.04515, 0.03072, 0.02091], [0.02439, 0.02439, 0.02439, 0.0166, 0.01129, 0.03585, 0.03585, 0.02439, 0.02439, 0.0166, 0.05268, 0.05268, 0.03585, 0.02439, 0.02439, 0.07742, 0.07742, 0.05268, 0.03585, 0.02439, 0.11378, 0.07742, 0.05268, 0.03585, 0.02439], [0.06636, 0.09752, 0.06636, 0.04515, 0.03072, 0.06636, 0.06636, 0.06636, 0.04515, 0.03072, 0.04515, 0.04515, 0.04515, 0.03072, 0.02091, 0.03072, 0.03072, 0.03072, 0.02091, 0.02091, 0.02091, 0.02091, 0.02091, 0.02091, 0.01423], [0.05637, 0.05637, 0.05637, 0.03836, 0.0261, 0.05637, 0.08285, 0.05637, 0.03836, 0.0261, 0.05637, 0.05637, 0.05637, 0.03836, 0.0261, 0.03836, 0.03836, 0.03836, 0.0261, 0.01776, 0.0261, 0.0261, 0.0261, 0.01776, 0.01776], [0.0367, 0.0367, 0.0367, 0.02498, 0.01699, 0.05394, 0.05394, 0.05394, 0.0367, 0.02498, 0.05394, 0.07927, 0.05394, 0.0367, 0.02498, 0.05394, 0.05394, 0.05394, 0.0367, 0.02498, 0.0367, 0.0367, 0.0367, 0.02498, 0.01699], [0.0261, 0.0261, 0.0261, 0.01776, 0.01776, 0.03836, 0.03836, 0.03836, 0.0261, 0.01776, 0.05637, 0.05637, 0.05637, 0.03836, 0.0261, 0.05637, 0.08285, 0.05637, 0.03836, 0.0261, 0.05637, 0.05637, 0.05637, 0.03836, 0.0261], [0.02091, 0.02091, 0.02091, 0.02091, 0.01423, 0.03072, 0.03072, 0.03072, 0.02091, 0.02091, 0.04515, 0.04515, 0.04515, 0.03072, 0.02091, 0.06636, 0.06636, 0.06636, 0.04515, 0.03072, 0.06636, 0.09752, 0.06636, 0.04515, 0.03072], [0.04319, 0.06348, 0.09329, 0.06348, 0.04319, 0.04319, 0.06348, 0.06348, 0.06348, 0.04319, 0.02939, 0.04319, 0.04319, 0.04319, 0.02939, 0.02, 0.02939, 0.02939, 0.02939, 0.02, 0.02, 0.02, 0.02, 0.02, 0.02], [0.0367, 0.05394, 0.05394, 0.05394, 0.0367, 0.0367, 0.05394, 0.07927, 0.05394, 0.0367, 0.0367, 0.05394, 0.05394, 0.05394, 0.0367, 0.02498, 0.0367, 0.0367, 0.0367, 0.02498, 0.01699, 0.02498, 0.02498, 0.02498, 0.01699], [0.02376, 0.03492, 0.03492, 0.03492, 0.02376, 0.03492, 0.05132, 0.05132, 0.05132, 0.03492, 0.03492, 0.05132, 0.07541, 0.05132, 0.03492, 0.03492, 0.05132, 0.05132, 0.05132, 0.03492, 0.02376, 0.03492, 0.03492, 0.03492, 0.02376], [0.01699, 0.02498, 0.02498, 0.02498, 0.01699, 0.02498, 0.0367, 0.0367, 0.0367, 0.02498, 0.0367, 0.05394, 0.05394, 0.05394, 0.0367, 0.0367, 0.05394, 0.07927, 0.05394, 0.0367, 0.0367, 0.05394, 0.05394, 0.05394, 0.0367], [0.02, 0.02, 0.02, 0.02, 0.02, 0.02, 0.02939, 0.02939, 0.02939, 0.02, 0.02939, 0.04319, 0.04319, 0.04319, 0.02939, 0.04319, 0.06348, 0.06348, 0.06348, 0.04319, 0.04319, 0.06348, 0.09329, 0.06348, 0.04319], [0.03072, 0.04515, 0.06636, 0.09752, 0.06636, 0.03072, 0.04515, 0.06636, 0.06636, 0.06636, 0.02091, 0.03072, 0.04515, 0.04515, 0.04515, 0.02091, 0.02091, 0.03072, 0.03072, 0.03072, 0.01423, 0.02091, 0.02091, 0.02091, 0.02091], [0.0261, 0.03836, 0.05637, 0.05637, 0.05637, 0.0261, 0.03836, 0.05637, 0.08285, 0.05637, 0.0261, 0.03836, 0.05637, 0.05637, 0.05637, 0.01776, 0.0261, 0.03836, 0.03836, 0.03836, 0.01776, 0.01776, 0.0261, 0.0261, 0.0261], [0.01699, 0.02498, 0.0367, 0.0367, 0.0367, 0.02498, 0.0367, 0.05394, 0.05394, 0.05394, 0.02498, 0.0367, 0.05394, 0.07927, 0.05394, 0.02498, 0.0367, 0.05394, 0.05394, 0.05394, 0.01699, 0.02498, 0.0367, 0.0367, 0.0367], [0.01776, 0.01776, 0.0261, 0.0261, 0.0261, 0.01776, 0.0261, 0.03836, 0.03836, 0.03836, 0.0261, 0.03836, 0.05637, 0.05637, 0.05637, 0.0261, 0.03836, 0.05637, 0.08285, 0.05637, 0.0261, 0.03836, 0.05637, 0.05637, 0.05637], [0.01423, 0.02091, 0.02091, 0.02091, 0.02091, 0.02091, 0.02091, 0.03072, 0.03072, 0.03072, 0.02091, 0.03072, 0.04515, 0.04515, 0.04515, 0.03072, 0.04515, 0.06636, 0.06636, 0.06636, 0.03072, 0.04515, 0.06636, 0.09752, 0.06636], [0.02439, 0.03585, 0.05268, 0.07742, 0.11378, 0.02439, 0.03585, 0.05268, 0.07742, 0.07742, 0.02439, 0.02439, 0.03585, 0.05268, 0.05268, 0.0166, 0.02439, 0.02439, 0.03585, 0.03585, 0.01129, 0.0166, 0.02439, 0.02439, 0.02439], [0.02091, 0.03072, 0.04515, 0.06636, 0.06636, 0.02091, 0.03072, 0.04515, 0.06636, 0.09752, 0.02091, 0.03072, 0.04515, 0.06636, 0.06636, 0.02091, 0.02091, 0.03072, 0.04515, 0.04515, 0.01423, 0.02091, 0.02091, 0.03072, 0.03072], [0.02, 0.02, 0.02939, 0.04319, 0.04319, 0.02, 0.02939, 0.04319, 0.06348, 0.06348, 0.02, 0.02939, 0.04319, 0.06348, 0.09329, 0.02, 0.02939, 0.04319, 0.06348, 0.06348, 0.02, 0.02, 0.02939, 0.04319, 0.04319], [0.01423, 0.02091, 0.02091, 0.03072, 0.03072, 0.02091, 0.02091, 0.03072, 0.04515, 0.04515, 0.02091, 0.03072, 0.04515, 0.06636, 0.06636, 0.02091, 0.03072, 0.04515, 0.06636, 0.09752, 0.02091, 0.03072, 0.04515, 0.06636, 0.06636], [0.01129, 0.0166, 0.02439, 0.02439, 0.02439, 0.0166, 0.02439, 0.02439, 0.03585, 0.03585, 0.02439, 0.02439, 0.03585, 0.05268, 0.05268, 0.02439, 0.03585, 0.05268, 0.07742, 0.07742, 0.02439, 0.03585, 0.05268, 0.07742, 0.11378]]