[[0.08498, 0.0652, 0.05002, 0.03838, 0.02944, 0.0652, 0.0652, 0.05002, 0.03838, 0.02944, 0.05002, 0.05002, 0.03838, 0.02944, 0.02944, 0.03838, 0.03838, 0.02944, 0.02944, 0.02259, 0.02944, 0.02944, 0.02944, 0.02259, 0.01733], [0.05821, 0.05821, 0.04466, 0.03426, 0.02629, 0.07588, 0.05821, 0.04466, 0.03426, 0.02629, 0.05821, 0.05821, 0.04466, 0.03426, 0.02629, 0.04466, 0.04466, 0.03426, 0.02629, 0.02629, 0.03426, 0.03426, 0.02629, 0.02629, 0.02017], [0.04315, 0.04315, 0.03311, 0.0254, 0.0254, 0.05625, 0.05625, 0.04315, 0.03311, 0.0254, 0.07332, 0.05625, 0.04315, 0.03311, 0.0254, 0.05625, 0.05625, 0.04315, 0.03311, 0.0254, 0.04315, 0.04315, 0.03311, 0.0254, 0.0254], [0.03426, 0.03426, 0.02629, 0.02629, 0.02017, 0.04466, 0.04466, 0.03426, 0.02629, 0.02629, 0.05821, 0.05821, 0.04466, 0.03426, 0.02629, 0.07588, 0.05821, 0.04466, 0.03426, 0.02629, 0.05821, 0.05821, 0.04466, 0.03426, 0.02629], [0.02944, 0.02944, 0.02944, 0.02259, 0.01733, 0.03838, 0.03838, 0.02944, 0.02944, 0.02259, 0.05002, 0.05002, 0.03838, 0.02944, 0.02944, 0.0652, 0.0652, 0.05002, 0.03838, 0.02944, 0.08498, 0.0652, 0.05002, 0.03838, 0.02944], [0.05821, 0.07588, 0.05821, 0.04466, 0.03426, 0.05821, 0.05821, 0.05821, 0.04466, 0.03426, 0.04466, 0.04466, 0.04466, 0.03426, 0.02629, 0.03426, 0.03426, 0.03426, 0.02629, 0.02629, 0.02629, 0.02629, 0.02629, 0.02629, 0.02017], [0.0516, 0.0516, 0.0516, 0.03958, 0.03037, 0.0516, 0.06725, 0.0516, 0.03958, 0.03037, 0.0516, 0.0516, 0.0516, 0.03958, 0.03037, 0.03958, 0.03958, 0.03958, 0.03037, 0.0233, 0.03037, 0.03037, 0.03037, 0.0233, 0.0233], [0.03826, 0.03826, 0.03826, 0.02935, 0.02252, 0.04986, 0.04986, 0.04986, 0.03826, 0.02935, 0.04986, 0.06499, 0.04986, 0.03826, 0.02935, 0.04986, 0.04986, 0.04986, 0.03826, 0.02935, 0.03826, 0.03826, 0.03826, 0.02935, 0.02252], [0.03037, 0.03037, 0.03037, 0.0233, 0.0233, 0.03958, 0.03958, 0.03958, 0.03037, 0.0233, 0.0516, 0.0516, 0.0516, 0.03958, 0.03037, 0.0516, 0.06725, 0.0516, 0.03958, 0.03037, 0.0516, 0.0516, 0.0516, 0.03958, 0.03037], [0.02629, 0.02629, 0.02629, 0.02629, 0.02017, 0.03426, 0.03426, 0.03426, 0.02629, 0.02629, 0.04466, 0.04466, 0.04466, 0.03426, 0.02629, 0.05821, 0.05821, 0.05821, 0.04466, 0.03426, 0.05821, 0.07588, 0.05821, 0.04466, 0.03426], [0.04315, 0.05625, 0.07332, 0.05625, 0.04315, 0.04315, 0.05625, 0.05625, 0.05625, 0.04315, 0.03311, 0.04315, 0.04315, 0.04315, 0.03311, 0.0254, 0.03311, 0.03311, 0.03311, 0.0254, 0.0254, 0.0254, 0.0254, 0.0254, 0.0254], [0.03826, 0.04986, 0.04986, 0.04986, 0.03826, 0.03826, 0.04986, 0.06499, 0.04986, 0.03826, 0.03826, 0.04986, 0.04986, 0.04986, 0.03826, 0.02935, 0.03826, 0.03826, 0.03826, 0.02935, 0.02252, 0.02935, 0.02935, 0.02935, 0.02252], [0.02821, 0.03677, 0.03677, 0.03677, 0.02821, 0.03677, 0.04793, 0.04793, 0.04793, 0.03677, 0.03677, 0.04793, 0.06247, 0.04793, 0.03677, 0.03677, 0.04793, 0.04793, 0.04793, 0.03677, 0.02821, 0.03677, 0.03677, 0.03677, 0.02821], [0.02252, 0.02935, 0.02935, 0.02935, 0.02252, 0.02935, 0.03826, 0.03826, 0.03826, 0.02935, 0.03826, 0.04986, 0.04986, 0.04986, 0.03826, 0.03826, 0.04986, 0.06499, 0.04986, 0.03826, 0.03826, 0.04986, 0.04986, 0.04986, 0.03826], [0.0254, 0.0254, 0.0254, 0.0254, 0.0254, 0.0254, 0.03311, 0.03311, 0.03311, 0.0254, 0.03311, 0.04315, 0.04315, 0.04315, 0.03311, 0.04315, 0.05625, 0.05625, 0.05625, 0.04315, 0.04315, 0.05625, 0.07332, 0.05625, 0.04315], [0.03426, 0.04466, 0.05821, 0.07588, 0.05821, 0.03426, 0.04466, 0.05821, 0.05821, 0.05821, 0.02629, 0.03426, 0.04466, 0.04466, 0.04466, 0.02629, 0.02629, 0.03426, 0.03426, 0.03426, 0.02017, 0.02629, 0.02629, 0.02629, 0.02629], [0.03037, 0.03958, 0.0516, 0.0516, 0.0516, 0.03037, 0.03958, 0.0516, 0.06725, 0.0516, 0.03037, 0.03958, 0.0516, 0.0516, 0.0516, 0.0233, 0.03037, 0.03958, 0.03958, 0.03958, 0.0233, 0.0233, 0.03037, 0.03037, 0.03037], [0.02252, 0.02935, 0.03826, 0.03826, 0.03826, 0.02935, 0.03826, 0.04986, 0.04986, 0.04986, 0.02935, 0.03826, 0.04986, 0.06499, 0.04986, 0.02935, 0.03826, 0.04986, 0.04986, 0.04986, 0.02252, 0.02935, 0.03826, 0.03826, 0.03826], [0.0233, 0.0233, 0.03037, 0.03037, 0.03037, 0.0233, 0.03037, 0.03958, 0.03958, 0.03958, 0.03037, 0.03958, 0.0516, 0.0516, 0.0516, 0.03037, 0.03958, 0.0516, 0.06725, 0.0516, 0.03037, 0.03958, 0.0516, 0.0516, 0.0516], [0.02017, 0.02629, 0.02629, 0.02629, 0.02629, 0.02629, 0.02629, 0.03426, 0.03426, 0.03426, 0.02629, 0.03426, 0.04466, 0.04466, 0.04466, 0.03426, 0.04466, 0.05821, 0.05821, 0.05821, 0.03426, 0.04466, 0.05821, 0.07588, 0.05821], [0.02944, 0.03838, 0.05002, 0.0652, 0.08498, 0.02944, 0.03838, 0.05002, 0.0652, 0.0652, 0.02944, 0.02944, 0.03838, 0.05002, 0.05002, 0.02259, 0.02944, 0.02944, 0.03838, 0.03838, 0.01733, 0.02259, 0.02944, 0.02944, 0.02944], [0.02629, 0.03426, 0.04466, 0.05821, 0.05821, 0.02629, 0.03426, 0.04466, 0.05821, 0.07588, 0.02629, 0.03426, 0.04466, 0.05821, 0.05821, 0.02629, 0.02629, 0.03426, 0.04466, 0.04466, 0.02017, 0.02629, 0.02629, 0.03426, 0.03426], [0.0254, 0.0254, 0.03311, 0.04315, 0.04315, 0.0254, 0.03311, 0.04315, 0.05625, 0.05625, 0.0254, 0.03311, 0.04315, 0.05625, 0.07332, 0.0254, 0.03311, 0.04315, 0.05625, 0.05625, 0.0254, 0.0254, 0.03311, 0.04315, 0.04315], [0.02017, 0.02629, 0.02629, 0.03426, 0.03426, 0.02629, 0.02629, 0.03426, 0.04466, 0.04466, 0.02629, 0.03426, 0.04466, 0.05821, 0.05821, 0.02629, 0.03426, 0.04466, 0.05821, 0.07588, 0.02629, 0.03426, 0.04466, 0.05821, 0.05821], [0.01733, 0.02259, 0.02944, 0.02944, 0.02944, 0.02259, 0.02944, 0.02944, 0.03838, 0.03838, 0.02944, 0.02944, 0.03838, 0.05002, 0.05002, 0.02944, 0.03838, 0.05002, 0.0652, 0.0652, 0.02944, 0.03838, 0.05002, 0.0652, 0.08498]]