[[0.04152, 0.04102, 0.04054, 0.04005, 0.03957, 0.04102, 0.04102, 0.04054, 0.04005, 0.03957, 0.04054, 0.04054, 0.04005, 0.03957, 0.03957, 0.04005, 0.04005, 0.03957, 0.03957, 0.0391, 0.03957, 0.03957, 0.03957, 0.0391, 0.03864], [0.04079, 0.04128, 0.04079, 0.0403, 0.03982, 0.04079, 0.04079, 0.04079, 0.0403, 0.03982, 0.0403, 0.0403, 0.0403, 0.03982, 0.03935, 0.03982, 0.03982, 0.03982, 0.03935, 0.03935, 0.03935, 0.03935, 0.03935, 0.03935, 0.03888], [0.04023, 0.04071, 0.0412, 0.04071, 0.04023, 0.04023, 0.04071, 0.04071, 0.04071, 0.04023, 0.03975, 0.04023, 0.04023, 0.04023, 0.03975, 0.03927, 0.03975, 0.03975, 0.03975, 0.03927, 0.03927, 0.03927, 0.03927, 0.03927, 0.03927], [0.03982, 0.0403, 0.04079, 0.04128, 0.04079, 0.03982, 0.0403, 0.04079, 0.04079, 0.04079, 0.03935, 0.03982, 0.0403, 0.0403, 0.0403, 0.03935, 0.03935, 0.03982, 0.03982, 0.03982, 0.03888, 0.03935, 0.03935, 0.03935, 0.03935], [0.03957, 0.04005, 0.04054, 0.04102, 0.04152, 0.03957, 0.04005, 0.04054, 0.04102, 0.04102, 0.03957, 0.03957, 0.04005, 0.04054, 0.04054, 0.0391, 0.03957, 0.03957, 0.04005, 0.04005, 0.03864, 0.0391, 0.03957, 0.03957, 0.03957], [0.04079, 0.04079, 0.0403, 0.03982, 0.03935, 0.04128, 0.04079, 0.0403, 0.03982, 0.03935, 0.04079, 0.04079, 0.0403, 0.03982, 0.03935, 0.0403, 0.0403, 0.03982, 0.03935, 0.03935, 0.03982, 0.03982, 0.03935, 0.03935, 0.03888], [0.04054, 0.04054, 0.04054, 0.04005, 0.03958, 0.04054, 0.04103, 0.04054, 0.04005, 0.03958, 0.04054, 0.04054, 0.04054, 0.04005, 0.03958, 0.04005, 0.04005, 0.04005, 0.03958, 0.0391, 0.03958, 0.03958, 0.03958, 0.0391, 0.0391], [0.03998, 0.04046, 0.04046, 0.04046, 0.03998, 0.03998, 0.04046, 0.04095, 0.04046, 0.03998, 0.03998, 0.04046, 0.04046, 0.04046, 0.03998, 0.0395, 0.03998, 0.03998, 0.03998, 0.0395, 0.03903, 0.0395, 0.0395, 0.0395, 0.03903], [0.03958, 0.04005, 0.04054, 0.04054, 0.04054, 0.03958, 0.04005, 0.04054, 0.04103, 0.04054, 0.03958, 0.04005, 0.04054, 0.04054, 0.04054, 0.0391, 0.03958, 0.04005, 0.04005, 0.04005, 0.0391, 0.0391, 0.03958, 0.03958, 0.03958], [0.03935, 0.03982, 0.0403, 0.04079, 0.04079, 0.03935, 0.03982, 0.0403, 0.04079, 0.04128, 0.03935, 0.03982, 0.0403, 0.04079, 0.04079, 0.03935, 0.03935, 0.03982, 0.0403, 0.0403, 0.03888, 0.03935, 0.03935, 0.03982, 0.03982], [0.04023, 0.04023, 0.03975, 0.03927, 0.03927, 0.04071, 0.04071, 0.04023, 0.03975, 0.03927, 0.0412, 0.04071, 0.04023, 0.03975, 0.03927, 0.04071, 0.04071, 0.04023, 0.03975, 0.03927, 0.04023, 0.04023, 0.03975, 0.03927, 0.03927], [0.03998, 0.03998, 0.03998, 0.0395, 0.03903, 0.04046, 0.04046, 0.04046, 0.03998, 0.0395, 0.04046, 0.04095, 0.04046, 0.03998, 0.0395, 0.04046, 0.04046, 0.04046, 0.03998, 0.0395, 0.03998, 0.03998, 0.03998, 0.0395, 0.03903], [0.03941, 0.03988, 0.03988, 0.03988, 0.03941, 0.03988, 0.04036, 0.04036, 0.04036, 0.03988, 0.03988, 0.04036, 0.04085, 0.04036, 0.03988, 0.03988, 0.04036, 0.04036, 0.04036, 0.03988, 0.03941, 0.03988, 0.03988, 0.03988, 0.03941], [0.03903, 0.0395, 0.03998, 0.03998, 0.03998, 0.0395, 0.03998, 0.04046, 0.04046, 0.04046, 0.0395, 0.03998, 0.04046, 0.04095, 0.04046, 0.0395, 0.03998, 0.04046, 0.04046, 0.04046, 0.03903, 0.0395, 0.03998, 0.03998, 0.03998], [0.03927, 0.03927, 0.03975, 0.04023, 0.04023, 0.03927, 0.03975, 0.04023, 0.04071, 0.04071, 0.03927, 0.03975, 0.04023, 0.04071, 0.0412, 0.03927, 0.03975, 0.04023, 0.04071, 0.04071, 0.03927, 0.03927, 0.03975, 0.04023, 0.04023], [0.03982, 0.03982, 0.03935, 0.03935, 0.03888, 0.0403, 0.0403, 0.03982, 0.03935, 0.03935, 0.04079, 0.04079, 0.0403, 0.03982, 0.03935, 0.04128, 0.04079, 0.0403, 0.03982, 0.03935, 0.04079, 0.04079, 0.0403, 0.03982, 0.03935], [0.03958, 0.03958, 0.03958, 0.0391, 0.0391, 0.04005, 0.04005, 0.04005, 0.03958, 0.0391, 0.04054, 0.04054, 0.04054, 0.04005, 0.03958, 0.04054, 0.04103, 0.04054, 0.04005, 0.03958, 0.04054, 0.04054, 0.04054, 0.04005, 0.03958], [0.03903, 0.0395, 0.0395, 0.0395, 0.03903, 0.0395, 0.03998, 0.03998, 0.03998, 0.0395, 0.03998, 0.04046, 0.04046, 0.04046, 0.03998, 0.03998, 0.04046, 0.04095, 0.04046, 0.03998, 0.03998, 0.04046, 0.04046, 0.04046, 0.03998], [0.0391, 0.0391, 0.03958, 0.03958, 0.03958, 0.0391, 0.03958, 0.04005, 0.04005, 0.04005, 0.03958, 0.04005, 0.04054, 0.04054, 0.04054, 0.03958, 0.04005, 0.04054, 0.04103, 0.04054, 0.03958, 0.04005, 0.04054, 0.04054, 0.04054], [0.03888, 0.03935, 0.03935, 0.03982, 0.03982, 0.03935, 0.03935, 0.03982, 0.0403, 0.0403, 0.03935, 0.03982, 0.0403, 0.04079, 0.04079, 0.03935, 0.03982, 0.0403, 0.04079, 0.04128, 0.03935, 0.03982, 0.0403, 0.04079, 0.04079], [0.03957, 0.03957, 0.03957, 0.0391, 0.03864, 0.04005, 0.04005, 0.03957, 0.03957, 0.0391, 0.04054, 0.04054, 0.04005, 0.03957, 0.03957, 0.04102, 0.04102, 0.04054, 0.04005, 0.03957, 0.04152, 0.04102, 0.04054, 0.04005, 0.03957], [0.03935, 0.03935, 0.03935, 0.03935, 0.03888, 0.03982, 0.03982, 0.03982, 0.03935, 0.03935, 0.0403, 0.0403, 0.0403, 0.03982, 0.03935, 0.04079, 0.04079, 0.04079, 0.0403, 0.03982, 0.04079, 0.04128, 0.04079, 0.0403, 0.03982], [0.03927, 0.03927, 0.03927, 0.03927, 0.03927, 0.03927, 0.03975, 0.03975, 0.03975, 0.03927, 0.03975, 0.04023, 0.04023, 0.04023, 0.03975, 0.04023, 0.04071, 0.04071, 0.04071, 0.04023, 0.04023, 0.04071, 0.0412, 0.04071, 0.04023], [0.03888, 0.03935, 0.03935, 0.03935, 0.03935, 0.03935, 0.03935, 0.03982, 0.03982, 0.03982, 0.03935, 0.03982, 0.0403, 0.0403, 0.0403, 0.03982, 0.0403, 0.04079, 0.04079, 0.04079, 0.03982, 0.0403, 0.04079, 0.04128, 0.04079], [0.03864, 0.0391, 0.03957, 0.03957, 0.03957, 0.0391, 0.03957, 0.03957, 0.04005, 0.04005, 0.03957, 0.03957, 0.04005, 0.04054, 0.04054, 0.03957, 0.04005, 0.04054, 0.04102, 0.04102, 0.03957, 0.04005, 0.04054, 0.04102, 0.04152]]