[[0.06598, 0.05567, 0.04696, 0.03962, 0.03343, 0.05567, 0.05567, 0.04696, 0.03962, 0.03343, 0.04696, 0.04696, 0.03962, 0.03343, 0.03343, 0.03962, 0.03962, 0.03343, 0.03343, 0.0282, 0.03343, 0.03343, 0.03343, 0.0282, 0.02379], [0.05159, 0.05159, 0.04352, 0.03672, 0.03098, 0.06115, 0.05159, 0.04352, 0.03672, 0.03098, 0.05159, 0.05159, 0.04352, 0.03672, 0.03098, 0.04352, 0.04352, 0.03672, 0.03098, 0.03098, 0.03672, 0.03672, 0.03098, 0.03098, 0.02614], [0.04249, 0.04249, 0.03585, 0.03025, 0.03025, 0.05037, 0.05037, 0.04249, 0.03585, 0.03025, 0.0597, 0.05037, 0.04249, 0.03585, 0.03025, 0.05037, 0.05037, 0.04249, 0.03585, 0.03025, 0.04249, 0.04249, 0.03585, 0.03025, 0.03025], [0.03672, 0.03672, 0.03098, 0.03098, 0.02614, 0.04352, 0.04352, 0.03672, 0.03098, 0.03098, 0.05159, 0.05159, 0.04352, 0.03672, 0.03098, 0.06115, 0.05159, 0.04352, 0.03672, 0.03098, 0.05159, 0.05159, 0.04352, 0.03672, 0.03098], [0.03343, 0.03343, 0.03343, 0.0282, 0.02379, 0.03962, 0.03962, 0.03343, 0.03343, 0.0282, 0.04696, 0.04696, 0.03962, 0.03343, 0.03343, 0.05567, 0.05567, 0.04696, 0.03962, 0.03343, 0.06598, 0.05567, 0.04696, 0.03962, 0.03343], [0.05159, 0.06115, 0.05159, 0.04352, 0.03672, 0.05159, 0.05159, 0.05159, 0.04352, 0.03672, 0.04352, 0.04352, 0.04352, 0.03672, 0.03098, 0.03672, 0.03672, 0.03672, 0.03098, 0.03098, 0.03098, 0.03098, 0.03098, 0.03098, 0.02614], [0.04755, 0.04755, 0.04755, 0.04011, 0.03384, 0.04755, 0.05636, 0.04755, 0.04011, 0.03384, 0.04755, 0.04755, 0.04755, 0.04011, 0.03384, 0.04011, 0.04011, 0.04011, 0.03384, 0.02855, 0.03384, 0.03384, 0.03384, 0.02855, 0.02855], [0.03917, 0.03917, 0.03917, 0.03305, 0.02788, 0.04643, 0.04643, 0.04643, 0.03917, 0.03305, 0.04643, 0.05503, 0.04643, 0.03917, 0.03305, 0.04643, 0.04643, 0.04643, 0.03917, 0.03305, 0.03917, 0.03917, 0.03917, 0.03305, 0.02788], [0.03384, 0.03384, 0.03384, 0.02855, 0.02855, 0.04011, 0.04011, 0.04011, 0.03384, 0.02855, 0.04755, 0.04755, 0.04755, 0.04011, 0.03384, 0.04755, 0.05636, 0.04755, 0.04011, 0.03384, 0.04755, 0.04755, 0.04755, 0.04011, 0.03384], [0.03098, 0.03098, 0.03098, 0.03098, 0.02614, 0.03672, 0.03672, 0.03672, 0.03098, 0.03098, 0.04352, 0.04352, 0.04352, 0.03672, 0.03098, 0.05159, 0.05159, 0.05159, 0.04352, 0.03672, 0.05159, 0.06115, 0.05159, 0.04352, 0.03672], [0.04249, 0.05037, 0.0597, 0.05037, 0.04249, 0.04249, 0.05037, 0.05037, 0.05037, 0.04249, 0.03585, 0.04249, 0.04249, 0.04249, 0.03585, 0.03025, 0.03585, 0.03585, 0.03585, 0.03025, 0.03025, 0.03025, 0.03025, 0.03025, 0.03025], [0.03917, 0.04643, 0.04643, 0.04643, 0.03917, 0.03917, 0.04643, 0.05503, 0.04643, 0.03917, 0.03917, 0.04643, 0.04643, 0.04643, 0.03917, 0.03305, 0.03917, 0.03917, 0.03917, 0.03305, 0.02788, 0.03305, 0.03305, 0.03305, 0.02788], [0.03212, 0.03808, 0.03808, 0.03808, 0.03212, 0.03808, 0.04513, 0.04513, 0.04513, 0.03808, 0.03808, 0.04513, 0.0535, 0.04513, 0.03808, 0.03808, 0.04513, 0.04513, 0.04513, 0.03808, 0.03212, 0.03808, 0.03808, 0.03808, 0.03212], [0.02788, 0.03305, 0.03305, 0.03305, 0.02788, 0.03305, 0.03917, 0.03917, 0.03917, 0.03305, 0.03917, 0.04643, 0.04643, 0.04643, 0.03917, 0.03917, 0.04643, 0.05503, 0.04643, 0.03917, 0.03917, 0.04643, 0.04643, 0.04643, 0.03917], [0.03025, 0.03025, 0.03025, 0.03025, 0.03025, 0.03025, 0.03585, 0.03585, 0.03585, 0.03025, 0.03585, 0.04249, 0.04249, 0.04249, 0.03585, 0.04249, 0.05037, 0.05037, 0.05037, 0.04249, 0.04249, 0.05037, 0.0597, 0.05037, 0.04249], [0.03672, 0.04352, 0.05159, 0.06115, 0.05159, 0.03672, 0.04352, 0.05159, 0.05159, 0.05159, 0.03098, 0.03672, 0.04352, 0.04352, 0.04352, 0.03098, 0.03098, 0.03672, 0.03672, 0.03672, 0.02614, 0.03098, 0.03098, 0.03098, 0.03098], [0.03384, 0.04011, 0.04755, 0.04755, 0.04755, 0.03384, 0.04011, 0.04755, 0.05636, 0.04755, 0.03384, 0.04011, 0.04755, 0.04755, 0.04755, 0.02855, 0.03384, 0.04011, 0.04011, 0.04011, 0.02855, 0.02855, 0.03384, 0.03384, 0.03384], [0.02788, 0.03305, 0.03917, 0.03917, 0.03917, 0.03305, 0.03917, 0.04643, 0.04643, 0.04643, 0.03305, 0.03917, 0.04643, 0.05503, 0.04643, 0.03305, 0.03917, 0.04643, 0.04643, 0.04643, 0.02788, 0.03305, 0.03917, 0.03917, 0.03917], [0.02855, 0.02855, 0.03384, 0.03384, 0.03384, 0.02855, 0.03384, 0.04011, 0.04011, 0.04011, 0.03384, 0.04011, 0.04755, 0.04755, 0.04755, 0.03384, 0.04011, 0.04755, 0.05636, 0.04755, 0.03384, 0.04011, 0.04755, 0.04755, 0.04755], [0.02614, 0.03098, 0.03098, 0.03098, 0.03098, 0.03098, 0.03098, 0.03672, 0.03672, 0.03672, 0.03098, 0.03672, 0.04352, 0.04352, 0.04352, 0.03672, 0.04352, 0.05159, 0.05159, 0.05159, 0.03672, 0.04352, 0.05159, 0.06115, 0.05159], [0.03343, 0.03962, 0.04696, 0.05567, 0.06598, 0.03343, 0.03962, 0.04696, 0.05567, 0.05567, 0.03343, 0.03343, 0.03962, 0.04696, 0.04696, 0.0282, 0.03343, 0.03343, 0.03962, 0.03962, 0.02379, 0.0282, 0.03343, 0.03343, 0.03343], [0.03098, 0.03672, 0.04352, 0.05159, 0.05159, 0.03098, 0.03672, 0.04352, 0.05159, 0.06115, 0.03098, 0.03672, 0.04352, 0.05159, 0.05159, 0.03098, 0.03098, 0.03672, 0.04352, 0.04352, 0.02614, 0.03098, 0.03098, 0.03672, 0.03672], [0.03025, 0.03025, 0.03585, 0.04249, 0.04249, 0.03025, 0.03585, 0.04249, 0.05037, 0.05037, 0.03025, 0.03585, 0.04249, 0.05037, 0.0597, 0.03025, 0.03585, 0.04249, 0.05037, 0.05037, 0.03025, 0.03025, 0.03585, 0.04249, 0.04249], [0.02614, 0.03098, 0.03098, 0.03672, 0.03672, 0.03098, 0.03098, 0.03672, 0.04352, 0.04352, 0.03098, 0.03672, 0.04352, 0.05159, 0.05159, 0.03098, 0.03672, 0.04352, 0.05159, 0.06115, 0.03098, 0.03672, 0.04352, 0.05159, 0.05159], [0.02379, 0.0282, 0.03343, 0.03343, 0.03343, 0.0282, 0.03343, 0.03343, 0.03962, 0.03962, 0.03343, 0.03343, 0.03962, 0.04696, 0.04696, 0.03343, 0.03962, 0.04696, 0.05567, 0.05567, 0.03343, 0.03962, 0.04696, 0.05567, 0.06598]]