[[0.04069, 0.04047, 0.04025, 0.04003, 0.03981, 0.04047, 0.04047, 0.04025, 0.04003, 0.03981, 0.04025, 0.04025, 0.04003, 0.03981, 0.03981, 0.04003, 0.04003, 0.03981, 0.03981, 0.03959, 0.03981, 0.03981, 0.03981, 0.03959, 0.03937], [0.04036, 0.04058, 0.04036, 0.04014, 0.03992, 0.04036, 0.04036, 0.04036, 0.04014, 0.03992, 0.04014, 0.04014, 0.04014, 0.03992, 0.0397, 0.03992, 0.03992, 0.03992, 0.0397, 0.0397, 0.0397, 0.0397, 0.0397, 0.0397, 0.03948], [0.0401, 0.04033, 0.04055, 0.04033, 0.0401, 0.0401, 0.04033, 0.04033, 0.04033, 0.0401, 0.03988, 0.0401, 0.0401, 0.0401, 0.03988, 0.03967, 0.03988, 0.03988, 0.03988, 0.03967, 0.03967, 0.03967, 0.03967, 0.03967, 0.03967], [0.03992, 0.04014, 0.04036, 0.04058, 0.04036, 0.03992, 0.04014, 0.04036, 0.04036, 0.04036, 0.0397, 0.03992, 0.04014, 0.04014, 0.04014, 0.0397, 0.0397, 0.03992, 0.03992, 0.03992, 0.03948, 0.0397, 0.0397, 0.0397, 0.0397], [0.03981, 0.04003, 0.04025, 0.04047, 0.04069, 0.03981, 0.04003, 0.04025, 0.04047, 0.04047, 0.03981, 0.03981, 0.04003, 0.04025, 0.04025, 0.03959, 0.03981, 0.03981, 0.04003, 0.04003, 0.03937, 0.03959, 0.03981, 0.03981, 0.03981], [0.04036, 0.04036, 0.04014, 0.03992, 0.0397, 0.04058, 0.04036, 0.04014, 0.03992, 0.0397, 0.04036, 0.04036, 0.04014, 0.03992, 0.0397, 0.04014, 0.04014, 0.03992, 0.0397, 0.0397, 0.03992, 0.03992, 0.0397, 0.0397, 0.03948], [0.04025, 0.04025, 0.04025, 0.04003, 0.03981, 0.04025, 0.04047, 0.04025, 0.04003, 0.03981, 0.04025, 0.04025, 0.04025, 0.04003, 0.03981, 0.04003, 0.04003, 0.04003, 0.03981, 0.03959, 0.03981, 0.03981, 0.03981, 0.03959, 0.03959], [0.03999, 0.04021, 0.04021, 0.04021, 0.03999, 0.03999, 0.04021, 0.04043, 0.04021, 0.03999, 0.03999, 0.04021, 0.04021, 0.04021, 0.03999, 0.03977, 0.03999, 0.03999, 0.03999, 0.03977, 0.03955, 0.03977, 0.03977, 0.03977, 0.03955], [0.03981, 0.04003, 0.04025, 0.04025, 0.04025, 0.03981, 0.04003, 0.04025, 0.04047, 0.04025, 0.03981, 0.04003, 0.04025, 0.04025, 0.04025, 0.03959, 0.03981, 0.04003, 0.04003, 0.04003, 0.03959, 0.03959, 0.03981, 0.03981, 0.03981], [0.0397, 0.03992, 0.04014, 0.04036, 0.04036, 0.0397, 0.03992, 0.04014, 0.04036, 0.04058, 0.0397, 0.03992, 0.04014, 0.04036, 0.04036, 0.0397, 0.0397, 0.03992, 0.04014, 0.04014, 0.03948, 0.0397, 0.0397, 0.03992, 0.03992], [0.0401, 0.0401, 0.03988, 0.03967, 0.03967, 0.04033, 0.04033, 0.0401, 0.03988, 0.03967, 0.04055, 0.04033, 0.0401, 0.03988, 0.03967, 0.04033, 0.04033, 0.0401, 0.03988, 0.03967, 0.0401, 0.0401, 0.03988, 0.03967, 0.03967], [0.03999, 0.03999, 0.03999, 0.03977, 0.03955, 0.04021, 0.04021, 0.04021, 0.03999, 0.03977, 0.04021, 0.04043, 0.04021, 0.03999, 0.03977, 0.04021, 0.04021, 0.04021, 0.03999, 0.03977, 0.03999, 0.03999, 0.03999, 0.03977, 0.03955], [0.03973, 0.03995, 0.03995, 0.03995, 0.03973, 0.03995, 0.04017, 0.04017, 0.04017, 0.03995, 0.03995, 0.04017, 0.04039, 0.04017, 0.03995, 0.03995, 0.04017, 0.04017, 0.04017, 0.03995, 0.03973, 0.03995, 0.03995, 0.03995, 0.03973], [0.03955, 0.03977, 0.03999, 0.03999, 0.03999, 0.03977, 0.03999, 0.04021, 0.04021, 0.04021, 0.03977, 0.03999, 0.04021, 0.04043, 0.04021, 0.03977, 0.03999, 0.04021, 0.04021, 0.04021, 0.03955, 0.03977, 0.03999, 0.03999, 0.03999], [0.03967, 0.03967, 0.03988, 0.0401, 0.0401, 0.03967, 0.03988, 0.0401, 0.04033, 0.04033, 0.03967, 0.03988, 0.0401, 0.04033, 0.04055, 0.03967, 0.03988, 0.0401, 0.04033, 0.04033, 0.03967, 0.03967, 0.03988, 0.0401, 0.0401], [0.03992, 0.03992, 0.0397, 0.0397, 0.03948, 0.04014, 0.04014, 0.03992, 0.0397, 0.0397, 0.04036, 0.04036, 0.04014, 0.03992, 0.0397, 0.04058, 0.04036, 0.04014, 0.03992, 0.0397, 0.04036, 0.04036, 0.04014, 0.03992, 0.0397], [0.03981, 0.03981, 0.03981, 0.03959, 0.03959, 0.04003, 0.04003, 0.04003, 0.03981, 0.03959, 0.04025, 0.04025, 0.04025, 0.04003, 0.03981, 0.04025, 0.04047, 0.04025, 0.04003, 0.03981, 0.04025, 0.04025, 0.04025, 0.04003, 0.03981], [0.03955, 0.03977, 0.03977, 0.03977, 0.03955, 0.03977, 0.03999, 0.03999, 0.03999, 0.03977, 0.03999, 0.04021, 0.04021, 0.04021, 0.03999, 0.03999, 0.04021, 0.04043, 0.04021, 0.03999, 0.03999, 0.04021, 0.04021, 0.04021, 0.03999], [0.03959, 0.03959, 0.03981, 0.03981, 0.03981, 0.03959, 0.03981, 0.04003, 0.04003, 0.04003, 0.03981, 0.04003, 0.04025, 0.04025, 0.04025, 0.03981, 0.04003, 0.04025, 0.04047, 0.04025, 0.03981, 0.04003, 0.04025, 0.04025, 0.04025], [0.03948, 0.0397, 0.0397, 0.03992, 0.03992, 0.0397, 0.0397, 0.03992, 0.04014, 0.04014, 0.0397, 0.03992, 0.04014, 0.04036, 0.04036, 0.0397, 0.03992, 0.04014, 0.04036, 0.04058, 0.0397, 0.03992, 0.04014, 0.04036, 0.04036], [0.03981, 0.03981, 0.03981, 0.03959, 0.03937, 0.04003, 0.04003, 0.03981, 0.03981, 0.03959, 0.04025, 0.04025, 0.04003, 0.03981, 0.03981, 0.04047, 0.04047, 0.04025, 0.04003, 0.03981, 0.04069, 0.04047, 0.04025, 0.04003, 0.03981], [0.0397, 0.0397, 0.0397, 0.0397, 0.03948, 0.03992, 0.03992, 0.03992, 0.0397, 0.0397, 0.04014, 0.04014, 0.04014, 0.03992, 0.0397, 0.04036, 0.04036, 0.04036, 0.04014, 0.03992, 0.04036, 0.04058, 0.04036, 0.04014, 0.03992], [0.03967, 0.03967, 0.03967, 0.03967, 0.03967, 0.03967, 0.03988, 0.03988, 0.03988, 0.03967, 0.03988, 0.0401, 0.0401, 0.0401, 0.03988, 0.0401, 0.04033, 0.04033, 0.04033, 0.0401, 0.0401, 0.04033, 0.04055, 0.04033, 0.0401], [0.03948, 0.0397, 0.0397, 0.0397, 0.0397, 0.0397, 0.0397, 0.03992, 0.03992, 0.03992, 0.0397, 0.03992, 0.04014, 0.04014, 0.04014, 0.03992, 0.04014, 0.04036, 0.04036, 0.04036, 0.03992, 0.04014, 0.04036, 0.04058, 0.04036], [0.03937, 0.03959, 0.03981, 0.03981, 0.03981, 0.03959, 0.03981, 0.03981, 0.04003, 0.04003, 0.03981, 0.03981, 0.04003, 0.04025, 0.04025, 0.03981, 0.04003, 0.04025, 0.04047, 0.04047, 0.03981, 0.04003, 0.04025, 0.04047, 0.04069]]