[[0.08607, 0.06571, 0.05016, 0.03829, 0.02923, 0.06571, 0.06571, 0.05016, 0.03829, 0.02923, 0.05016, 0.05016, 0.03829, 0.02923, 0.02923, 0.03829, 0.03829, 0.02923, 0.02923, 0.02231, 0.02923, 0.02923, 0.02923, 0.02231, 0.01703], [0.05856, 0.05856, 0.0447, 0.03412, 0.02605, 0.07671, 0.05856, 0.0447, 0.03412, 0.02605, 0.05856, 0.05856, 0.0447, 0.03412, 0.02605, 0.0447, 0.0447, 0.03412, 0.02605, 0.02605, 0.03412, 0.03412, 0.02605, 0.02605, 0.01989], [0.04317, 0.04317, 0.03296, 0.02516, 0.02516, 0.05656, 0.05656, 0.04317, 0.03296, 0.02516, 0.07409, 0.05656, 0.04317, 0.03296, 0.02516, 0.05656, 0.05656, 0.04317, 0.03296, 0.02516, 0.04317, 0.04317, 0.03296, 0.02516, 0.02516], [0.03412, 0.03412, 0.02605, 0.02605, 0.01989, 0.0447, 0.0447, 0.03412, 0.02605, 0.02605, 0.05856, 0.05856, 0.0447, 0.03412, 0.02605, 0.07671, 0.05856, 0.0447, 0.03412, 0.02605, 0.05856, 0.05856, 0.0447, 0.03412, 0.02605], [0.02923, 0.02923, 0.02923, 0.02231, 0.01703, 0.03829, 0.03829, 0.02923, 0.02923, 0.02231, 0.05016, 0.05016, 0.03829, 0.02923, 0.02923, 0.06571, 0.06571, 0.05016, 0.03829, 0.02923, 0.08607, 0.06571, 0.05016, 0.03829, 0.02923], [0.05856, 0.07671, 0.05856, 0.0447, 0.03412, 0.05856, 0.05856, 0.05856, 0.0447, 0.03412, 0.0447, 0.0447, 0.0447, 0.03412, 0.02605, 0.03412, 0.03412, 0.03412, 0.02605, 0.02605, 0.02605, 0.02605, 0.02605, 0.02605, 0.01989], [0.0518, 0.0518, 0.0518, 0.03955, 0.03019, 0.0518, 0.06786, 0.0518, 0.03955, 0.03019, 0.0518, 0.0518, 0.0518, 0.03955, 0.03019, 0.03955, 0.03955, 0.03955, 0.03019, 0.02304, 0.03019, 0.03019, 0.03019, 0.02304, 0.02304], [0.0382, 0.0382, 0.0382, 0.02916, 0.02226, 0.05004, 0.05004, 0.05004, 0.0382, 0.02916, 0.05004, 0.06555, 0.05004, 0.0382, 0.02916, 0.05004, 0.05004, 0.05004, 0.0382, 0.02916, 0.0382, 0.0382, 0.0382, 0.02916, 0.02226], [0.03019, 0.03019, 0.03019, 0.02304, 0.02304, 0.03955, 0.03955, 0.03955, 0.03019, 0.02304, 0.0518, 0.0518, 0.0518, 0.03955, 0.03019, 0.0518, 0.06786, 0.0518, 0.03955, 0.03019, 0.0518, 0.0518, 0.0518, 0.03955, 0.03019], [0.02605, 0.02605, 0.02605, 0.02605, 0.01989, 0.03412, 0.03412, 0.03412, 0.02605, 0.02605, 0.0447, 0.0447, 0.0447, 0.03412, 0.02605, 0.05856, 0.05856, 0.05856, 0.0447, 0.03412, 0.05856, 0.07671, 0.05856, 0.0447, 0.03412], [0.04317, 0.05656, 0.07409, 0.05656, 0.04317, 0.04317, 0.05656, 0.05656, 0.05656, 0.04317, 0.03296, 0.04317, 0.04317, 0.04317, 0.03296, 0.02516, 0.03296, 0.03296, 0.03296, 0.02516, 0.02516, 0.02516, 0.02516, 0.02516, 0.02516], [0.0382, 0.05004, 0.05004, 0.05004, 0.0382, 0.0382, 0.05004, 0.06555, 0.05004, 0.0382, 0.0382, 0.05004, 0.05004, 0.05004, 0.0382, 0.02916, 0.0382, 0.0382, 0.0382, 0.02916, 0.02226, 0.02916, 0.02916, 0.02916, 0.02226], [0.02801, 0.0367, 0.0367, 0.0367, 0.02801, 0.0367, 0.04807, 0.04807, 0.04807, 0.0367, 0.0367, 0.04807, 0.06297, 0.04807, 0.0367, 0.0367, 0.04807, 0.04807, 0.04807, 0.0367, 0.02801, 0.0367, 0.0367, 0.0367, 0.02801], [0.02226, 0.02916, 0.02916, 0.02916, 0.02226, 0.02916, 0.0382, 0.0382, 0.0382, 0.02916, 0.0382, 0.05004, 0.05004, 0.05004, 0.0382, 0.0382, 0.05004, 0.06555, 0.05004, 0.0382, 0.0382, 0.05004, 0.05004, 0.05004, 0.0382], [0.02516, 0.02516, 0.02516, 0.02516, 0.02516, 0.02516, 0.03296, 0.03296, 0.03296, 0.02516, 0.03296, 0.04317, 0.04317, 0.04317, 0.03296, 0.04317, 0.05656, 0.05656, 0.05656, 0.04317, 0.04317, 0.05656, 0.07409, 0.05656, 0.04317], [0.03412, 0.0447, 0.05856, 0.07671, 0.05856, 0.03412, 0.0447, 0.05856, 0.05856, 0.05856, 0.02605, 0.03412, 0.0447, 0.0447, 0.0447, 0.02605, 0.02605, 0.03412, 0.03412, 0.03412, 0.01989, 0.02605, 0.02605, 0.02605, 0.02605], [0.03019, 0.03955, 0.0518, 0.0518, 0.0518, 0.03019, 0.03955, 0.0518, 0.06786, 0.0518, 0.03019, 0.03955, 0.0518, 0.0518, 0.0518, 0.02304, 0.03019, 0.03955, 0.03955, 0.03955, 0.02304, 0.02304, 0.03019, 0.03019, 0.03019], [0.02226, 0.02916, 0.0382, 0.0382, 0.0382, 0.02916, 0.0382, 0.05004, 0.05004, 0.05004, 0.02916, 0.0382, 0.05004, 0.06555, 0.05004, 0.02916, 0.0382, 0.05004, 0.05004, 0.05004, 0.02226, 0.02916, 0.0382, 0.0382, 0.0382], [0.02304, 0.02304, 0.03019, 0.03019, 0.03019, 0.02304, 0.03019, 0.03955, 0.03955, 0.03955, 0.03019, 0.03955, 0.0518, 0.0518, 0.0518, 0.03019, 0.03955, 0.0518, 0.06786, 0.0518, 0.03019, 0.03955, 0.0518, 0.0518, 0.0518], [0.01989, 0.02605, 0.02605, 0.02605, 0.02605, 0.02605, 0.02605, 0.03412, 0.03412, 0.03412, 0.02605, 0.03412, 0.0447, 0.0447, 0.0447, 0.03412, 0.0447, 0.05856, 0.05856, 0.05856, 0.03412, 0.0447, 0.05856, 0.07671, 0.05856], [0.02923, 0.03829, 0.05016, 0.06571, 0.08607, 0.02923, 0.03829, 0.05016, 0.06571, 0.06571, 0.02923, 0.02923, 0.03829, 0.05016, 0.05016, 0.02231, 0.02923, 0.02923, 0.03829, 0.03829, 0.01703, 0.02231, 0.02923, 0.02923, 0.02923], [0.02605, 0.03412, 0.0447, 0.05856, 0.05856, 0.02605, 0.03412, 0.0447, 0.05856, 0.07671, 0.02605, 0.03412, 0.0447, 0.05856, 0.05856, 0.02605, 0.02605, 0.03412, 0.0447, 0.0447, 0.01989, 0.02605, 0.02605, 0.03412, 0.03412], [0.02516, 0.02516, 0.03296, 0.04317, 0.04317, 0.02516, 0.03296, 0.04317, 0.05656, 0.05656, 0.02516, 0.03296, 0.04317, 0.05656, 0.07409, 0.02516, 0.03296, 0.04317, 0.05656, 0.05656, 0.02516, 0.02516, 0.03296, 0.04317, 0.04317], [0.01989, 0.02605, 0.02605, 0.03412, 0.03412, 0.02605, 0.02605, 0.03412, 0.0447, 0.0447, 0.02605, 0.03412, 0.0447, 0.05856, 0.05856, 0.02605, 0.03412, 0.0447, 0.05856, 0.07671, 0.02605, 0.03412, 0.0447, 0.05856, 0.05856], [0.01703, 0.02231, 0.02923, 0.02923, 0.02923, 0.02231, 0.02923, 0.02923, 0.03829, 0.03829, 0.02923, 0.02923, 0.03829, 0.05016, 0.05016, 0.02923, 0.03829, 0.05016, 0.06571, 0.06571, 0.02923, 0.03829, 0.05016, 0.06571, 0.08607]]