[[0.11509, 0.07792, 0.05276, 0.03572, 0.02418, 0.07792, 0.07792, 0.05276, 0.03572, 0.02418, 0.05276, 0.05276, 0.03572, 0.02418, 0.02418, 0.03572, 0.03572, 0.02418, 0.02418, 0.01637, 0.02418, 0.02418, 0.02418, 0.01637, 0.01109], [0.06669, 0.06669, 0.04515, 0.03057, 0.0207, 0.0985, 0.06669, 0.04515, 0.03057, 0.0207, 0.06669, 0.06669, 0.04515, 0.03057, 0.0207, 0.04515, 0.04515, 0.03057, 0.0207, 0.0207, 0.03057, 0.03057, 0.0207, 0.0207, 0.01401], [0.04318, 0.04318, 0.02923, 0.01979, 0.01979, 0.06377, 0.06377, 0.04318, 0.02923, 0.01979, 0.09419, 0.06377, 0.04318, 0.02923, 0.01979, 0.06377, 0.06377, 0.04318, 0.02923, 0.01979, 0.04318, 0.04318, 0.02923, 0.01979, 0.01979], [0.03057, 0.03057, 0.0207, 0.0207, 0.01401, 0.04515, 0.04515, 0.03057, 0.0207, 0.0207, 0.06669, 0.06669, 0.04515, 0.03057, 0.0207, 0.0985, 0.06669, 0.04515, 0.03057, 0.0207, 0.06669, 0.06669, 0.04515, 0.03057, 0.0207], [0.02418, 0.02418, 0.02418, 0.01637, 0.01109, 0.03572, 0.03572, 0.02418, 0.02418, 0.01637, 0.05276, 0.05276, 0.03572, 0.02418, 0.02418, 0.07792, 0.07792, 0.05276, 0.03572, 0.02418, 0.11509, 0.07792, 0.05276, 0.03572, 0.02418], [0.06669, 0.0985, 0.06669, 0.04515, 0.03057, 0.06669, 0.06669, 0.06669, 0.04515, 0.03057, 0.04515, 0.04515, 0.04515, 0.03057, 0.0207, 0.03057, 0.03057, 0.03057, 0.0207, 0.0207, 0.0207, 0.0207, 0.0207, 0.0207, 0.01401], [0.05656, 0.05656, 0.05656, 0.0383, 0.02593, 0.05656, 0.08354, 0.05656, 0.0383, 0.02593, 0.05656, 0.05656, 0.05656, 0.0383, 0.02593, 0.0383, 0.0383, 0.0383, 0.02593, 0.01756, 0.02593, 0.02593, 0.02593, 0.01756, 0.01756], [0.03663, 0.03663, 0.03663, 0.0248, 0.01679, 0.0541, 0.0541, 0.0541, 0.03663, 0.0248, 0.0541, 0.07991, 0.0541, 0.03663, 0.0248, 0.0541, 0.0541, 0.0541, 0.03663, 0.0248, 0.03663, 0.03663, 0.03663, 0.0248, 0.01679], [0.02593, 0.02593, 0.02593, 0.01756, 0.01756, 0.0383, 0.0383, 0.0383, 0.02593, 0.01756, 0.05656, 0.05656, 0.05656, 0.0383, 0.02593, 0.05656, 0.08354, 0.05656, 0.0383, 0.02593, 0.05656, 0.05656, 0.05656, 0.0383, 0.02593], [0.0207, 0.0207, 0.0207, 0.0207, 0.01401, 0.03057, 0.03057, 0.03057, 0.0207, 0.0207, 0.04515, 0.04515, 0.04515, 0.03057, 0.0207, 0.06669, 0.06669, 0.06669, 0.04515, 0.03057, 0.06669, 0.0985, 0.06669, 0.04515, 0.03057], [0.04318, 0.06377, 0.09419, 0.06377, 0.04318, 0.04318, 0.06377, 0.06377, 0.06377, 0.04318, 0.02923, 0.04318, 0.04318, 0.04318, 0.02923, 0.01979, 0.02923, 0.02923, 0.02923, 0.01979, 0.01979, 0.01979, 0.01979, 0.01979, 0.01979], [0.03663, 0.0541, 0.0541, 0.0541, 0.03663, 0.03663, 0.0541, 0.07991, 0.0541, 0.03663, 0.03663, 0.0541, 0.0541, 0.0541, 0.03663, 0.0248, 0.03663, 0.03663, 0.03663, 0.0248, 0.01679, 0.0248, 0.0248, 0.0248, 0.01679], [0.02359, 0.03484, 0.03484, 0.03484, 0.02359, 0.03484, 0.05145, 0.05145, 0.05145, 0.03484, 0.03484, 0.05145, 0.07599, 0.05145, 0.03484, 0.03484, 0.05145, 0.05145, 0.05145, 0.03484, 0.02359, 0.03484, 0.03484, 0.03484, 0.02359], [0.01679, 0.0248, 0.0248, 0.0248, 0.01679, 0.0248, 0.03663, 0.03663, 0.03663, 0.0248, 0.03663, 0.0541, 0.0541, 0.0541, 0.03663, 0.03663, 0.0541, 0.07991, 0.0541, 0.03663, 0.03663, 0.0541, 0.0541, 0.0541, 0.03663], [0.01979, 0.01979, 0.01979, 0.01979, 0.01979, 0.01979, 0.02923, 0.02923, 0.02923, 0.01979, 0.02923, 0.04318, 0.04318, 0.04318, 0.02923, 0.04318, 0.06377, 0.06377, 0.06377, 0.04318, 0.04318, 0.06377, 0.09419, 0.06377, 0.04318], [0.03057, 0.04515, 0.06669, 0.0985, 0.06669, 0.03057, 0.04515, 0.06669, 0.06669, 0.06669, 0.0207, 0.03057, 0.04515, 0.04515, 0.04515, 0.0207, 0.0207, 0.03057, 0.03057, 0.03057, 0.01401, 0.0207, 0.0207, 0.0207, 0.0207], [0.02593, 0.0383, 0.05656, 0.05656, 0.05656, 0.02593, 0.0383, 0.05656, 0.08354, 0.05656, 0.02593, 0.0383, 0.05656, 0.05656, 0.05656, 0.01756, 0.02593, 0.0383, 0.0383, 0.0383, 0.01756, 0.01756, 0.02593, 0.02593, 0.02593], [0.01679, 0.0248, 0.03663, 0.03663, 0.03663, 0.0248, 0.03663, 0.0541, 0.0541, 0.0541, 0.0248, 0.03663, 0.0541, 0.07991, 0.0541, 0.0248, 0.03663, 0.0541, 0.0541, 0.0541, 0.01679, 0.0248, 0.03663, 0.03663, 0.03663], [0.01756, 0.01756, 0.02593, 0.02593, 0.02593, 0.01756, 0.02593, 0.0383, 0.0383, 0.0383, 0.02593, 0.0383, 0.05656, 0.05656, 0.05656, 0.02593, 0.0383, 0.05656, 0.08354, 0.05656, 0.02593, 0.0383, 0.05656, 0.05656, 0.05656], [0.01401, 0.0207, 0.0207, 0.0207, 0.0207, 0.0207, 0.0207, 0.03057, 0.03057, 0.03057, 0.0207, 0.03057, 0.04515, 0.04515, 0.04515, 0.03057, 0.04515, 0.06669, 0.06669, 0.06669, 0.03057, 0.04515, 0.06669, 0.0985, 0.06669], [0.02418, 0.03572, 0.05276, 0.07792, 0.11509, 0.02418, 0.03572, 0.05276, 0.07792, 0.07792, 0.02418, 0.02418, 0.03572, 0.05276, 0.05276, 0.01637, 0.02418, 0.02418, 0.03572, 0.03572, 0.01109, 0.01637, 0.02418, 0.02418, 0.02418], [0.0207, 0.03057, 0.04515, 0.06669, 0.06669, 0.0207, 0.03057, 0.04515, 0.06669, 0.0985, 0.0207, 0.03057, 0.04515, 0.06669, 0.06669, 0.0207, 0.0207, 0.03057, 0.04515, 0.04515, 0.01401, 0.0207, 0.0207, 0.03057, 0.03057], [0.01979, 0.01979, 0.02923, 0.04318, 0.04318, 0.01979, 0.02923, 0.04318, 0.06377, 0.06377, 0.01979, 0.02923, 0.04318, 0.06377, 0.09419, 0.01979, 0.02923, 0.04318, 0.06377, 0.06377, 0.01979, 0.01979, 0.02923, 0.04318, 0.04318], [0.01401, 0.0207, 0.0207, 0.03057, 0.03057, 0.0207, 0.0207, 0.03057, 0.04515, 0.04515, 0.0207, 0.03057, 0.04515, 0.06669, 0.06669, 0.0207, 0.03057, 0.04515, 0.06669, 0.0985, 0.0207, 0.03057, 0.04515, 0.06669, 0.06669], [0.01109, 0.01637, 0.02418, 0.02418, 0.02418, 0.01637, 0.02418, 0.02418, 0.03572, 0.03572, 0.02418, 0.02418, 0.03572, 0.05276, 0.05276, 0.02418, 0.03572, 0.05276, 0.07792, 0.07792, 0.02418, 0.03572, 0.05276, 0.07792, 0.11509]]