[[0.08941, 0.06724, 0.05056, 0.03802, 0.02859, 0.06724, 0.06724, 0.05056, 0.03802, 0.02859, 0.05056, 0.05056, 0.03802, 0.02859, 0.02859, 0.03802, 0.03802, 0.02859, 0.02859, 0.0215, 0.02859, 0.02859, 0.02859, 0.0215, 0.01617], [0.0596, 0.0596, 0.04482, 0.0337, 0.02534, 0.07925, 0.0596, 0.04482, 0.0337, 0.02534, 0.0596, 0.0596, 0.04482, 0.0337, 0.02534, 0.04482, 0.04482, 0.0337, 0.02534, 0.02534, 0.0337, 0.0337, 0.02534, 0.02534, 0.01906], [0.04322, 0.04322, 0.0325, 0.02444, 0.02444, 0.05748, 0.05748, 0.04322, 0.0325, 0.02444, 0.07643, 0.05748, 0.04322, 0.0325, 0.02444, 0.05748, 0.05748, 0.04322, 0.0325, 0.02444, 0.04322, 0.04322, 0.0325, 0.02444, 0.02444], [0.0337, 0.0337, 0.02534, 0.02534, 0.01906, 0.04482, 0.04482, 0.0337, 0.02534, 0.02534, 0.0596, 0.0596, 0.04482, 0.0337, 0.02534, 0.07925, 0.0596, 0.04482, 0.0337, 0.02534, 0.0596, 0.0596, 0.04482, 0.0337, 0.02534], [0.02859, 0.02859, 0.02859, 0.0215, 0.01617, 0.03802, 0.03802, 0.02859, 0.02859, 0.0215, 0.05056, 0.05056, 0.03802, 0.02859, 0.02859, 0.06724, 0.06724, 0.05056, 0.03802, 0.02859, 0.08941, 0.06724, 0.05056, 0.03802, 0.02859], [0.0596, 0.07925, 0.0596, 0.04482, 0.0337, 0.0596, 0.0596, 0.0596, 0.04482, 0.0337, 0.04482, 0.04482, 0.04482, 0.0337, 0.02534, 0.0337, 0.0337, 0.0337, 0.02534, 0.02534, 0.02534, 0.02534, 0.02534, 0.02534, 0.01906], [0.05242, 0.05242, 0.05242, 0.03942, 0.02965, 0.05242, 0.06971, 0.05242, 0.03942, 0.02965, 0.05242, 0.05242, 0.05242, 0.03942, 0.02965, 0.03942, 0.03942, 0.03942, 0.02965, 0.02229, 0.02965, 0.02965, 0.02965, 0.02229, 0.02229], [0.03803, 0.03803, 0.03803, 0.0286, 0.0215, 0.05057, 0.05057, 0.05057, 0.03803, 0.0286, 0.05057, 0.06724, 0.05057, 0.03803, 0.0286, 0.05057, 0.05057, 0.05057, 0.03803, 0.0286, 0.03803, 0.03803, 0.03803, 0.0286, 0.0215], [0.02965, 0.02965, 0.02965, 0.02229, 0.02229, 0.03942, 0.03942, 0.03942, 0.02965, 0.02229, 0.05242, 0.05242, 0.05242, 0.03942, 0.02965, 0.05242, 0.06971, 0.05242, 0.03942, 0.02965, 0.05242, 0.05242, 0.05242, 0.03942, 0.02965], [0.02534, 0.02534, 0.02534, 0.02534, 0.01906, 0.0337, 0.0337, 0.0337, 0.02534, 0.02534, 0.04482, 0.04482, 0.04482, 0.0337, 0.02534, 0.0596, 0.0596, 0.0596, 0.04482, 0.0337, 0.0596, 0.07925, 0.0596, 0.04482, 0.0337], [0.04322, 0.05748, 0.07643, 0.05748, 0.04322, 0.04322, 0.05748, 0.05748, 0.05748, 0.04322, 0.0325, 0.04322, 0.04322, 0.04322, 0.0325, 0.02444, 0.0325, 0.0325, 0.0325, 0.02444, 0.02444, 0.02444, 0.02444, 0.02444, 0.02444], [0.03803, 0.05057, 0.05057, 0.05057, 0.03803, 0.03803, 0.05057, 0.06724, 0.05057, 0.03803, 0.03803, 0.05057, 0.05057, 0.05057, 0.03803, 0.0286, 0.03803, 0.03803, 0.03803, 0.0286, 0.0215, 0.0286, 0.0286, 0.0286, 0.0215], [0.02743, 0.03648, 0.03648, 0.03648, 0.02743, 0.03648, 0.04851, 0.04851, 0.04851, 0.03648, 0.03648, 0.04851, 0.0645, 0.04851, 0.03648, 0.03648, 0.04851, 0.04851, 0.04851, 0.03648, 0.02743, 0.03648, 0.03648, 0.03648, 0.02743], [0.0215, 0.0286, 0.0286, 0.0286, 0.0215, 0.0286, 0.03803, 0.03803, 0.03803, 0.0286, 0.03803, 0.05057, 0.05057, 0.05057, 0.03803, 0.03803, 0.05057, 0.06724, 0.05057, 0.03803, 0.03803, 0.05057, 0.05057, 0.05057, 0.03803], [0.02444, 0.02444, 0.02444, 0.02444, 0.02444, 0.02444, 0.0325, 0.0325, 0.0325, 0.02444, 0.0325, 0.04322, 0.04322, 0.04322, 0.0325, 0.04322, 0.05748, 0.05748, 0.05748, 0.04322, 0.04322, 0.05748, 0.07643, 0.05748, 0.04322], [0.0337, 0.04482, 0.0596, 0.07925, 0.0596, 0.0337, 0.04482, 0.0596, 0.0596, 0.0596, 0.02534, 0.0337, 0.04482, 0.04482, 0.04482, 0.02534, 0.02534, 0.0337, 0.0337, 0.0337, 0.01906, 0.02534, 0.02534, 0.02534, 0.02534], [0.02965, 0.03942, 0.05242, 0.05242, 0.05242, 0.02965, 0.03942, 0.05242, 0.06971, 0.05242, 0.02965, 0.03942, 0.05242, 0.05242, 0.05242, 0.02229, 0.02965, 0.03942, 0.03942, 0.03942, 0.02229, 0.02229, 0.02965, 0.02965, 0.02965], [0.0215, 0.0286, 0.03803, 0.03803, 0.03803, 0.0286, 0.03803, 0.05057, 0.05057, 0.05057, 0.0286, 0.03803, 0.05057, 0.06724, 0.05057, 0.0286, 0.03803, 0.05057, 0.05057, 0.05057, 0.0215, 0.0286, 0.03803, 0.03803, 0.03803], [0.02229, 0.02229, 0.02965, 0.02965, 0.02965, 0.02229, 0.02965, 0.03942, 0.03942, 0.03942, 0.02965, 0.03942, 0.05242, 0.05242, 0.05242, 0.02965, 0.03942, 0.05242, 0.06971, 0.05242, 0.02965, 0.03942, 0.05242, 0.05242, 0.05242], [0.01906, 0.02534, 0.02534, 0.02534, 0.02534, 0.02534, 0.02534, 0.0337, 0.0337, 0.0337, 0.02534, 0.0337, 0.04482, 0.04482, 0.04482, 0.0337, 0.04482, 0.0596, 0.0596, 0.0596, 0.0337, 0.04482, 0.0596, 0.07925, 0.0596], [0.02859, 0.03802, 0.05056, 0.06724, 0.08941, 0.02859, 0.03802, 0.05056, 0.06724, 0.06724, 0.02859, 0.02859, 0.03802, 0.05056, 0.05056, 0.0215, 0.02859, 0.02859, 0.03802, 0.03802, 0.01617, 0.0215, 0.02859, 0.02859, 0.02859], [0.02534, 0.0337, 0.04482, 0.0596, 0.0596, 0.02534, 0.0337, 0.04482, 0.0596, 0.07925, 0.02534, 0.0337, 0.04482, 0.0596, 0.0596, 0.02534, 0.02534, 0.0337, 0.04482, 0.04482, 0.01906, 0.02534, 0.02534, 0.0337, 0.0337], [0.02444, 0.02444, 0.0325, 0.04322, 0.04322, 0.02444, 0.0325, 0.04322, 0.05748, 0.05748, 0.02444, 0.0325, 0.04322, 0.05748, 0.07643, 0.02444, 0.0325, 0.04322, 0.05748, 0.05748, 0.02444, 0.02444, 0.0325, 0.04322, 0.04322], [0.01906, 0.02534, 0.02534, 0.0337, 0.0337, 0.02534, 0.02534, 0.0337, 0.04482, 0.04482, 0.02534, 0.0337, 0.04482, 0.0596, 0.0596, 0.02534, 0.0337, 0.04482, 0.0596, 0.07925, 0.02534, 0.0337, 0.04482, 0.0596, 0.0596], [0.01617, 0.0215, 0.02859, 0.02859, 0.02859, 0.0215, 0.02859, 0.02859, 0.03802, 0.03802, 0.02859, 0.02859, 0.03802, 0.05056, 0.05056, 0.02859, 0.03802, 0.05056, 0.06724, 0.06724, 0.02859, 0.03802, 0.05056, 0.06724, 0.08941]]