[[0.05101, 0.04708, 0.04346, 0.04012, 0.03704, 0.04708, 0.04708, 0.04346, 0.04012, 0.03704, 0.04346, 0.04346, 0.04012, 0.03704, 0.03704, 0.04012, 0.04012, 0.03704, 0.03704, 0.03419, 0.03704, 0.03704, 0.03704, 0.03419, 0.03156], [0.04536, 0.04536, 0.04188, 0.03866, 0.03568, 0.04914, 0.04536, 0.04188, 0.03866, 0.03568, 0.04536, 0.04536, 0.04188, 0.03866, 0.03568, 0.04188, 0.04188, 0.03866, 0.03568, 0.03568, 0.03866, 0.03866, 0.03568, 0.03568, 0.03294], [0.04137, 0.04137, 0.03819, 0.03526, 0.03526, 0.04482, 0.04482, 0.04137, 0.03819, 0.03526, 0.04855, 0.04482, 0.04137, 0.03819, 0.03526, 0.04482, 0.04482, 0.04137, 0.03819, 0.03526, 0.04137, 0.04137, 0.03819, 0.03526, 0.03526], [0.03866, 0.03866, 0.03568, 0.03568, 0.03294, 0.04188, 0.04188, 0.03866, 0.03568, 0.03568, 0.04536, 0.04536, 0.04188, 0.03866, 0.03568, 0.04914, 0.04536, 0.04188, 0.03866, 0.03568, 0.04536, 0.04536, 0.04188, 0.03866, 0.03568], [0.03704, 0.03704, 0.03704, 0.03419, 0.03156, 0.04012, 0.04012, 0.03704, 0.03704, 0.03419, 0.04346, 0.04346, 0.04012, 0.03704, 0.03704, 0.04708, 0.04708, 0.04346, 0.04012, 0.03704, 0.05101, 0.04708, 0.04346, 0.04012, 0.03704], [0.04536, 0.04914, 0.04536, 0.04188, 0.03866, 0.04536, 0.04536, 0.04536, 0.04188, 0.03866, 0.04188, 0.04188, 0.04188, 0.03866, 0.03568, 0.03866, 0.03866, 0.03866, 0.03568, 0.03568, 0.03568, 0.03568, 0.03568, 0.03568, 0.03294], [0.04358, 0.04358, 0.04358, 0.04023, 0.03714, 0.04358, 0.04721, 0.04358, 0.04023, 0.03714, 0.04358, 0.04358, 0.04358, 0.04023, 0.03714, 0.04023, 0.04023, 0.04023, 0.03714, 0.03428, 0.03714, 0.03714, 0.03714, 0.03428, 0.03428], [0.03975, 0.03975, 0.03975, 0.03669, 0.03387, 0.04306, 0.04306, 0.04306, 0.03975, 0.03669, 0.04306, 0.04664, 0.04306, 0.03975, 0.03669, 0.04306, 0.04306, 0.04306, 0.03975, 0.03669, 0.03975, 0.03975, 0.03975, 0.03669, 0.03387], [0.03714, 0.03714, 0.03714, 0.03428, 0.03428, 0.04023, 0.04023, 0.04023, 0.03714, 0.03428, 0.04358, 0.04358, 0.04358, 0.04023, 0.03714, 0.04358, 0.04721, 0.04358, 0.04023, 0.03714, 0.04358, 0.04358, 0.04358, 0.04023, 0.03714], [0.03568, 0.03568, 0.03568, 0.03568, 0.03294, 0.03866, 0.03866, 0.03866, 0.03568, 0.03568, 0.04188, 0.04188, 0.04188, 0.03866, 0.03568, 0.04536, 0.04536, 0.04536, 0.04188, 0.03866, 0.04536, 0.04914, 0.04536, 0.04188, 0.03866], [0.04137, 0.04482, 0.04855, 0.04482, 0.04137, 0.04137, 0.04482, 0.04482, 0.04482, 0.04137, 0.03819, 0.04137, 0.04137, 0.04137, 0.03819, 0.03526, 0.03819, 0.03819, 0.03819, 0.03526, 0.03526, 0.03526, 0.03526, 0.03526, 0.03526], [0.03975, 0.04306, 0.04306, 0.04306, 0.03975, 0.03975, 0.04306, 0.04664, 0.04306, 0.03975, 0.03975, 0.04306, 0.04306, 0.04306, 0.03975, 0.03669, 0.03975, 0.03975, 0.03975, 0.03669, 0.03387, 0.03669, 0.03669, 0.03669, 0.03387], [0.03615, 0.03917, 0.03917, 0.03917, 0.03615, 0.03917, 0.04243, 0.04243, 0.04243, 0.03917, 0.03917, 0.04243, 0.04596, 0.04243, 0.03917, 0.03917, 0.04243, 0.04243, 0.04243, 0.03917, 0.03615, 0.03917, 0.03917, 0.03917, 0.03615], [0.03387, 0.03669, 0.03669, 0.03669, 0.03387, 0.03669, 0.03975, 0.03975, 0.03975, 0.03669, 0.03975, 0.04306, 0.04306, 0.04306, 0.03975, 0.03975, 0.04306, 0.04664, 0.04306, 0.03975, 0.03975, 0.04306, 0.04306, 0.04306, 0.03975], [0.03526, 0.03526, 0.03526, 0.03526, 0.03526, 0.03526, 0.03819, 0.03819, 0.03819, 0.03526, 0.03819, 0.04137, 0.04137, 0.04137, 0.03819, 0.04137, 0.04482, 0.04482, 0.04482, 0.04137, 0.04137, 0.04482, 0.04855, 0.04482, 0.04137], [0.03866, 0.04188, 0.04536, 0.04914, 0.04536, 0.03866, 0.04188, 0.04536, 0.04536, 0.04536, 0.03568, 0.03866, 0.04188, 0.04188, 0.04188, 0.03568, 0.03568, 0.03866, 0.03866, 0.03866, 0.03294, 0.03568, 0.03568, 0.03568, 0.03568], [0.03714, 0.04023, 0.04358, 0.04358, 0.04358, 0.03714, 0.04023, 0.04358, 0.04721, 0.04358, 0.03714, 0.04023, 0.04358, 0.04358, 0.04358, 0.03428, 0.03714, 0.04023, 0.04023, 0.04023, 0.03428, 0.03428, 0.03714, 0.03714, 0.03714], [0.03387, 0.03669, 0.03975, 0.03975, 0.03975, 0.03669, 0.03975, 0.04306, 0.04306, 0.04306, 0.03669, 0.03975, 0.04306, 0.04664, 0.04306, 0.03669, 0.03975, 0.04306, 0.04306, 0.04306, 0.03387, 0.03669, 0.03975, 0.03975, 0.03975], [0.03428, 0.03428, 0.03714, 0.03714, 0.03714, 0.03428, 0.03714, 0.04023, 0.04023, 0.04023, 0.03714, 0.04023, 0.04358, 0.04358, 0.04358, 0.03714, 0.04023, 0.04358, 0.04721, 0.04358, 0.03714, 0.04023, 0.04358, 0.04358, 0.04358], [0.03294, 0.03568, 0.03568, 0.03568, 0.03568, 0.03568, 0.03568, 0.03866, 0.03866, 0.03866, 0.03568, 0.03866, 0.04188, 0.04188, 0.04188, 0.03866, 0.04188, 0.04536, 0.04536, 0.04536, 0.03866, 0.04188, 0.04536, 0.04914, 0.04536], [0.03704, 0.04012, 0.04346, 0.04708, 0.05101, 0.03704, 0.04012, 0.04346, 0.04708, 0.04708, 0.03704, 0.03704, 0.04012, 0.04346, 0.04346, 0.03419, 0.03704, 0.03704, 0.04012, 0.04012, 0.03156, 0.03419, 0.03704, 0.03704, 0.03704], [0.03568, 0.03866, 0.04188, 0.04536, 0.04536, 0.03568, 0.03866, 0.04188, 0.04536, 0.04914, 0.03568, 0.03866, 0.04188, 0.04536, 0.04536, 0.03568, 0.03568, 0.03866, 0.04188, 0.04188, 0.03294, 0.03568, 0.03568, 0.03866, 0.03866], [0.03526, 0.03526, 0.03819, 0.04137, 0.04137, 0.03526, 0.03819, 0.04137, 0.04482, 0.04482, 0.03526, 0.03819, 0.04137, 0.04482, 0.04855, 0.03526, 0.03819, 0.04137, 0.04482, 0.04482, 0.03526, 0.03526, 0.03819, 0.04137, 0.04137], [0.03294, 0.03568, 0.03568, 0.03866, 0.03866, 0.03568, 0.03568, 0.03866, 0.04188, 0.04188, 0.03568, 0.03866, 0.04188, 0.04536, 0.04536, 0.03568, 0.03866, 0.04188, 0.04536, 0.04914, 0.03568, 0.03866, 0.04188, 0.04536, 0.04536], [0.03156, 0.03419, 0.03704, 0.03704, 0.03704, 0.03419, 0.03704, 0.03704, 0.04012, 0.04012, 0.03704, 0.03704, 0.04012, 0.04346, 0.04346, 0.03704, 0.04012, 0.04346, 0.04708, 0.04708, 0.03704, 0.04012, 0.04346, 0.04708, 0.05101]]