[[0.0412, 0.04081, 0.04042, 0.04004, 0.03966, 0.04081, 0.04081, 0.04042, 0.04004, 0.03966, 0.04042, 0.04042, 0.04004, 0.03966, 0.03966, 0.04004, 0.04004, 0.03966, 0.03966, 0.03929, 0.03966, 0.03966, 0.03966, 0.03929, 0.03892], [0.04063, 0.04101, 0.04063, 0.04024, 0.03986, 0.04063, 0.04063, 0.04063, 0.04024, 0.03986, 0.04024, 0.04024, 0.04024, 0.03986, 0.03948, 0.03986, 0.03986, 0.03986, 0.03948, 0.03948, 0.03948, 0.03948, 0.03948, 0.03948, 0.03911], [0.04018, 0.04056, 0.04095, 0.04056, 0.04018, 0.04018, 0.04056, 0.04056, 0.04056, 0.04018, 0.0398, 0.04018, 0.04018, 0.04018, 0.0398, 0.03942, 0.0398, 0.0398, 0.0398, 0.03942, 0.03942, 0.03942, 0.03942, 0.03942, 0.03942], [0.03986, 0.04024, 0.04063, 0.04101, 0.04063, 0.03986, 0.04024, 0.04063, 0.04063, 0.04063, 0.03948, 0.03986, 0.04024, 0.04024, 0.04024, 0.03948, 0.03948, 0.03986, 0.03986, 0.03986, 0.03911, 0.03948, 0.03948, 0.03948, 0.03948], [0.03966, 0.04004, 0.04042, 0.04081, 0.0412, 0.03966, 0.04004, 0.04042, 0.04081, 0.04081, 0.03966, 0.03966, 0.04004, 0.04042, 0.04042, 0.03929, 0.03966, 0.03966, 0.04004, 0.04004, 0.03892, 0.03929, 0.03966, 0.03966, 0.03966], [0.04063, 0.04063, 0.04024, 0.03986, 0.03948, 0.04101, 0.04063, 0.04024, 0.03986, 0.03948, 0.04063, 0.04063, 0.04024, 0.03986, 0.03948, 0.04024, 0.04024, 0.03986, 0.03948, 0.03948, 0.03986, 0.03986, 0.03948, 0.03948, 0.03911], [0.04043, 0.04043, 0.04043, 0.04004, 0.03966, 0.04043, 0.04081, 0.04043, 0.04004, 0.03966, 0.04043, 0.04043, 0.04043, 0.04004, 0.03966, 0.04004, 0.04004, 0.04004, 0.03966, 0.03929, 0.03966, 0.03966, 0.03966, 0.03929, 0.03929], [0.03998, 0.04036, 0.04036, 0.04036, 0.03998, 0.03998, 0.04036, 0.04075, 0.04036, 0.03998, 0.03998, 0.04036, 0.04036, 0.04036, 0.03998, 0.0396, 0.03998, 0.03998, 0.03998, 0.0396, 0.03923, 0.0396, 0.0396, 0.0396, 0.03923], [0.03966, 0.04004, 0.04043, 0.04043, 0.04043, 0.03966, 0.04004, 0.04043, 0.04081, 0.04043, 0.03966, 0.04004, 0.04043, 0.04043, 0.04043, 0.03929, 0.03966, 0.04004, 0.04004, 0.04004, 0.03929, 0.03929, 0.03966, 0.03966, 0.03966], [0.03948, 0.03986, 0.04024, 0.04063, 0.04063, 0.03948, 0.03986, 0.04024, 0.04063, 0.04101, 0.03948, 0.03986, 0.04024, 0.04063, 0.04063, 0.03948, 0.03948, 0.03986, 0.04024, 0.04024, 0.03911, 0.03948, 0.03948, 0.03986, 0.03986], [0.04018, 0.04018, 0.0398, 0.03942, 0.03942, 0.04056, 0.04056, 0.04018, 0.0398, 0.03942, 0.04095, 0.04056, 0.04018, 0.0398, 0.03942, 0.04056, 0.04056, 0.04018, 0.0398, 0.03942, 0.04018, 0.04018, 0.0398, 0.03942, 0.03942], [0.03998, 0.03998, 0.03998, 0.0396, 0.03923, 0.04036, 0.04036, 0.04036, 0.03998, 0.0396, 0.04036, 0.04075, 0.04036, 0.03998, 0.0396, 0.04036, 0.04036, 0.04036, 0.03998, 0.0396, 0.03998, 0.03998, 0.03998, 0.0396, 0.03923], [0.03953, 0.03991, 0.03991, 0.03991, 0.03953, 0.03991, 0.04029, 0.04029, 0.04029, 0.03991, 0.03991, 0.04029, 0.04067, 0.04029, 0.03991, 0.03991, 0.04029, 0.04029, 0.04029, 0.03991, 0.03953, 0.03991, 0.03991, 0.03991, 0.03953], [0.03923, 0.0396, 0.03998, 0.03998, 0.03998, 0.0396, 0.03998, 0.04036, 0.04036, 0.04036, 0.0396, 0.03998, 0.04036, 0.04075, 0.04036, 0.0396, 0.03998, 0.04036, 0.04036, 0.04036, 0.03923, 0.0396, 0.03998, 0.03998, 0.03998], [0.03942, 0.03942, 0.0398, 0.04018, 0.04018, 0.03942, 0.0398, 0.04018, 0.04056, 0.04056, 0.03942, 0.0398, 0.04018, 0.04056, 0.04095, 0.03942, 0.0398, 0.04018, 0.04056, 0.04056, 0.03942, 0.03942, 0.0398, 0.04018, 0.04018], [0.03986, 0.03986, 0.03948, 0.03948, 0.03911, 0.04024, 0.04024, 0.03986, 0.03948, 0.03948, 0.04063, 0.04063, 0.04024, 0.03986, 0.03948, 0.04101, 0.04063, 0.04024, 0.03986, 0.03948, 0.04063, 0.04063, 0.04024, 0.03986, 0.03948], [0.03966, 0.03966, 0.03966, 0.03929, 0.03929, 0.04004, 0.04004, 0.04004, 0.03966, 0.03929, 0.04043, 0.04043, 0.04043, 0.04004, 0.03966, 0.04043, 0.04081, 0.04043, 0.04004, 0.03966, 0.04043, 0.04043, 0.04043, 0.04004, 0.03966], [0.03923, 0.0396, 0.0396, 0.0396, 0.03923, 0.0396, 0.03998, 0.03998, 0.03998, 0.0396, 0.03998, 0.04036, 0.04036, 0.04036, 0.03998, 0.03998, 0.04036, 0.04075, 0.04036, 0.03998, 0.03998, 0.04036, 0.04036, 0.04036, 0.03998], [0.03929, 0.03929, 0.03966, 0.03966, 0.03966, 0.03929, 0.03966, 0.04004, 0.04004, 0.04004, 0.03966, 0.04004, 0.04043, 0.04043, 0.04043, 0.03966, 0.04004, 0.04043, 0.04081, 0.04043, 0.03966, 0.04004, 0.04043, 0.04043, 0.04043], [0.03911, 0.03948, 0.03948, 0.03986, 0.03986, 0.03948, 0.03948, 0.03986, 0.04024, 0.04024, 0.03948, 0.03986, 0.04024, 0.04063, 0.04063, 0.03948, 0.03986, 0.04024, 0.04063, 0.04101, 0.03948, 0.03986, 0.04024, 0.04063, 0.04063], [0.03966, 0.03966, 0.03966, 0.03929, 0.03892, 0.04004, 0.04004, 0.03966, 0.03966, 0.03929, 0.04042, 0.04042, 0.04004, 0.03966, 0.03966, 0.04081, 0.04081, 0.04042, 0.04004, 0.03966, 0.0412, 0.04081, 0.04042, 0.04004, 0.03966], [0.03948, 0.03948, 0.03948, 0.03948, 0.03911, 0.03986, 0.03986, 0.03986, 0.03948, 0.03948, 0.04024, 0.04024, 0.04024, 0.03986, 0.03948, 0.04063, 0.04063, 0.04063, 0.04024, 0.03986, 0.04063, 0.04101, 0.04063, 0.04024, 0.03986], [0.03942, 0.03942, 0.03942, 0.03942, 0.03942, 0.03942, 0.0398, 0.0398, 0.0398, 0.03942, 0.0398, 0.04018, 0.04018, 0.04018, 0.0398, 0.04018, 0.04056, 0.04056, 0.04056, 0.04018, 0.04018, 0.04056, 0.04095, 0.04056, 0.04018], [0.03911, 0.03948, 0.03948, 0.03948, 0.03948, 0.03948, 0.03948, 0.03986, 0.03986, 0.03986, 0.03948, 0.03986, 0.04024, 0.04024, 0.04024, 0.03986, 0.04024, 0.04063, 0.04063, 0.04063, 0.03986, 0.04024, 0.04063, 0.04101, 0.04063], [0.03892, 0.03929, 0.03966, 0.03966, 0.03966, 0.03929, 0.03966, 0.03966, 0.04004, 0.04004, 0.03966, 0.03966, 0.04004, 0.04042, 0.04042, 0.03966, 0.04004, 0.04042, 0.04081, 0.04081, 0.03966, 0.04004, 0.04042, 0.04081, 0.0412]]