[[0.04388, 0.04259, 0.04133, 0.04011, 0.03892, 0.04259, 0.04259, 0.04133, 0.04011, 0.03892, 0.04133, 0.04133, 0.04011, 0.03892, 0.03892, 0.04011, 0.04011, 0.03892, 0.03892, 0.03777, 0.03892, 0.03892, 0.03892, 0.03777, 0.03666], [0.04199, 0.04199, 0.04074, 0.03954, 0.03837, 0.04326, 0.04199, 0.04074, 0.03954, 0.03837, 0.04199, 0.04199, 0.04074, 0.03954, 0.03837, 0.04074, 0.04074, 0.03954, 0.03837, 0.03837, 0.03954, 0.03954, 0.03837, 0.03837, 0.03724], [0.04055, 0.04055, 0.03936, 0.03819, 0.03819, 0.04179, 0.04179, 0.04055, 0.03936, 0.03819, 0.04306, 0.04179, 0.04055, 0.03936, 0.03819, 0.04179, 0.04179, 0.04055, 0.03936, 0.03819, 0.04055, 0.04055, 0.03936, 0.03819, 0.03819], [0.03954, 0.03954, 0.03837, 0.03837, 0.03724, 0.04074, 0.04074, 0.03954, 0.03837, 0.03837, 0.04199, 0.04199, 0.04074, 0.03954, 0.03837, 0.04326, 0.04199, 0.04074, 0.03954, 0.03837, 0.04199, 0.04199, 0.04074, 0.03954, 0.03837], [0.03892, 0.03892, 0.03892, 0.03777, 0.03666, 0.04011, 0.04011, 0.03892, 0.03892, 0.03777, 0.04133, 0.04133, 0.04011, 0.03892, 0.03892, 0.04259, 0.04259, 0.04133, 0.04011, 0.03892, 0.04388, 0.04259, 0.04133, 0.04011, 0.03892], [0.04199, 0.04326, 0.04199, 0.04074, 0.03954, 0.04199, 0.04199, 0.04199, 0.04074, 0.03954, 0.04074, 0.04074, 0.04074, 0.03954, 0.03837, 0.03954, 0.03954, 0.03954, 0.03837, 0.03837, 0.03837, 0.03837, 0.03837, 0.03837, 0.03724], [0.04134, 0.04134, 0.04134, 0.04012, 0.03894, 0.04134, 0.0426, 0.04134, 0.04012, 0.03894, 0.04134, 0.04134, 0.04134, 0.04012, 0.03894, 0.04012, 0.04012, 0.04012, 0.03894, 0.03779, 0.03894, 0.03894, 0.03894, 0.03779, 0.03779], [0.03993, 0.03993, 0.03993, 0.03875, 0.03761, 0.04115, 0.04115, 0.04115, 0.03993, 0.03875, 0.04115, 0.0424, 0.04115, 0.03993, 0.03875, 0.04115, 0.04115, 0.04115, 0.03993, 0.03875, 0.03993, 0.03993, 0.03993, 0.03875, 0.03761], [0.03894, 0.03894, 0.03894, 0.03779, 0.03779, 0.04012, 0.04012, 0.04012, 0.03894, 0.03779, 0.04134, 0.04134, 0.04134, 0.04012, 0.03894, 0.04134, 0.0426, 0.04134, 0.04012, 0.03894, 0.04134, 0.04134, 0.04134, 0.04012, 0.03894], [0.03837, 0.03837, 0.03837, 0.03837, 0.03724, 0.03954, 0.03954, 0.03954, 0.03837, 0.03837, 0.04074, 0.04074, 0.04074, 0.03954, 0.03837, 0.04199, 0.04199, 0.04199, 0.04074, 0.03954, 0.04199, 0.04326, 0.04199, 0.04074, 0.03954], [0.04055, 0.04179, 0.04306, 0.04179, 0.04055, 0.04055, 0.04179, 0.04179, 0.04179, 0.04055, 0.03936, 0.04055, 0.04055, 0.04055, 0.03936, 0.03819, 0.03936, 0.03936, 0.03936, 0.03819, 0.03819, 0.03819, 0.03819, 0.03819, 0.03819], [0.03993, 0.04115, 0.04115, 0.04115, 0.03993, 0.03993, 0.04115, 0.0424, 0.04115, 0.03993, 0.03993, 0.04115, 0.04115, 0.04115, 0.03993, 0.03875, 0.03993, 0.03993, 0.03993, 0.03875, 0.03761, 0.03875, 0.03875, 0.03875, 0.03761], [0.03853, 0.0397, 0.0397, 0.0397, 0.03853, 0.0397, 0.04091, 0.04091, 0.04091, 0.0397, 0.0397, 0.04091, 0.04216, 0.04091, 0.0397, 0.0397, 0.04091, 0.04091, 0.04091, 0.0397, 0.03853, 0.0397, 0.0397, 0.0397, 0.03853], [0.03761, 0.03875, 0.03875, 0.03875, 0.03761, 0.03875, 0.03993, 0.03993, 0.03993, 0.03875, 0.03993, 0.04115, 0.04115, 0.04115, 0.03993, 0.03993, 0.04115, 0.0424, 0.04115, 0.03993, 0.03993, 0.04115, 0.04115, 0.04115, 0.03993], [0.03819, 0.03819, 0.03819, 0.03819, 0.03819, 0.03819, 0.03936, 0.03936, 0.03936, 0.03819, 0.03936, 0.04055, 0.04055, 0.04055, 0.03936, 0.04055, 0.04179, 0.04179, 0.04179, 0.04055, 0.04055, 0.04179, 0.04306, 0.04179, 0.04055], [0.03954, 0.04074, 0.04199, 0.04326, 0.04199, 0.03954, 0.04074, 0.04199, 0.04199, 0.04199, 0.03837, 0.03954, 0.04074, 0.04074, 0.04074, 0.03837, 0.03837, 0.03954, 0.03954, 0.03954, 0.03724, 0.03837, 0.03837, 0.03837, 0.03837], [0.03894, 0.04012, 0.04134, 0.04134, 0.04134, 0.03894, 0.04012, 0.04134, 0.0426, 0.04134, 0.03894, 0.04012, 0.04134, 0.04134, 0.04134, 0.03779, 0.03894, 0.04012, 0.04012, 0.04012, 0.03779, 0.03779, 0.03894, 0.03894, 0.03894], [0.03761, 0.03875, 0.03993, 0.03993, 0.03993, 0.03875, 0.03993, 0.04115, 0.04115, 0.04115, 0.03875, 0.03993, 0.04115, 0.0424, 0.04115, 0.03875, 0.03993, 0.04115, 0.04115, 0.04115, 0.03761, 0.03875, 0.03993, 0.03993, 0.03993], [0.03779, 0.03779, 0.03894, 0.03894, 0.03894, 0.03779, 0.03894, 0.04012, 0.04012, 0.04012, 0.03894, 0.04012, 0.04134, 0.04134, 0.04134, 0.03894, 0.04012, 0.04134, 0.0426, 0.04134, 0.03894, 0.04012, 0.04134, 0.04134, 0.04134], [0.03724, 0.03837, 0.03837, 0.03837, 0.03837, 0.03837, 0.03837, 0.03954, 0.03954, 0.03954, 0.03837, 0.03954, 0.04074, 0.04074, 0.04074, 0.03954, 0.04074, 0.04199, 0.04199, 0.04199, 0.03954, 0.04074, 0.04199, 0.04326, 0.04199], [0.03892, 0.04011, 0.04133, 0.04259, 0.04388, 0.03892, 0.04011, 0.04133, 0.04259, 0.04259, 0.03892, 0.03892, 0.04011, 0.04133, 0.04133, 0.03777, 0.03892, 0.03892, 0.04011, 0.04011, 0.03666, 0.03777, 0.03892, 0.03892, 0.03892], [0.03837, 0.03954, 0.04074, 0.04199, 0.04199, 0.03837, 0.03954, 0.04074, 0.04199, 0.04326, 0.03837, 0.03954, 0.04074, 0.04199, 0.04199, 0.03837, 0.03837, 0.03954, 0.04074, 0.04074, 0.03724, 0.03837, 0.03837, 0.03954, 0.03954], [0.03819, 0.03819, 0.03936, 0.04055, 0.04055, 0.03819, 0.03936, 0.04055, 0.04179, 0.04179, 0.03819, 0.03936, 0.04055, 0.04179, 0.04306, 0.03819, 0.03936, 0.04055, 0.04179, 0.04179, 0.03819, 0.03819, 0.03936, 0.04055, 0.04055], [0.03724, 0.03837, 0.03837, 0.03954, 0.03954, 0.03837, 0.03837, 0.03954, 0.04074, 0.04074, 0.03837, 0.03954, 0.04074, 0.04199, 0.04199, 0.03837, 0.03954, 0.04074, 0.04199, 0.04326, 0.03837, 0.03954, 0.04074, 0.04199, 0.04199], [0.03666, 0.03777, 0.03892, 0.03892, 0.03892, 0.03777, 0.03892, 0.03892, 0.04011, 0.04011, 0.03892, 0.03892, 0.04011, 0.04133, 0.04133, 0.03892, 0.04011, 0.04133, 0.04259, 0.04259, 0.03892, 0.04011, 0.04133, 0.04259, 0.04388]]