[[0.05409, 0.04894, 0.04428, 0.04007, 0.03626, 0.04894, 0.04894, 0.04428, 0.04007, 0.03626, 0.04428, 0.04428, 0.04007, 0.03626, 0.03626, 0.04007, 0.04007, 0.03626, 0.03626, 0.03281, 0.03626, 0.03626, 0.03626, 0.03281, 0.02968], [0.04673, 0.04673, 0.04229, 0.03826, 0.03462, 0.05165, 0.04673, 0.04229, 0.03826, 0.03462, 0.04673, 0.04673, 0.04229, 0.03826, 0.03462, 0.04229, 0.04229, 0.03826, 0.03462, 0.03462, 0.03826, 0.03826, 0.03462, 0.03462, 0.03133], [0.04166, 0.04166, 0.0377, 0.03411, 0.03411, 0.04604, 0.04604, 0.04166, 0.0377, 0.03411, 0.05089, 0.04604, 0.04166, 0.0377, 0.03411, 0.04604, 0.04604, 0.04166, 0.0377, 0.03411, 0.04166, 0.04166, 0.0377, 0.03411, 0.03411], [0.03826, 0.03826, 0.03462, 0.03462, 0.03133, 0.04229, 0.04229, 0.03826, 0.03462, 0.03462, 0.04673, 0.04673, 0.04229, 0.03826, 0.03462, 0.05165, 0.04673, 0.04229, 0.03826, 0.03462, 0.04673, 0.04673, 0.04229, 0.03826, 0.03462], [0.03626, 0.03626, 0.03626, 0.03281, 0.02968, 0.04007, 0.04007, 0.03626, 0.03626, 0.03281, 0.04428, 0.04428, 0.04007, 0.03626, 0.03626, 0.04894, 0.04894, 0.04428, 0.04007, 0.03626, 0.05409, 0.04894, 0.04428, 0.04007, 0.03626], [0.04673, 0.05165, 0.04673, 0.04229, 0.03826, 0.04673, 0.04673, 0.04673, 0.04229, 0.03826, 0.04229, 0.04229, 0.04229, 0.03826, 0.03462, 0.03826, 0.03826, 0.03826, 0.03462, 0.03462, 0.03462, 0.03462, 0.03462, 0.03462, 0.03133], [0.04447, 0.04447, 0.04447, 0.04024, 0.03641, 0.04447, 0.04915, 0.04447, 0.04024, 0.03641, 0.04447, 0.04447, 0.04447, 0.04024, 0.03641, 0.04024, 0.04024, 0.04024, 0.03641, 0.03294, 0.03641, 0.03641, 0.03641, 0.03294, 0.03294], [0.03964, 0.03964, 0.03964, 0.03587, 0.03246, 0.04381, 0.04381, 0.04381, 0.03964, 0.03587, 0.04381, 0.04842, 0.04381, 0.03964, 0.03587, 0.04381, 0.04381, 0.04381, 0.03964, 0.03587, 0.03964, 0.03964, 0.03964, 0.03587, 0.03246], [0.03641, 0.03641, 0.03641, 0.03294, 0.03294, 0.04024, 0.04024, 0.04024, 0.03641, 0.03294, 0.04447, 0.04447, 0.04447, 0.04024, 0.03641, 0.04447, 0.04915, 0.04447, 0.04024, 0.03641, 0.04447, 0.04447, 0.04447, 0.04024, 0.03641], [0.03462, 0.03462, 0.03462, 0.03462, 0.03133, 0.03826, 0.03826, 0.03826, 0.03462, 0.03462, 0.04229, 0.04229, 0.04229, 0.03826, 0.03462, 0.04673, 0.04673, 0.04673, 0.04229, 0.03826, 0.04673, 0.05165, 0.04673, 0.04229, 0.03826], [0.04166, 0.04604, 0.05089, 0.04604, 0.04166, 0.04166, 0.04604, 0.04604, 0.04604, 0.04166, 0.0377, 0.04166, 0.04166, 0.04166, 0.0377, 0.03411, 0.0377, 0.0377, 0.0377, 0.03411, 0.03411, 0.03411, 0.03411, 0.03411, 0.03411], [0.03964, 0.04381, 0.04381, 0.04381, 0.03964, 0.03964, 0.04381, 0.04842, 0.04381, 0.03964, 0.03964, 0.04381, 0.04381, 0.04381, 0.03964, 0.03587, 0.03964, 0.03964, 0.03964, 0.03587, 0.03246, 0.03587, 0.03587, 0.03587, 0.03246], [0.03523, 0.03894, 0.03894, 0.03894, 0.03523, 0.03894, 0.04303, 0.04303, 0.04303, 0.03894, 0.03894, 0.04303, 0.04756, 0.04303, 0.03894, 0.03894, 0.04303, 0.04303, 0.04303, 0.03894, 0.03523, 0.03894, 0.03894, 0.03894, 0.03523], [0.03246, 0.03587, 0.03587, 0.03587, 0.03246, 0.03587, 0.03964, 0.03964, 0.03964, 0.03587, 0.03964, 0.04381, 0.04381, 0.04381, 0.03964, 0.03964, 0.04381, 0.04842, 0.04381, 0.03964, 0.03964, 0.04381, 0.04381, 0.04381, 0.03964], [0.03411, 0.03411, 0.03411, 0.03411, 0.03411, 0.03411, 0.0377, 0.0377, 0.0377, 0.03411, 0.0377, 0.04166, 0.04166, 0.04166, 0.0377, 0.04166, 0.04604, 0.04604, 0.04604, 0.04166, 0.04166, 0.04604, 0.05089, 0.04604, 0.04166], [0.03826, 0.04229, 0.04673, 0.05165, 0.04673, 0.03826, 0.04229, 0.04673, 0.04673, 0.04673, 0.03462, 0.03826, 0.04229, 0.04229, 0.04229, 0.03462, 0.03462, 0.03826, 0.03826, 0.03826, 0.03133, 0.03462, 0.03462, 0.03462, 0.03462], [0.03641, 0.04024, 0.04447, 0.04447, 0.04447, 0.03641, 0.04024, 0.04447, 0.04915, 0.04447, 0.03641, 0.04024, 0.04447, 0.04447, 0.04447, 0.03294, 0.03641, 0.04024, 0.04024, 0.04024, 0.03294, 0.03294, 0.03641, 0.03641, 0.03641], [0.03246, 0.03587, 0.03964, 0.03964, 0.03964, 0.03587, 0.03964, 0.04381, 0.04381, 0.04381, 0.03587, 0.03964, 0.04381, 0.04842, 0.04381, 0.03587, 0.03964, 0.04381, 0.04381, 0.04381, 0.03246, 0.03587, 0.03964, 0.03964, 0.03964], [0.03294, 0.03294, 0.03641, 0.03641, 0.03641, 0.03294, 0.03641, 0.04024, 0.04024, 0.04024, 0.03641, 0.04024, 0.04447, 0.04447, 0.04447, 0.03641, 0.04024, 0.04447, 0.04915, 0.04447, 0.03641, 0.04024, 0.04447, 0.04447, 0.04447], [0.03133, 0.03462, 0.03462, 0.03462, 0.03462, 0.03462, 0.03462, 0.03826, 0.03826, 0.03826, 0.03462, 0.03826, 0.04229, 0.04229, 0.04229, 0.03826, 0.04229, 0.04673, 0.04673, 0.04673, 0.03826, 0.04229, 0.04673, 0.05165, 0.04673], [0.03626, 0.04007, 0.04428, 0.04894, 0.05409, 0.03626, 0.04007, 0.04428, 0.04894, 0.04894, 0.03626, 0.03626, 0.04007, 0.04428, 0.04428, 0.03281, 0.03626, 0.03626, 0.04007, 0.04007, 0.02968, 0.03281, 0.03626, 0.03626, 0.03626], [0.03462, 0.03826, 0.04229, 0.04673, 0.04673, 0.03462, 0.03826, 0.04229, 0.04673, 0.05165, 0.03462, 0.03826, 0.04229, 0.04673, 0.04673, 0.03462, 0.03462, 0.03826, 0.04229, 0.04229, 0.03133, 0.03462, 0.03462, 0.03826, 0.03826], [0.03411, 0.03411, 0.0377, 0.04166, 0.04166, 0.03411, 0.0377, 0.04166, 0.04604, 0.04604, 0.03411, 0.0377, 0.04166, 0.04604, 0.05089, 0.03411, 0.0377, 0.04166, 0.04604, 0.04604, 0.03411, 0.03411, 0.0377, 0.04166, 0.04166], [0.03133, 0.03462, 0.03462, 0.03826, 0.03826, 0.03462, 0.03462, 0.03826, 0.04229, 0.04229, 0.03462, 0.03826, 0.04229, 0.04673, 0.04673, 0.03462, 0.03826, 0.04229, 0.04673, 0.05165, 0.03462, 0.03826, 0.04229, 0.04673, 0.04673], [0.02968, 0.03281, 0.03626, 0.03626, 0.03626, 0.03281, 0.03626, 0.03626, 0.04007, 0.04007, 0.03626, 0.03626, 0.04007, 0.04428, 0.04428, 0.03626, 0.04007, 0.04428, 0.04894, 0.04894, 0.03626, 0.04007, 0.04428, 0.04894, 0.05409]]