[[0.04038, 0.04025, 0.04013, 0.04001, 0.03989, 0.04025, 0.04025, 0.04013, 0.04001, 0.03989, 0.04013, 0.04013, 0.04001, 0.03989, 0.03989, 0.04001, 0.04001, 0.03989, 0.03989, 0.03977, 0.03989, 0.03989, 0.03989, 0.03977, 0.03966], [0.0402, 0.04032, 0.0402, 0.04008, 0.03996, 0.0402, 0.0402, 0.0402, 0.04008, 0.03996, 0.04008, 0.04008, 0.04008, 0.03996, 0.03984, 0.03996, 0.03996, 0.03996, 0.03984, 0.03984, 0.03984, 0.03984, 0.03984, 0.03984, 0.03972], [0.04006, 0.04018, 0.0403, 0.04018, 0.04006, 0.04006, 0.04018, 0.04018, 0.04018, 0.04006, 0.03994, 0.04006, 0.04006, 0.04006, 0.03994, 0.03982, 0.03994, 0.03994, 0.03994, 0.03982, 0.03982, 0.03982, 0.03982, 0.03982, 0.03982], [0.03996, 0.04008, 0.0402, 0.04032, 0.0402, 0.03996, 0.04008, 0.0402, 0.0402, 0.0402, 0.03984, 0.03996, 0.04008, 0.04008, 0.04008, 0.03984, 0.03984, 0.03996, 0.03996, 0.03996, 0.03972, 0.03984, 0.03984, 0.03984, 0.03984], [0.03989, 0.04001, 0.04013, 0.04025, 0.04038, 0.03989, 0.04001, 0.04013, 0.04025, 0.04025, 0.03989, 0.03989, 0.04001, 0.04013, 0.04013, 0.03977, 0.03989, 0.03989, 0.04001, 0.04001, 0.03966, 0.03977, 0.03989, 0.03989, 0.03989], [0.0402, 0.0402, 0.04008, 0.03996, 0.03984, 0.04032, 0.0402, 0.04008, 0.03996, 0.03984, 0.0402, 0.0402, 0.04008, 0.03996, 0.03984, 0.04008, 0.04008, 0.03996, 0.03984, 0.03984, 0.03996, 0.03996, 0.03984, 0.03984, 0.03972], [0.04013, 0.04013, 0.04013, 0.04001, 0.03989, 0.04013, 0.04025, 0.04013, 0.04001, 0.03989, 0.04013, 0.04013, 0.04013, 0.04001, 0.03989, 0.04001, 0.04001, 0.04001, 0.03989, 0.03977, 0.03989, 0.03989, 0.03989, 0.03977, 0.03977], [0.04, 0.04012, 0.04012, 0.04012, 0.04, 0.04, 0.04012, 0.04024, 0.04012, 0.04, 0.04, 0.04012, 0.04012, 0.04012, 0.04, 0.03988, 0.04, 0.04, 0.04, 0.03988, 0.03976, 0.03988, 0.03988, 0.03988, 0.03976], [0.03989, 0.04001, 0.04013, 0.04013, 0.04013, 0.03989, 0.04001, 0.04013, 0.04025, 0.04013, 0.03989, 0.04001, 0.04013, 0.04013, 0.04013, 0.03977, 0.03989, 0.04001, 0.04001, 0.04001, 0.03977, 0.03977, 0.03989, 0.03989, 0.03989], [0.03984, 0.03996, 0.04008, 0.0402, 0.0402, 0.03984, 0.03996, 0.04008, 0.0402, 0.04032, 0.03984, 0.03996, 0.04008, 0.0402, 0.0402, 0.03984, 0.03984, 0.03996, 0.04008, 0.04008, 0.03972, 0.03984, 0.03984, 0.03996, 0.03996], [0.04006, 0.04006, 0.03994, 0.03982, 0.03982, 0.04018, 0.04018, 0.04006, 0.03994, 0.03982, 0.0403, 0.04018, 0.04006, 0.03994, 0.03982, 0.04018, 0.04018, 0.04006, 0.03994, 0.03982, 0.04006, 0.04006, 0.03994, 0.03982, 0.03982], [0.04, 0.04, 0.04, 0.03988, 0.03976, 0.04012, 0.04012, 0.04012, 0.04, 0.03988, 0.04012, 0.04024, 0.04012, 0.04, 0.03988, 0.04012, 0.04012, 0.04012, 0.04, 0.03988, 0.04, 0.04, 0.04, 0.03988, 0.03976], [0.03985, 0.03997, 0.03997, 0.03997, 0.03985, 0.03997, 0.04009, 0.04009, 0.04009, 0.03997, 0.03997, 0.04009, 0.04021, 0.04009, 0.03997, 0.03997, 0.04009, 0.04009, 0.04009, 0.03997, 0.03985, 0.03997, 0.03997, 0.03997, 0.03985], [0.03976, 0.03988, 0.04, 0.04, 0.04, 0.03988, 0.04, 0.04012, 0.04012, 0.04012, 0.03988, 0.04, 0.04012, 0.04024, 0.04012, 0.03988, 0.04, 0.04012, 0.04012, 0.04012, 0.03976, 0.03988, 0.04, 0.04, 0.04], [0.03982, 0.03982, 0.03994, 0.04006, 0.04006, 0.03982, 0.03994, 0.04006, 0.04018, 0.04018, 0.03982, 0.03994, 0.04006, 0.04018, 0.0403, 0.03982, 0.03994, 0.04006, 0.04018, 0.04018, 0.03982, 0.03982, 0.03994, 0.04006, 0.04006], [0.03996, 0.03996, 0.03984, 0.03984, 0.03972, 0.04008, 0.04008, 0.03996, 0.03984, 0.03984, 0.0402, 0.0402, 0.04008, 0.03996, 0.03984, 0.04032, 0.0402, 0.04008, 0.03996, 0.03984, 0.0402, 0.0402, 0.04008, 0.03996, 0.03984], [0.03989, 0.03989, 0.03989, 0.03977, 0.03977, 0.04001, 0.04001, 0.04001, 0.03989, 0.03977, 0.04013, 0.04013, 0.04013, 0.04001, 0.03989, 0.04013, 0.04025, 0.04013, 0.04001, 0.03989, 0.04013, 0.04013, 0.04013, 0.04001, 0.03989], [0.03976, 0.03988, 0.03988, 0.03988, 0.03976, 0.03988, 0.04, 0.04, 0.04, 0.03988, 0.04, 0.04012, 0.04012, 0.04012, 0.04, 0.04, 0.04012, 0.04024, 0.04012, 0.04, 0.04, 0.04012, 0.04012, 0.04012, 0.04], [0.03977, 0.03977, 0.03989, 0.03989, 0.03989, 0.03977, 0.03989, 0.04001, 0.04001, 0.04001, 0.03989, 0.04001, 0.04013, 0.04013, 0.04013, 0.03989, 0.04001, 0.04013, 0.04025, 0.04013, 0.03989, 0.04001, 0.04013, 0.04013, 0.04013], [0.03972, 0.03984, 0.03984, 0.03996, 0.03996, 0.03984, 0.03984, 0.03996, 0.04008, 0.04008, 0.03984, 0.03996, 0.04008, 0.0402, 0.0402, 0.03984, 0.03996, 0.04008, 0.0402, 0.04032, 0.03984, 0.03996, 0.04008, 0.0402, 0.0402], [0.03989, 0.03989, 0.03989, 0.03977, 0.03966, 0.04001, 0.04001, 0.03989, 0.03989, 0.03977, 0.04013, 0.04013, 0.04001, 0.03989, 0.03989, 0.04025, 0.04025, 0.04013, 0.04001, 0.03989, 0.04038, 0.04025, 0.04013, 0.04001, 0.03989], [0.03984, 0.03984, 0.03984, 0.03984, 0.03972, 0.03996, 0.03996, 0.03996, 0.03984, 0.03984, 0.04008, 0.04008, 0.04008, 0.03996, 0.03984, 0.0402, 0.0402, 0.0402, 0.04008, 0.03996, 0.0402, 0.04032, 0.0402, 0.04008, 0.03996], [0.03982, 0.03982, 0.03982, 0.03982, 0.03982, 0.03982, 0.03994, 0.03994, 0.03994, 0.03982, 0.03994, 0.04006, 0.04006, 0.04006, 0.03994, 0.04006, 0.04018, 0.04018, 0.04018, 0.04006, 0.04006, 0.04018, 0.0403, 0.04018, 0.04006], [0.03972, 0.03984, 0.03984, 0.03984, 0.03984, 0.03984, 0.03984, 0.03996, 0.03996, 0.03996, 0.03984, 0.03996, 0.04008, 0.04008, 0.04008, 0.03996, 0.04008, 0.0402, 0.0402, 0.0402, 0.03996, 0.04008, 0.0402, 0.04032, 0.0402], [0.03966, 0.03977, 0.03989, 0.03989, 0.03989, 0.03977, 0.03989, 0.03989, 0.04001, 0.04001, 0.03989, 0.03989, 0.04001, 0.04013, 0.04013, 0.03989, 0.04001, 0.04013, 0.04025, 0.04025, 0.03989, 0.04001, 0.04013, 0.04025, 0.04038]]