[[0.09168, 0.06826, 0.05082, 0.03784, 0.02817, 0.06826, 0.06826, 0.05082, 0.03784, 0.02817, 0.05082, 0.05082, 0.03784, 0.02817, 0.02817, 0.03784, 0.03784, 0.02817, 0.02817, 0.02097, 0.02817, 0.02817, 0.02817, 0.02097, 0.01562], [0.06028, 0.06028, 0.04488, 0.03342, 0.02488, 0.08097, 0.06028, 0.04488, 0.03342, 0.02488, 0.06028, 0.06028, 0.04488, 0.03342, 0.02488, 0.04488, 0.04488, 0.03342, 0.02488, 0.02488, 0.03342, 0.03342, 0.02488, 0.02488, 0.01852], [0.04325, 0.04325, 0.0322, 0.02397, 0.02397, 0.05809, 0.05809, 0.04325, 0.0322, 0.02397, 0.07802, 0.05809, 0.04325, 0.0322, 0.02397, 0.05809, 0.05809, 0.04325, 0.0322, 0.02397, 0.04325, 0.04325, 0.0322, 0.02397, 0.02397], [0.03342, 0.03342, 0.02488, 0.02488, 0.01852, 0.04488, 0.04488, 0.03342, 0.02488, 0.02488, 0.06028, 0.06028, 0.04488, 0.03342, 0.02488, 0.08097, 0.06028, 0.04488, 0.03342, 0.02488, 0.06028, 0.06028, 0.04488, 0.03342, 0.02488], [0.02817, 0.02817, 0.02817, 0.02097, 0.01562, 0.03784, 0.03784, 0.02817, 0.02817, 0.02097, 0.05082, 0.05082, 0.03784, 0.02817, 0.02817, 0.06826, 0.06826, 0.05082, 0.03784, 0.02817, 0.09168, 0.06826, 0.05082, 0.03784, 0.02817], [0.06028, 0.08097, 0.06028, 0.04488, 0.03342, 0.06028, 0.06028, 0.06028, 0.04488, 0.03342, 0.04488, 0.04488, 0.04488, 0.03342, 0.02488, 0.03342, 0.03342, 0.03342, 0.02488, 0.02488, 0.02488, 0.02488, 0.02488, 0.02488, 0.01852], [0.05283, 0.05283, 0.05283, 0.03933, 0.02928, 0.05283, 0.07096, 0.05283, 0.03933, 0.02928, 0.05283, 0.05283, 0.05283, 0.03933, 0.02928, 0.03933, 0.03933, 0.03933, 0.02928, 0.0218, 0.02928, 0.02928, 0.02928, 0.0218, 0.0218], [0.03791, 0.03791, 0.03791, 0.02822, 0.02101, 0.05091, 0.05091, 0.05091, 0.03791, 0.02822, 0.05091, 0.06838, 0.05091, 0.03791, 0.02822, 0.05091, 0.05091, 0.05091, 0.03791, 0.02822, 0.03791, 0.03791, 0.03791, 0.02822, 0.02101], [0.02928, 0.02928, 0.02928, 0.0218, 0.0218, 0.03933, 0.03933, 0.03933, 0.02928, 0.0218, 0.05283, 0.05283, 0.05283, 0.03933, 0.02928, 0.05283, 0.07096, 0.05283, 0.03933, 0.02928, 0.05283, 0.05283, 0.05283, 0.03933, 0.02928], [0.02488, 0.02488, 0.02488, 0.02488, 0.01852, 0.03342, 0.03342, 0.03342, 0.02488, 0.02488, 0.04488, 0.04488, 0.04488, 0.03342, 0.02488, 0.06028, 0.06028, 0.06028, 0.04488, 0.03342, 0.06028, 0.08097, 0.06028, 0.04488, 0.03342], [0.04325, 0.05809, 0.07802, 0.05809, 0.04325, 0.04325, 0.05809, 0.05809, 0.05809, 0.04325, 0.0322, 0.04325, 0.04325, 0.04325, 0.0322, 0.02397, 0.0322, 0.0322, 0.0322, 0.02397, 0.02397, 0.02397, 0.02397, 0.02397, 0.02397], [0.03791, 0.05091, 0.05091, 0.05091, 0.03791, 0.03791, 0.05091, 0.06838, 0.05091, 0.03791, 0.03791, 0.05091, 0.05091, 0.05091, 0.03791, 0.02822, 0.03791, 0.03791, 0.03791, 0.02822, 0.02101, 0.02822, 0.02822, 0.02822, 0.02101], [0.02705, 0.03633, 0.03633, 0.03633, 0.02705, 0.03633, 0.04879, 0.04879, 0.04879, 0.03633, 0.03633, 0.04879, 0.06553, 0.04879, 0.03633, 0.03633, 0.04879, 0.04879, 0.04879, 0.03633, 0.02705, 0.03633, 0.03633, 0.03633, 0.02705], [0.02101, 0.02822, 0.02822, 0.02822, 0.02101, 0.02822, 0.03791, 0.03791, 0.03791, 0.02822, 0.03791, 0.05091, 0.05091, 0.05091, 0.03791, 0.03791, 0.05091, 0.06838, 0.05091, 0.03791, 0.03791, 0.05091, 0.05091, 0.05091, 0.03791], [0.02397, 0.02397, 0.02397, 0.02397, 0.02397, 0.02397, 0.0322, 0.0322, 0.0322, 0.02397, 0.0322, 0.04325, 0.04325, 0.04325, 0.0322, 0.04325, 0.05809, 0.05809, 0.05809, 0.04325, 0.04325, 0.05809, 0.07802, 0.05809, 0.04325], [0.03342, 0.04488, 0.06028, 0.08097, 0.06028, 0.03342, 0.04488, 0.06028, 0.06028, 0.06028, 0.02488, 0.03342, 0.04488, 0.04488, 0.04488, 0.02488, 0.02488, 0.03342, 0.03342, 0.03342, 0.01852, 0.02488, 0.02488, 0.02488, 0.02488], [0.02928, 0.03933, 0.05283, 0.05283, 0.05283, 0.02928, 0.03933, 0.05283, 0.07096, 0.05283, 0.02928, 0.03933, 0.05283, 0.05283, 0.05283, 0.0218, 0.02928, 0.03933, 0.03933, 0.03933, 0.0218, 0.0218, 0.02928, 0.02928, 0.02928], [0.02101, 0.02822, 0.03791, 0.03791, 0.03791, 0.02822, 0.03791, 0.05091, 0.05091, 0.05091, 0.02822, 0.03791, 0.05091, 0.06838, 0.05091, 0.02822, 0.03791, 0.05091, 0.05091, 0.05091, 0.02101, 0.02822, 0.03791, 0.03791, 0.03791], [0.0218, 0.0218, 0.02928, 0.02928, 0.02928, 0.0218, 0.02928, 0.03933, 0.03933, 0.03933, 0.02928, 0.03933, 0.05283, 0.05283, 0.05283, 0.02928, 0.03933, 0.05283, 0.07096, 0.05283, 0.02928, 0.03933, 0.05283, 0.05283, 0.05283], [0.01852, 0.02488, 0.02488, 0.02488, 0.02488, 0.02488, 0.02488, 0.03342, 0.03342, 0.03342, 0.02488, 0.03342, 0.04488, 0.04488, 0.04488, 0.03342, 0.04488, 0.06028, 0.06028, 0.06028, 0.03342, 0.04488, 0.06028, 0.08097, 0.06028], [0.02817, 0.03784, 0.05082, 0.06826, 0.09168, 0.02817, 0.03784, 0.05082, 0.06826, 0.06826, 0.02817, 0.02817, 0.03784, 0.05082, 0.05082, 0.02097, 0.02817, 0.02817, 0.03784, 0.03784, 0.01562, 0.02097, 0.02817, 0.02817, 0.02817], [0.02488, 0.03342, 0.04488, 0.06028, 0.06028, 0.02488, 0.03342, 0.04488, 0.06028, 0.08097, 0.02488, 0.03342, 0.04488, 0.06028, 0.06028, 0.02488, 0.02488, 0.03342, 0.04488, 0.04488, 0.01852, 0.02488, 0.02488, 0.03342, 0.03342], [0.02397, 0.02397, 0.0322, 0.04325, 0.04325, 0.02397, 0.0322, 0.04325, 0.05809, 0.05809, 0.02397, 0.0322, 0.04325, 0.05809, 0.07802, 0.02397, 0.0322, 0.04325, 0.05809, 0.05809, 0.02397, 0.02397, 0.0322, 0.04325, 0.04325], [0.01852, 0.02488, 0.02488, 0.03342, 0.03342, 0.02488, 0.02488, 0.03342, 0.04488, 0.04488, 0.02488, 0.03342, 0.04488, 0.06028, 0.06028, 0.02488, 0.03342, 0.04488, 0.06028, 0.08097, 0.02488, 0.03342, 0.04488, 0.06028, 0.06028], [0.01562, 0.02097, 0.02817, 0.02817, 0.02817, 0.02097, 0.02817, 0.02817, 0.03784, 0.03784, 0.02817, 0.02817, 0.03784, 0.05082, 0.05082, 0.02817, 0.03784, 0.05082, 0.06826, 0.06826, 0.02817, 0.03784, 0.05082, 0.06826, 0.09168]]