[[0.04082, 0.04055, 0.04029, 0.04003, 0.03977, 0.04055, 0.04055, 0.04029, 0.04003, 0.03977, 0.04029, 0.04029, 0.04003, 0.03977, 0.03977, 0.04003, 0.04003, 0.03977, 0.03977, 0.03951, 0.03977, 0.03977, 0.03977, 0.03951, 0.03926], [0.04043, 0.04069, 0.04043, 0.04017, 0.03991, 0.04043, 0.04043, 0.04043, 0.04017, 0.03991, 0.04017, 0.04017, 0.04017, 0.03991, 0.03965, 0.03991, 0.03991, 0.03991, 0.03965, 0.03965, 0.03965, 0.03965, 0.03965, 0.03965, 0.03939], [0.04012, 0.04039, 0.04065, 0.04039, 0.04012, 0.04012, 0.04039, 0.04039, 0.04039, 0.04012, 0.03986, 0.04012, 0.04012, 0.04012, 0.03986, 0.03961, 0.03986, 0.03986, 0.03986, 0.03961, 0.03961, 0.03961, 0.03961, 0.03961, 0.03961], [0.03991, 0.04017, 0.04043, 0.04069, 0.04043, 0.03991, 0.04017, 0.04043, 0.04043, 0.04043, 0.03965, 0.03991, 0.04017, 0.04017, 0.04017, 0.03965, 0.03965, 0.03991, 0.03991, 0.03991, 0.03939, 0.03965, 0.03965, 0.03965, 0.03965], [0.03977, 0.04003, 0.04029, 0.04055, 0.04082, 0.03977, 0.04003, 0.04029, 0.04055, 0.04055, 0.03977, 0.03977, 0.04003, 0.04029, 0.04029, 0.03951, 0.03977, 0.03977, 0.04003, 0.04003, 0.03926, 0.03951, 0.03977, 0.03977, 0.03977], [0.04043, 0.04043, 0.04017, 0.03991, 0.03965, 0.04069, 0.04043, 0.04017, 0.03991, 0.03965, 0.04043, 0.04043, 0.04017, 0.03991, 0.03965, 0.04017, 0.04017, 0.03991, 0.03965, 0.03965, 0.03991, 0.03991, 0.03965, 0.03965, 0.03939], [0.04029, 0.04029, 0.04029, 0.04003, 0.03977, 0.04029, 0.04055, 0.04029, 0.04003, 0.03977, 0.04029, 0.04029, 0.04029, 0.04003, 0.03977, 0.04003, 0.04003, 0.04003, 0.03977, 0.03951, 0.03977, 0.03977, 0.03977, 0.03951, 0.03951], [0.03999, 0.04025, 0.04025, 0.04025, 0.03999, 0.03999, 0.04025, 0.04051, 0.04025, 0.03999, 0.03999, 0.04025, 0.04025, 0.04025, 0.03999, 0.03973, 0.03999, 0.03999, 0.03999, 0.03973, 0.03947, 0.03973, 0.03973, 0.03973, 0.03947], [0.03977, 0.04003, 0.04029, 0.04029, 0.04029, 0.03977, 0.04003, 0.04029, 0.04055, 0.04029, 0.03977, 0.04003, 0.04029, 0.04029, 0.04029, 0.03951, 0.03977, 0.04003, 0.04003, 0.04003, 0.03951, 0.03951, 0.03977, 0.03977, 0.03977], [0.03965, 0.03991, 0.04017, 0.04043, 0.04043, 0.03965, 0.03991, 0.04017, 0.04043, 0.04069, 0.03965, 0.03991, 0.04017, 0.04043, 0.04043, 0.03965, 0.03965, 0.03991, 0.04017, 0.04017, 0.03939, 0.03965, 0.03965, 0.03991, 0.03991], [0.04012, 0.04012, 0.03986, 0.03961, 0.03961, 0.04039, 0.04039, 0.04012, 0.03986, 0.03961, 0.04065, 0.04039, 0.04012, 0.03986, 0.03961, 0.04039, 0.04039, 0.04012, 0.03986, 0.03961, 0.04012, 0.04012, 0.03986, 0.03961, 0.03961], [0.03999, 0.03999, 0.03999, 0.03973, 0.03947, 0.04025, 0.04025, 0.04025, 0.03999, 0.03973, 0.04025, 0.04051, 0.04025, 0.03999, 0.03973, 0.04025, 0.04025, 0.04025, 0.03999, 0.03973, 0.03999, 0.03999, 0.03999, 0.03973, 0.03947], [0.03968, 0.03994, 0.03994, 0.03994, 0.03968, 0.03994, 0.0402, 0.0402, 0.0402, 0.03994, 0.03994, 0.0402, 0.04046, 0.0402, 0.03994, 0.03994, 0.0402, 0.0402, 0.0402, 0.03994, 0.03968, 0.03994, 0.03994, 0.03994, 0.03968], [0.03947, 0.03973, 0.03999, 0.03999, 0.03999, 0.03973, 0.03999, 0.04025, 0.04025, 0.04025, 0.03973, 0.03999, 0.04025, 0.04051, 0.04025, 0.03973, 0.03999, 0.04025, 0.04025, 0.04025, 0.03947, 0.03973, 0.03999, 0.03999, 0.03999], [0.03961, 0.03961, 0.03986, 0.04012, 0.04012, 0.03961, 0.03986, 0.04012, 0.04039, 0.04039, 0.03961, 0.03986, 0.04012, 0.04039, 0.04065, 0.03961, 0.03986, 0.04012, 0.04039, 0.04039, 0.03961, 0.03961, 0.03986, 0.04012, 0.04012], [0.03991, 0.03991, 0.03965, 0.03965, 0.03939, 0.04017, 0.04017, 0.03991, 0.03965, 0.03965, 0.04043, 0.04043, 0.04017, 0.03991, 0.03965, 0.04069, 0.04043, 0.04017, 0.03991, 0.03965, 0.04043, 0.04043, 0.04017, 0.03991, 0.03965], [0.03977, 0.03977, 0.03977, 0.03951, 0.03951, 0.04003, 0.04003, 0.04003, 0.03977, 0.03951, 0.04029, 0.04029, 0.04029, 0.04003, 0.03977, 0.04029, 0.04055, 0.04029, 0.04003, 0.03977, 0.04029, 0.04029, 0.04029, 0.04003, 0.03977], [0.03947, 0.03973, 0.03973, 0.03973, 0.03947, 0.03973, 0.03999, 0.03999, 0.03999, 0.03973, 0.03999, 0.04025, 0.04025, 0.04025, 0.03999, 0.03999, 0.04025, 0.04051, 0.04025, 0.03999, 0.03999, 0.04025, 0.04025, 0.04025, 0.03999], [0.03951, 0.03951, 0.03977, 0.03977, 0.03977, 0.03951, 0.03977, 0.04003, 0.04003, 0.04003, 0.03977, 0.04003, 0.04029, 0.04029, 0.04029, 0.03977, 0.04003, 0.04029, 0.04055, 0.04029, 0.03977, 0.04003, 0.04029, 0.04029, 0.04029], [0.03939, 0.03965, 0.03965, 0.03991, 0.03991, 0.03965, 0.03965, 0.03991, 0.04017, 0.04017, 0.03965, 0.03991, 0.04017, 0.04043, 0.04043, 0.03965, 0.03991, 0.04017, 0.04043, 0.04069, 0.03965, 0.03991, 0.04017, 0.04043, 0.04043], [0.03977, 0.03977, 0.03977, 0.03951, 0.03926, 0.04003, 0.04003, 0.03977, 0.03977, 0.03951, 0.04029, 0.04029, 0.04003, 0.03977, 0.03977, 0.04055, 0.04055, 0.04029, 0.04003, 0.03977, 0.04082, 0.04055, 0.04029, 0.04003, 0.03977], [0.03965, 0.03965, 0.03965, 0.03965, 0.03939, 0.03991, 0.03991, 0.03991, 0.03965, 0.03965, 0.04017, 0.04017, 0.04017, 0.03991, 0.03965, 0.04043, 0.04043, 0.04043, 0.04017, 0.03991, 0.04043, 0.04069, 0.04043, 0.04017, 0.03991], [0.03961, 0.03961, 0.03961, 0.03961, 0.03961, 0.03961, 0.03986, 0.03986, 0.03986, 0.03961, 0.03986, 0.04012, 0.04012, 0.04012, 0.03986, 0.04012, 0.04039, 0.04039, 0.04039, 0.04012, 0.04012, 0.04039, 0.04065, 0.04039, 0.04012], [0.03939, 0.03965, 0.03965, 0.03965, 0.03965, 0.03965, 0.03965, 0.03991, 0.03991, 0.03991, 0.03965, 0.03991, 0.04017, 0.04017, 0.04017, 0.03991, 0.04017, 0.04043, 0.04043, 0.04043, 0.03991, 0.04017, 0.04043, 0.04069, 0.04043], [0.03926, 0.03951, 0.03977, 0.03977, 0.03977, 0.03951, 0.03977, 0.03977, 0.04003, 0.04003, 0.03977, 0.03977, 0.04003, 0.04029, 0.04029, 0.03977, 0.04003, 0.04029, 0.04055, 0.04055, 0.03977, 0.04003, 0.04029, 0.04055, 0.04082]]