[[0.09633, 0.0703, 0.0513, 0.03744, 0.02732, 0.0703, 0.0703, 0.0513, 0.03744, 0.02732, 0.0513, 0.0513, 0.03744, 0.02732, 0.02732, 0.03744, 0.03744, 0.02732, 0.02732, 0.01994, 0.02732, 0.02732, 0.02732, 0.01994, 0.01455], [0.06166, 0.06166, 0.045, 0.03284, 0.02396, 0.08448, 0.06166, 0.045, 0.03284, 0.02396, 0.06166, 0.06166, 0.045, 0.03284, 0.02396, 0.045, 0.045, 0.03284, 0.02396, 0.02396, 0.03284, 0.03284, 0.02396, 0.02396, 0.01749], [0.04328, 0.04328, 0.03158, 0.02305, 0.02305, 0.0593, 0.0593, 0.04328, 0.03158, 0.02305, 0.08126, 0.0593, 0.04328, 0.03158, 0.02305, 0.0593, 0.0593, 0.04328, 0.03158, 0.02305, 0.04328, 0.04328, 0.03158, 0.02305, 0.02305], [0.03284, 0.03284, 0.02396, 0.02396, 0.01749, 0.045, 0.045, 0.03284, 0.02396, 0.02396, 0.06166, 0.06166, 0.045, 0.03284, 0.02396, 0.08448, 0.06166, 0.045, 0.03284, 0.02396, 0.06166, 0.06166, 0.045, 0.03284, 0.02396], [0.02732, 0.02732, 0.02732, 0.01994, 0.01455, 0.03744, 0.03744, 0.02732, 0.02732, 0.01994, 0.0513, 0.0513, 0.03744, 0.02732, 0.02732, 0.0703, 0.0703, 0.0513, 0.03744, 0.02732, 0.09633, 0.0703, 0.0513, 0.03744, 0.02732], [0.06166, 0.08448, 0.06166, 0.045, 0.03284, 0.06166, 0.06166, 0.06166, 0.045, 0.03284, 0.045, 0.045, 0.045, 0.03284, 0.02396, 0.03284, 0.03284, 0.03284, 0.02396, 0.02396, 0.02396, 0.02396, 0.02396, 0.02396, 0.01749], [0.05364, 0.05364, 0.05364, 0.03915, 0.02857, 0.05364, 0.0735, 0.05364, 0.03915, 0.02857, 0.05364, 0.05364, 0.05364, 0.03915, 0.02857, 0.03915, 0.03915, 0.03915, 0.02857, 0.02085, 0.02857, 0.02857, 0.02857, 0.02085, 0.02085], [0.03766, 0.03766, 0.03766, 0.02748, 0.02006, 0.0516, 0.0516, 0.0516, 0.03766, 0.02748, 0.0516, 0.07071, 0.0516, 0.03766, 0.02748, 0.0516, 0.0516, 0.0516, 0.03766, 0.02748, 0.03766, 0.03766, 0.03766, 0.02748, 0.02006], [0.02857, 0.02857, 0.02857, 0.02085, 0.02085, 0.03915, 0.03915, 0.03915, 0.02857, 0.02085, 0.05364, 0.05364, 0.05364, 0.03915, 0.02857, 0.05364, 0.0735, 0.05364, 0.03915, 0.02857, 0.05364, 0.05364, 0.05364, 0.03915, 0.02857], [0.02396, 0.02396, 0.02396, 0.02396, 0.01749, 0.03284, 0.03284, 0.03284, 0.02396, 0.02396, 0.045, 0.045, 0.045, 0.03284, 0.02396, 0.06166, 0.06166, 0.06166, 0.045, 0.03284, 0.06166, 0.08448, 0.06166, 0.045, 0.03284], [0.04328, 0.0593, 0.08126, 0.0593, 0.04328, 0.04328, 0.0593, 0.0593, 0.0593, 0.04328, 0.03158, 0.04328, 0.04328, 0.04328, 0.03158, 0.02305, 0.03158, 0.03158, 0.03158, 0.02305, 0.02305, 0.02305, 0.02305, 0.02305, 0.02305], [0.03766, 0.0516, 0.0516, 0.0516, 0.03766, 0.03766, 0.0516, 0.07071, 0.0516, 0.03766, 0.03766, 0.0516, 0.0516, 0.0516, 0.03766, 0.02748, 0.03766, 0.03766, 0.03766, 0.02748, 0.02006, 0.02748, 0.02748, 0.02748, 0.02006], [0.02629, 0.03602, 0.03602, 0.03602, 0.02629, 0.03602, 0.04936, 0.04936, 0.04936, 0.03602, 0.03602, 0.04936, 0.06764, 0.04936, 0.03602, 0.03602, 0.04936, 0.04936, 0.04936, 0.03602, 0.02629, 0.03602, 0.03602, 0.03602, 0.02629], [0.02006, 0.02748, 0.02748, 0.02748, 0.02006, 0.02748, 0.03766, 0.03766, 0.03766, 0.02748, 0.03766, 0.0516, 0.0516, 0.0516, 0.03766, 0.03766, 0.0516, 0.07071, 0.0516, 0.03766, 0.03766, 0.0516, 0.0516, 0.0516, 0.03766], [0.02305, 0.02305, 0.02305, 0.02305, 0.02305, 0.02305, 0.03158, 0.03158, 0.03158, 0.02305, 0.03158, 0.04328, 0.04328, 0.04328, 0.03158, 0.04328, 0.0593, 0.0593, 0.0593, 0.04328, 0.04328, 0.0593, 0.08126, 0.0593, 0.04328], [0.03284, 0.045, 0.06166, 0.08448, 0.06166, 0.03284, 0.045, 0.06166, 0.06166, 0.06166, 0.02396, 0.03284, 0.045, 0.045, 0.045, 0.02396, 0.02396, 0.03284, 0.03284, 0.03284, 0.01749, 0.02396, 0.02396, 0.02396, 0.02396], [0.02857, 0.03915, 0.05364, 0.05364, 0.05364, 0.02857, 0.03915, 0.05364, 0.0735, 0.05364, 0.02857, 0.03915, 0.05364, 0.05364, 0.05364, 0.02085, 0.02857, 0.03915, 0.03915, 0.03915, 0.02085, 0.02085, 0.02857, 0.02857, 0.02857], [0.02006, 0.02748, 0.03766, 0.03766, 0.03766, 0.02748, 0.03766, 0.0516, 0.0516, 0.0516, 0.02748, 0.03766, 0.0516, 0.07071, 0.0516, 0.02748, 0.03766, 0.0516, 0.0516, 0.0516, 0.02006, 0.02748, 0.03766, 0.03766, 0.03766], [0.02085, 0.02085, 0.02857, 0.02857, 0.02857, 0.02085, 0.02857, 0.03915, 0.03915, 0.03915, 0.02857, 0.03915, 0.05364, 0.05364, 0.05364, 0.02857, 0.03915, 0.05364, 0.0735, 0.05364, 0.02857, 0.03915, 0.05364, 0.05364, 0.05364], [0.01749, 0.02396, 0.02396, 0.02396, 0.02396, 0.02396, 0.02396, 0.03284, 0.03284, 0.03284, 0.02396, 0.03284, 0.045, 0.045, 0.045, 0.03284, 0.045, 0.06166, 0.06166, 0.06166, 0.03284, 0.045, 0.06166, 0.08448, 0.06166], [0.02732, 0.03744, 0.0513, 0.0703, 0.09633, 0.02732, 0.03744, 0.0513, 0.0703, 0.0703, 0.02732, 0.02732, 0.03744, 0.0513, 0.0513, 0.01994, 0.02732, 0.02732, 0.03744, 0.03744, 0.01455, 0.01994, 0.02732, 0.02732, 0.02732], [0.02396, 0.03284, 0.045, 0.06166, 0.06166, 0.02396, 0.03284, 0.045, 0.06166, 0.08448, 0.02396, 0.03284, 0.045, 0.06166, 0.06166, 0.02396, 0.02396, 0.03284, 0.045, 0.045, 0.01749, 0.02396, 0.02396, 0.03284, 0.03284], [0.02305, 0.02305, 0.03158, 0.04328, 0.04328, 0.02305, 0.03158, 0.04328, 0.0593, 0.0593, 0.02305, 0.03158, 0.04328, 0.0593, 0.08126, 0.02305, 0.03158, 0.04328, 0.0593, 0.0593, 0.02305, 0.02305, 0.03158, 0.04328, 0.04328], [0.01749, 0.02396, 0.02396, 0.03284, 0.03284, 0.02396, 0.02396, 0.03284, 0.045, 0.045, 0.02396, 0.03284, 0.045, 0.06166, 0.06166, 0.02396, 0.03284, 0.045, 0.06166, 0.08448, 0.02396, 0.03284, 0.045, 0.06166, 0.06166], [0.01455, 0.01994, 0.02732, 0.02732, 0.02732, 0.01994, 0.02732, 0.02732, 0.03744, 0.03744, 0.02732, 0.02732, 0.03744, 0.0513, 0.0513, 0.02732, 0.03744, 0.0513, 0.0703, 0.0703, 0.02732, 0.03744, 0.0513, 0.0703, 0.09633]]