[[0.05568, 0.04988, 0.04469, 0.04003, 0.03586, 0.04988, 0.04988, 0.04469, 0.04003, 0.03586, 0.04469, 0.04469, 0.04003, 0.03586, 0.03586, 0.04003, 0.04003, 0.03586, 0.03586, 0.03213, 0.03586, 0.03586, 0.03586, 0.03213, 0.02878], [0.04742, 0.04742, 0.04248, 0.03806, 0.03409, 0.05294, 0.04742, 0.04248, 0.03806, 0.03409, 0.04742, 0.04742, 0.04248, 0.03806, 0.03409, 0.04248, 0.04248, 0.03806, 0.03409, 0.03409, 0.03806, 0.03806, 0.03409, 0.03409, 0.03054], [0.0418, 0.0418, 0.03744, 0.03354, 0.03354, 0.04666, 0.04666, 0.0418, 0.03744, 0.03354, 0.05208, 0.04666, 0.0418, 0.03744, 0.03354, 0.04666, 0.04666, 0.0418, 0.03744, 0.03354, 0.0418, 0.0418, 0.03744, 0.03354, 0.03354], [0.03806, 0.03806, 0.03409, 0.03409, 0.03054, 0.04248, 0.04248, 0.03806, 0.03409, 0.03409, 0.04742, 0.04742, 0.04248, 0.03806, 0.03409, 0.05294, 0.04742, 0.04248, 0.03806, 0.03409, 0.04742, 0.04742, 0.04248, 0.03806, 0.03409], [0.03586, 0.03586, 0.03586, 0.03213, 0.02878, 0.04003, 0.04003, 0.03586, 0.03586, 0.03213, 0.04469, 0.04469, 0.04003, 0.03586, 0.03586, 0.04988, 0.04988, 0.04469, 0.04003, 0.03586, 0.05568, 0.04988, 0.04469, 0.04003, 0.03586], [0.04742, 0.05294, 0.04742, 0.04248, 0.03806, 0.04742, 0.04742, 0.04742, 0.04248, 0.03806, 0.04248, 0.04248, 0.04248, 0.03806, 0.03409, 0.03806, 0.03806, 0.03806, 0.03409, 0.03409, 0.03409, 0.03409, 0.03409, 0.03409, 0.03054], [0.04491, 0.04491, 0.04491, 0.04023, 0.03604, 0.04491, 0.05013, 0.04491, 0.04023, 0.03604, 0.04491, 0.04491, 0.04491, 0.04023, 0.03604, 0.04023, 0.04023, 0.04023, 0.03604, 0.03229, 0.03604, 0.03604, 0.03604, 0.03229, 0.03229], [0.03959, 0.03959, 0.03959, 0.03546, 0.03177, 0.04419, 0.04419, 0.04419, 0.03959, 0.03546, 0.04419, 0.04933, 0.04419, 0.03959, 0.03546, 0.04419, 0.04419, 0.04419, 0.03959, 0.03546, 0.03959, 0.03959, 0.03959, 0.03546, 0.03177], [0.03604, 0.03604, 0.03604, 0.03229, 0.03229, 0.04023, 0.04023, 0.04023, 0.03604, 0.03229, 0.04491, 0.04491, 0.04491, 0.04023, 0.03604, 0.04491, 0.05013, 0.04491, 0.04023, 0.03604, 0.04491, 0.04491, 0.04491, 0.04023, 0.03604], [0.03409, 0.03409, 0.03409, 0.03409, 0.03054, 0.03806, 0.03806, 0.03806, 0.03409, 0.03409, 0.04248, 0.04248, 0.04248, 0.03806, 0.03409, 0.04742, 0.04742, 0.04742, 0.04248, 0.03806, 0.04742, 0.05294, 0.04742, 0.04248, 0.03806], [0.0418, 0.04666, 0.05208, 0.04666, 0.0418, 0.0418, 0.04666, 0.04666, 0.04666, 0.0418, 0.03744, 0.0418, 0.0418, 0.0418, 0.03744, 0.03354, 0.03744, 0.03744, 0.03744, 0.03354, 0.03354, 0.03354, 0.03354, 0.03354, 0.03354], [0.03959, 0.04419, 0.04419, 0.04419, 0.03959, 0.03959, 0.04419, 0.04933, 0.04419, 0.03959, 0.03959, 0.04419, 0.04419, 0.04419, 0.03959, 0.03546, 0.03959, 0.03959, 0.03959, 0.03546, 0.03177, 0.03546, 0.03546, 0.03546, 0.03177], [0.03478, 0.03882, 0.03882, 0.03882, 0.03478, 0.03882, 0.04333, 0.04333, 0.04333, 0.03882, 0.03882, 0.04333, 0.04837, 0.04333, 0.03882, 0.03882, 0.04333, 0.04333, 0.04333, 0.03882, 0.03478, 0.03882, 0.03882, 0.03882, 0.03478], [0.03177, 0.03546, 0.03546, 0.03546, 0.03177, 0.03546, 0.03959, 0.03959, 0.03959, 0.03546, 0.03959, 0.04419, 0.04419, 0.04419, 0.03959, 0.03959, 0.04419, 0.04933, 0.04419, 0.03959, 0.03959, 0.04419, 0.04419, 0.04419, 0.03959], [0.03354, 0.03354, 0.03354, 0.03354, 0.03354, 0.03354, 0.03744, 0.03744, 0.03744, 0.03354, 0.03744, 0.0418, 0.0418, 0.0418, 0.03744, 0.0418, 0.04666, 0.04666, 0.04666, 0.0418, 0.0418, 0.04666, 0.05208, 0.04666, 0.0418], [0.03806, 0.04248, 0.04742, 0.05294, 0.04742, 0.03806, 0.04248, 0.04742, 0.04742, 0.04742, 0.03409, 0.03806, 0.04248, 0.04248, 0.04248, 0.03409, 0.03409, 0.03806, 0.03806, 0.03806, 0.03054, 0.03409, 0.03409, 0.03409, 0.03409], [0.03604, 0.04023, 0.04491, 0.04491, 0.04491, 0.03604, 0.04023, 0.04491, 0.05013, 0.04491, 0.03604, 0.04023, 0.04491, 0.04491, 0.04491, 0.03229, 0.03604, 0.04023, 0.04023, 0.04023, 0.03229, 0.03229, 0.03604, 0.03604, 0.03604], [0.03177, 0.03546, 0.03959, 0.03959, 0.03959, 0.03546, 0.03959, 0.04419, 0.04419, 0.04419, 0.03546, 0.03959, 0.04419, 0.04933, 0.04419, 0.03546, 0.03959, 0.04419, 0.04419, 0.04419, 0.03177, 0.03546, 0.03959, 0.03959, 0.03959], [0.03229, 0.03229, 0.03604, 0.03604, 0.03604, 0.03229, 0.03604, 0.04023, 0.04023, 0.04023, 0.03604, 0.04023, 0.04491, 0.04491, 0.04491, 0.03604, 0.04023, 0.04491, 0.05013, 0.04491, 0.03604, 0.04023, 0.04491, 0.04491, 0.04491], [0.03054, 0.03409, 0.03409, 0.03409, 0.03409, 0.03409, 0.03409, 0.03806, 0.03806, 0.03806, 0.03409, 0.03806, 0.04248, 0.04248, 0.04248, 0.03806, 0.04248, 0.04742, 0.04742, 0.04742, 0.03806, 0.04248, 0.04742, 0.05294, 0.04742], [0.03586, 0.04003, 0.04469, 0.04988, 0.05568, 0.03586, 0.04003, 0.04469, 0.04988, 0.04988, 0.03586, 0.03586, 0.04003, 0.04469, 0.04469, 0.03213, 0.03586, 0.03586, 0.04003, 0.04003, 0.02878, 0.03213, 0.03586, 0.03586, 0.03586], [0.03409, 0.03806, 0.04248, 0.04742, 0.04742, 0.03409, 0.03806, 0.04248, 0.04742, 0.05294, 0.03409, 0.03806, 0.04248, 0.04742, 0.04742, 0.03409, 0.03409, 0.03806, 0.04248, 0.04248, 0.03054, 0.03409, 0.03409, 0.03806, 0.03806], [0.03354, 0.03354, 0.03744, 0.0418, 0.0418, 0.03354, 0.03744, 0.0418, 0.04666, 0.04666, 0.03354, 0.03744, 0.0418, 0.04666, 0.05208, 0.03354, 0.03744, 0.0418, 0.04666, 0.04666, 0.03354, 0.03354, 0.03744, 0.0418, 0.0418], [0.03054, 0.03409, 0.03409, 0.03806, 0.03806, 0.03409, 0.03409, 0.03806, 0.04248, 0.04248, 0.03409, 0.03806, 0.04248, 0.04742, 0.04742, 0.03409, 0.03806, 0.04248, 0.04742, 0.05294, 0.03409, 0.03806, 0.04248, 0.04742, 0.04742], [0.02878, 0.03213, 0.03586, 0.03586, 0.03586, 0.03213, 0.03586, 0.03586, 0.04003, 0.04003, 0.03586, 0.03586, 0.04003, 0.04469, 0.04469, 0.03586, 0.04003, 0.04469, 0.04988, 0.04988, 0.03586, 0.04003, 0.04469, 0.04988, 0.05568]]