[[0.06153, 0.05323, 0.04604, 0.03983, 0.03445, 0.05323, 0.05323, 0.04604, 0.03983, 0.03445, 0.04604, 0.04604, 0.03983, 0.03445, 0.03445, 0.03983, 0.03983, 0.03445, 0.03445, 0.0298, 0.03445, 0.03445, 0.03445, 0.0298, 0.02578], [0.04985, 0.04985, 0.04312, 0.0373, 0.03226, 0.05762, 0.04985, 0.04312, 0.0373, 0.03226, 0.04985, 0.04985, 0.04312, 0.0373, 0.03226, 0.04312, 0.04312, 0.0373, 0.03226, 0.03226, 0.0373, 0.0373, 0.03226, 0.03226, 0.02791], [0.04223, 0.04223, 0.03653, 0.0316, 0.0316, 0.04882, 0.04882, 0.04223, 0.03653, 0.0316, 0.05644, 0.04882, 0.04223, 0.03653, 0.0316, 0.04882, 0.04882, 0.04223, 0.03653, 0.0316, 0.04223, 0.04223, 0.03653, 0.0316, 0.0316], [0.0373, 0.0373, 0.03226, 0.03226, 0.02791, 0.04312, 0.04312, 0.0373, 0.03226, 0.03226, 0.04985, 0.04985, 0.04312, 0.0373, 0.03226, 0.05762, 0.04985, 0.04312, 0.0373, 0.03226, 0.04985, 0.04985, 0.04312, 0.0373, 0.03226], [0.03445, 0.03445, 0.03445, 0.0298, 0.02578, 0.03983, 0.03983, 0.03445, 0.03445, 0.0298, 0.04604, 0.04604, 0.03983, 0.03445, 0.03445, 0.05323, 0.05323, 0.04604, 0.03983, 0.03445, 0.06153, 0.05323, 0.04604, 0.03983, 0.03445], [0.04985, 0.05762, 0.04985, 0.04312, 0.0373, 0.04985, 0.04985, 0.04985, 0.04312, 0.0373, 0.04312, 0.04312, 0.04312, 0.0373, 0.03226, 0.0373, 0.0373, 0.0373, 0.03226, 0.03226, 0.03226, 0.03226, 0.03226, 0.03226, 0.02791], [0.04646, 0.04646, 0.04646, 0.04019, 0.03476, 0.04646, 0.0537, 0.04646, 0.04019, 0.03476, 0.04646, 0.04646, 0.04646, 0.04019, 0.03476, 0.04019, 0.04019, 0.04019, 0.03476, 0.03007, 0.03476, 0.03476, 0.03476, 0.03007, 0.03007], [0.03936, 0.03936, 0.03936, 0.03405, 0.02945, 0.0455, 0.0455, 0.0455, 0.03936, 0.03405, 0.0455, 0.0526, 0.0455, 0.03936, 0.03405, 0.0455, 0.0455, 0.0455, 0.03936, 0.03405, 0.03936, 0.03936, 0.03936, 0.03405, 0.02945], [0.03476, 0.03476, 0.03476, 0.03007, 0.03007, 0.04019, 0.04019, 0.04019, 0.03476, 0.03007, 0.04646, 0.04646, 0.04646, 0.04019, 0.03476, 0.04646, 0.0537, 0.04646, 0.04019, 0.03476, 0.04646, 0.04646, 0.04646, 0.04019, 0.03476], [0.03226, 0.03226, 0.03226, 0.03226, 0.02791, 0.0373, 0.0373, 0.0373, 0.03226, 0.03226, 0.04312, 0.04312, 0.04312, 0.0373, 0.03226, 0.04985, 0.04985, 0.04985, 0.04312, 0.0373, 0.04985, 0.05762, 0.04985, 0.04312, 0.0373], [0.04223, 0.04882, 0.05644, 0.04882, 0.04223, 0.04223, 0.04882, 0.04882, 0.04882, 0.04223, 0.03653, 0.04223, 0.04223, 0.04223, 0.03653, 0.0316, 0.03653, 0.03653, 0.03653, 0.0316, 0.0316, 0.0316, 0.0316, 0.0316, 0.0316], [0.03936, 0.0455, 0.0455, 0.0455, 0.03936, 0.03936, 0.0455, 0.0526, 0.0455, 0.03936, 0.03936, 0.0455, 0.0455, 0.0455, 0.03936, 0.03405, 0.03936, 0.03936, 0.03936, 0.03405, 0.02945, 0.03405, 0.03405, 0.03405, 0.02945], [0.03321, 0.0384, 0.0384, 0.0384, 0.03321, 0.0384, 0.04439, 0.04439, 0.04439, 0.0384, 0.0384, 0.04439, 0.05131, 0.04439, 0.0384, 0.0384, 0.04439, 0.04439, 0.04439, 0.0384, 0.03321, 0.0384, 0.0384, 0.0384, 0.03321], [0.02945, 0.03405, 0.03405, 0.03405, 0.02945, 0.03405, 0.03936, 0.03936, 0.03936, 0.03405, 0.03936, 0.0455, 0.0455, 0.0455, 0.03936, 0.03936, 0.0455, 0.0526, 0.0455, 0.03936, 0.03936, 0.0455, 0.0455, 0.0455, 0.03936], [0.0316, 0.0316, 0.0316, 0.0316, 0.0316, 0.0316, 0.03653, 0.03653, 0.03653, 0.0316, 0.03653, 0.04223, 0.04223, 0.04223, 0.03653, 0.04223, 0.04882, 0.04882, 0.04882, 0.04223, 0.04223, 0.04882, 0.05644, 0.04882, 0.04223], [0.0373, 0.04312, 0.04985, 0.05762, 0.04985, 0.0373, 0.04312, 0.04985, 0.04985, 0.04985, 0.03226, 0.0373, 0.04312, 0.04312, 0.04312, 0.03226, 0.03226, 0.0373, 0.0373, 0.0373, 0.02791, 0.03226, 0.03226, 0.03226, 0.03226], [0.03476, 0.04019, 0.04646, 0.04646, 0.04646, 0.03476, 0.04019, 0.04646, 0.0537, 0.04646, 0.03476, 0.04019, 0.04646, 0.04646, 0.04646, 0.03007, 0.03476, 0.04019, 0.04019, 0.04019, 0.03007, 0.03007, 0.03476, 0.03476, 0.03476], [0.02945, 0.03405, 0.03936, 0.03936, 0.03936, 0.03405, 0.03936, 0.0455, 0.0455, 0.0455, 0.03405, 0.03936, 0.0455, 0.0526, 0.0455, 0.03405, 0.03936, 0.0455, 0.0455, 0.0455, 0.02945, 0.03405, 0.03936, 0.03936, 0.03936], [0.03007, 0.03007, 0.03476, 0.03476, 0.03476, 0.03007, 0.03476, 0.04019, 0.04019, 0.04019, 0.03476, 0.04019, 0.04646, 0.04646, 0.04646, 0.03476, 0.04019, 0.04646, 0.0537, 0.04646, 0.03476, 0.04019, 0.04646, 0.04646, 0.04646], [0.02791, 0.03226, 0.03226, 0.03226, 0.03226, 0.03226, 0.03226, 0.0373, 0.0373, 0.0373, 0.03226, 0.0373, 0.04312, 0.04312, 0.04312, 0.0373, 0.04312, 0.04985, 0.04985, 0.04985, 0.0373, 0.04312, 0.04985, 0.05762, 0.04985], [0.03445, 0.03983, 0.04604, 0.05323, 0.06153, 0.03445, 0.03983, 0.04604, 0.05323, 0.05323, 0.03445, 0.03445, 0.03983, 0.04604, 0.04604, 0.0298, 0.03445, 0.03445, 0.03983, 0.03983, 0.02578, 0.0298, 0.03445, 0.03445, 0.03445], [0.03226, 0.0373, 0.04312, 0.04985, 0.04985, 0.03226, 0.0373, 0.04312, 0.04985, 0.05762, 0.03226, 0.0373, 0.04312, 0.04985, 0.04985, 0.03226, 0.03226, 0.0373, 0.04312, 0.04312, 0.02791, 0.03226, 0.03226, 0.0373, 0.0373], [0.0316, 0.0316, 0.03653, 0.04223, 0.04223, 0.0316, 0.03653, 0.04223, 0.04882, 0.04882, 0.0316, 0.03653, 0.04223, 0.04882, 0.05644, 0.0316, 0.03653, 0.04223, 0.04882, 0.04882, 0.0316, 0.0316, 0.03653, 0.04223, 0.04223], [0.02791, 0.03226, 0.03226, 0.0373, 0.0373, 0.03226, 0.03226, 0.0373, 0.04312, 0.04312, 0.03226, 0.0373, 0.04312, 0.04985, 0.04985, 0.03226, 0.0373, 0.04312, 0.04985, 0.05762, 0.03226, 0.0373, 0.04312, 0.04985, 0.04985], [0.02578, 0.0298, 0.03445, 0.03445, 0.03445, 0.0298, 0.03445, 0.03445, 0.03983, 0.03983, 0.03445, 0.03445, 0.03983, 0.04604, 0.04604, 0.03445, 0.03983, 0.04604, 0.05323, 0.05323, 0.03445, 0.03983, 0.04604, 0.05323, 0.06153]]