[[0.10113, 0.07234, 0.05175, 0.03702, 0.02648, 0.07234, 0.07234, 0.05175, 0.03702, 0.02648, 0.05175, 0.05175, 0.03702, 0.02648, 0.02648, 0.03702, 0.03702, 0.02648, 0.02648, 0.01894, 0.02648, 0.02648, 0.02648, 0.01894, 0.01355], [0.06302, 0.06302, 0.04508, 0.03225, 0.02307, 0.08809, 0.06302, 0.04508, 0.03225, 0.02307, 0.06302, 0.06302, 0.04508, 0.03225, 0.02307, 0.04508, 0.04508, 0.03225, 0.02307, 0.02307, 0.03225, 0.03225, 0.02307, 0.02307, 0.0165], [0.04329, 0.04329, 0.03096, 0.02215, 0.02215, 0.06051, 0.06051, 0.04329, 0.03096, 0.02215, 0.08459, 0.06051, 0.04329, 0.03096, 0.02215, 0.06051, 0.06051, 0.04329, 0.03096, 0.02215, 0.04329, 0.04329, 0.03096, 0.02215, 0.02215], [0.03225, 0.03225, 0.02307, 0.02307, 0.0165, 0.04508, 0.04508, 0.03225, 0.02307, 0.02307, 0.06302, 0.06302, 0.04508, 0.03225, 0.02307, 0.08809, 0.06302, 0.04508, 0.03225, 0.02307, 0.06302, 0.06302, 0.04508, 0.03225, 0.02307], [0.02648, 0.02648, 0.02648, 0.01894, 0.01355, 0.03702, 0.03702, 0.02648, 0.02648, 0.01894, 0.05175, 0.05175, 0.03702, 0.02648, 0.02648, 0.07234, 0.07234, 0.05175, 0.03702, 0.02648, 0.10113, 0.07234, 0.05175, 0.03702, 0.02648], [0.06302, 0.08809, 0.06302, 0.04508, 0.03225, 0.06302, 0.06302, 0.06302, 0.04508, 0.03225, 0.04508, 0.04508, 0.04508, 0.03225, 0.02307, 0.03225, 0.03225, 0.03225, 0.02307, 0.02307, 0.02307, 0.02307, 0.02307, 0.02307, 0.0165], [0.05444, 0.05444, 0.05444, 0.03894, 0.02786, 0.05444, 0.0761, 0.05444, 0.03894, 0.02786, 0.05444, 0.05444, 0.05444, 0.03894, 0.02786, 0.03894, 0.03894, 0.03894, 0.02786, 0.01993, 0.02786, 0.02786, 0.02786, 0.01993, 0.01993], [0.0374, 0.0374, 0.0374, 0.02675, 0.01914, 0.05228, 0.05228, 0.05228, 0.0374, 0.02675, 0.05228, 0.07309, 0.05228, 0.0374, 0.02675, 0.05228, 0.05228, 0.05228, 0.0374, 0.02675, 0.0374, 0.0374, 0.0374, 0.02675, 0.01914], [0.02786, 0.02786, 0.02786, 0.01993, 0.01993, 0.03894, 0.03894, 0.03894, 0.02786, 0.01993, 0.05444, 0.05444, 0.05444, 0.03894, 0.02786, 0.05444, 0.0761, 0.05444, 0.03894, 0.02786, 0.05444, 0.05444, 0.05444, 0.03894, 0.02786], [0.02307, 0.02307, 0.02307, 0.02307, 0.0165, 0.03225, 0.03225, 0.03225, 0.02307, 0.02307, 0.04508, 0.04508, 0.04508, 0.03225, 0.02307, 0.06302, 0.06302, 0.06302, 0.04508, 0.03225, 0.06302, 0.08809, 0.06302, 0.04508, 0.03225], [0.04329, 0.06051, 0.08459, 0.06051, 0.04329, 0.04329, 0.06051, 0.06051, 0.06051, 0.04329, 0.03096, 0.04329, 0.04329, 0.04329, 0.03096, 0.02215, 0.03096, 0.03096, 0.03096, 0.02215, 0.02215, 0.02215, 0.02215, 0.02215, 0.02215], [0.0374, 0.05228, 0.05228, 0.05228, 0.0374, 0.0374, 0.05228, 0.07309, 0.05228, 0.0374, 0.0374, 0.05228, 0.05228, 0.05228, 0.0374, 0.02675, 0.0374, 0.0374, 0.0374, 0.02675, 0.01914, 0.02675, 0.02675, 0.02675, 0.01914], [0.02555, 0.03572, 0.03572, 0.03572, 0.02555, 0.03572, 0.04993, 0.04993, 0.04993, 0.03572, 0.03572, 0.04993, 0.0698, 0.04993, 0.03572, 0.03572, 0.04993, 0.04993, 0.04993, 0.03572, 0.02555, 0.03572, 0.03572, 0.03572, 0.02555], [0.01914, 0.02675, 0.02675, 0.02675, 0.01914, 0.02675, 0.0374, 0.0374, 0.0374, 0.02675, 0.0374, 0.05228, 0.05228, 0.05228, 0.0374, 0.0374, 0.05228, 0.07309, 0.05228, 0.0374, 0.0374, 0.05228, 0.05228, 0.05228, 0.0374], [0.02215, 0.02215, 0.02215, 0.02215, 0.02215, 0.02215, 0.03096, 0.03096, 0.03096, 0.02215, 0.03096, 0.04329, 0.04329, 0.04329, 0.03096, 0.04329, 0.06051, 0.06051, 0.06051, 0.04329, 0.04329, 0.06051, 0.08459, 0.06051, 0.04329], [0.03225, 0.04508, 0.06302, 0.08809, 0.06302, 0.03225, 0.04508, 0.06302, 0.06302, 0.06302, 0.02307, 0.03225, 0.04508, 0.04508, 0.04508, 0.02307, 0.02307, 0.03225, 0.03225, 0.03225, 0.0165, 0.02307, 0.02307, 0.02307, 0.02307], [0.02786, 0.03894, 0.05444, 0.05444, 0.05444, 0.02786, 0.03894, 0.05444, 0.0761, 0.05444, 0.02786, 0.03894, 0.05444, 0.05444, 0.05444, 0.01993, 0.02786, 0.03894, 0.03894, 0.03894, 0.01993, 0.01993, 0.02786, 0.02786, 0.02786], [0.01914, 0.02675, 0.0374, 0.0374, 0.0374, 0.02675, 0.0374, 0.05228, 0.05228, 0.05228, 0.02675, 0.0374, 0.05228, 0.07309, 0.05228, 0.02675, 0.0374, 0.05228, 0.05228, 0.05228, 0.01914, 0.02675, 0.0374, 0.0374, 0.0374], [0.01993, 0.01993, 0.02786, 0.02786, 0.02786, 0.01993, 0.02786, 0.03894, 0.03894, 0.03894, 0.02786, 0.03894, 0.05444, 0.05444, 0.05444, 0.02786, 0.03894, 0.05444, 0.0761, 0.05444, 0.02786, 0.03894, 0.05444, 0.05444, 0.05444], [0.0165, 0.02307, 0.02307, 0.02307, 0.02307, 0.02307, 0.02307, 0.03225, 0.03225, 0.03225, 0.02307, 0.03225, 0.04508, 0.04508, 0.04508, 0.03225, 0.04508, 0.06302, 0.06302, 0.06302, 0.03225, 0.04508, 0.06302, 0.08809, 0.06302], [0.02648, 0.03702, 0.05175, 0.07234, 0.10113, 0.02648, 0.03702, 0.05175, 0.07234, 0.07234, 0.02648, 0.02648, 0.03702, 0.05175, 0.05175, 0.01894, 0.02648, 0.02648, 0.03702, 0.03702, 0.01355, 0.01894, 0.02648, 0.02648, 0.02648], [0.02307, 0.03225, 0.04508, 0.06302, 0.06302, 0.02307, 0.03225, 0.04508, 0.06302, 0.08809, 0.02307, 0.03225, 0.04508, 0.06302, 0.06302, 0.02307, 0.02307, 0.03225, 0.04508, 0.04508, 0.0165, 0.02307, 0.02307, 0.03225, 0.03225], [0.02215, 0.02215, 0.03096, 0.04329, 0.04329, 0.02215, 0.03096, 0.04329, 0.06051, 0.06051, 0.02215, 0.03096, 0.04329, 0.06051, 0.08459, 0.02215, 0.03096, 0.04329, 0.06051, 0.06051, 0.02215, 0.02215, 0.03096, 0.04329, 0.04329], [0.0165, 0.02307, 0.02307, 0.03225, 0.03225, 0.02307, 0.02307, 0.03225, 0.04508, 0.04508, 0.02307, 0.03225, 0.04508, 0.06302, 0.06302, 0.02307, 0.03225, 0.04508, 0.06302, 0.08809, 0.02307, 0.03225, 0.04508, 0.06302, 0.06302], [0.01355, 0.01894, 0.02648, 0.02648, 0.02648, 0.01894, 0.02648, 0.02648, 0.03702, 0.03702, 0.02648, 0.02648, 0.03702, 0.05175, 0.05175, 0.02648, 0.03702, 0.05175, 0.07234, 0.07234, 0.02648, 0.03702, 0.05175, 0.07234, 0.10113]]