[[0.6263, 0.12157, 0.03205, 0.00845, 0.00302, 0.12157, 0.0236, 0.00622, 0.00164, 0.00059, 0.03205, 0.00622, 0.00164, 0.00043, 0.00015, 0.00845, 0.00164, 0.00043, 0.00011, 4e-05, 0.00302, 0.00059, 0.00015, 4e-05, 1e-05], [0.16509, 0.46121, 0.12157, 0.03205, 0.01147, 0.03205, 0.08953, 0.0236, 0.00622, 0.00223, 0.00845, 0.0236, 0.00622, 0.00164, 0.00059, 0.00223, 0.00622, 0.00164, 0.00043, 0.00015, 0.0008, 0.00223, 0.00059, 0.00015, 6e-05], [0.04352, 0.12157, 0.46121, 0.12157, 0.04352, 0.00845, 0.0236, 0.08953, 0.0236, 0.00845, 0.00223, 0.00622, 0.0236, 0.00622, 0.00223, 0.00059, 0.00164, 0.00622, 0.00164, 0.00059, 0.00021, 0.00059, 0.00223, 0.00059, 0.00021], [0.01147, 0.03205, 0.12157, 0.46121, 0.16509, 0.00223, 0.00622, 0.0236, 0.08953, 0.03205, 0.00059, 0.00164, 0.00622, 0.0236, 0.00845, 0.00015, 0.00043, 0.00164, 0.00622, 0.00223, 6e-05, 0.00015, 0.00059, 0.00223, 0.0008], [0.00302, 0.00845, 0.03205, 0.12157, 0.6263, 0.00059, 0.00164, 0.00622, 0.0236, 0.12157, 0.00015, 0.00043, 0.00164, 0.00622, 0.03205, 4e-05, 0.00011, 0.00043, 0.00164, 0.00845, 1e-05, 4e-05, 0.00015, 0.00059, 0.00302], [0.16509, 0.03205, 0.00845, 0.00223, 0.0008, 0.46121, 0.08953, 0.0236, 0.00622, 0.00223, 0.12157, 0.0236, 0.00622, 0.00164, 0.00059, 0.03205, 0.00622, 0.00164, 0.00043, 0.00015, 0.01147, 0.00223, 0.00059, 0.00015, 6e-05], [0.04352, 0.12157, 0.03205, 0.00845, 0.00302, 0.12157, 0.33964, 0.08953, 0.0236, 0.00845, 0.03205, 0.08953, 0.0236, 0.00622, 0.00223, 0.00845, 0.0236, 0.00622, 0.00164, 0.00059, 0.00302, 0.00845, 0.00223, 0.00059, 0.00021], [0.01147, 0.03205, 0.12157, 0.03205, 0.01147, 0.03205, 0.08953, 0.33964, 0.08953, 0.03205, 0.00845, 0.0236, 0.08953, 0.0236, 0.00845, 0.00223, 0.00622, 0.0236, 0.00622, 0.00223, 0.0008, 0.00223, 0.00845, 0.00223, 0.0008], [0.00302, 0.00845, 0.03205, 0.12157, 0.04352, 0.00845, 0.0236, 0.08953, 0.33964, 0.12157, 0.00223, 0.00622, 0.0236, 0.08953, 0.03205, 0.00059, 0.00164, 0.00622, 0.0236, 0.00845, 0.00021, 0.00059, 0.00223, 0.00845, 0.00302], [0.0008, 0.00223, 0.00845, 0.03205, 0.16509, 0.00223, 0.00622, 0.0236, 0.08953, 0.46121, 0.00059, 0.00164, 0.00622, 0.0236, 0.12157, 0.00015, 0.00043, 0.00164, 0.00622, 0.03205, 6e-05, 0.00015, 0.00059, 0.00223, 0.01147], [0.04352, 0.00845, 0.00223, 0.00059, 0.00021, 0.12157, 0.0236, 0.00622, 0.00164, 0.00059, 0.46121, 0.08953, 0.0236, 0.00622, 0.00223, 0.12157, 0.0236, 0.00622, 0.00164, 0.00059, 0.04352, 0.00845, 0.00223, 0.00059, 0.00021], [0.01147, 0.03205, 0.00845, 0.00223, 0.0008, 0.03205, 0.08953, 0.0236, 0.00622, 0.00223, 0.12157, 0.33964, 0.08953, 0.0236, 0.00845, 0.03205, 0.08953, 0.0236, 0.00622, 0.00223, 0.01147, 0.03205, 0.00845, 0.00223, 0.0008], [0.00302, 0.00845, 0.03205, 0.00845, 0.00302, 0.00845, 0.0236, 0.08953, 0.0236, 0.00845, 0.03205, 0.08953, 0.33964, 0.08953, 0.03205, 0.00845, 0.0236, 0.08953, 0.0236, 0.00845, 0.00302, 0.00845, 0.03205, 0.00845, 0.00302], [0.0008, 0.00223, 0.00845, 0.03205, 0.01147, 0.00223, 0.00622, 0.0236, 0.08953, 0.03205, 0.00845, 0.0236, 0.08953, 0.33964, 0.12157, 0.00223, 0.00622, 0.0236, 0.08953, 0.03205, 0.0008, 0.00223, 0.00845, 0.03205, 0.01147], [0.00021, 0.00059, 0.00223, 0.00845, 0.04352, 0.00059, 0.00164, 0.00622, 0.0236, 0.12157, 0.00223, 0.00622, 0.0236, 0.08953, 0.46121, 0.00059, 0.00164, 0.00622, 0.0236, 0.12157, 0.00021, 0.00059, 0.00223, 0.00845, 0.04352], [0.01147, 0.00223, 0.00059, 0.00015, 6e-05, 0.03205, 0.00622, 0.00164, 0.00043, 0.00015, 0.12157, 0.0236, 0.00622, 0.00164, 0.00059, 0.46121, 0.08953, 0.0236, 0.00622, 0.00223, 0.16509, 0.03205, 0.00845, 0.00223, 0.0008], [0.00302, 0.00845, 0.00223, 0.00059, 0.00021, 0.00845, 0.0236, 0.00622, 0.00164, 0.00059, 0.03205, 0.08953, 0.0236, 0.00622, 0.00223, 0.12157, 0.33964, 0.08953, 0.0236, 0.00845, 0.04352, 0.12157, 0.03205, 0.00845, 0.00302], [0.0008, 0.00223, 0.00845, 0.00223, 0.0008, 0.00223, 0.00622, 0.0236, 0.00622, 0.00223, 0.00845, 0.0236, 0.08953, 0.0236, 0.00845, 0.03205, 0.08953, 0.33964, 0.08953, 0.03205, 0.01147, 0.03205, 0.12157, 0.03205, 0.01147], [0.00021, 0.00059, 0.00223, 0.00845, 0.00302, 0.00059, 0.00164, 0.00622, 0.0236, 0.00845, 0.00223, 0.00622, 0.0236, 0.08953, 0.03205, 0.00845, 0.0236, 0.08953, 0.33964, 0.12157, 0.00302, 0.00845, 0.03205, 0.12157, 0.04352], [6e-05, 0.00015, 0.00059, 0.00223, 0.01147, 0.00015, 0.00043, 0.00164, 0.00622, 0.03205, 0.00059, 0.00164, 0.00622, 0.0236, 0.12157, 0.00223, 0.00622, 0.0236, 0.08953, 0.46121, 0.0008, 0.00223, 0.00845, 0.03205, 0.16509], [0.00302, 0.00059, 0.00015, 4e-05, 1e-05, 0.00845, 0.00164, 0.00043, 0.00011, 4e-05, 0.03205, 0.00622, 0.00164, 0.00043, 0.00015, 0.12157, 0.0236, 0.00622, 0.00164, 0.00059, 0.6263, 0.12157, 0.03205, 0.00845, 0.00302], [0.0008, 0.00223, 0.00059, 0.00015, 6e-05, 0.00223, 0.00622, 0.00164, 0.00043, 0.00015, 0.00845, 0.0236, 0.00622, 0.00164, 0.00059, 0.03205, 0.08953, 0.0236, 0.00622, 0.00223, 0.16509, 0.46121, 0.12157, 0.03205, 0.01147], [0.00021, 0.00059, 0.00223, 0.00059, 0.00021, 0.00059, 0.00164, 0.00622, 0.00164, 0.00059, 0.00223, 0.00622, 0.0236, 0.00622, 0.00223, 0.00845, 0.0236, 0.08953, 0.0236, 0.00845, 0.04352, 0.12157, 0.46121, 0.12157, 0.04352], [6e-05, 0.00015, 0.00059, 0.00223, 0.0008, 0.00015, 0.00043, 0.00164, 0.00622, 0.00223, 0.00059, 0.00164, 0.00622, 0.0236, 0.00845, 0.00223, 0.00622, 0.0236, 0.08953, 0.03205, 0.01147, 0.03205, 0.12157, 0.46121, 0.16509], [1e-05, 4e-05, 0.00015, 0.00059, 0.00302, 4e-05, 0.00011, 0.00043, 0.00164, 0.00845, 0.00015, 0.00043, 0.00164, 0.00622, 0.03205, 0.00059, 0.00164, 0.00622, 0.0236, 0.12157, 0.00302, 0.00845, 0.03205, 0.12157, 0.6263]]