[[0, 0, 0, 0, 0, 0, 0, 0.62546, 0.07051, 0.04045, 0.05444, 0, 0, 0.07051, 0.00795, 0.00456, 0.00614, 0, 0, 0.04045, 0.00456, 0.00262, 0.00352, 0, 0, 0.05444, 0.00614, 0.00352, 0.00474, 0, 0, 0, 0, 0, 0, 0], [0, 0, 0, 0, 0, 0, 0, 0.50255, 0.12291, 0.07051, 0.09489, 0, 0, 0.05666, 0.01386, 0.00795, 0.0107, 0, 0, 0.0325, 0.00795, 0.00456, 0.00614, 0, 0, 0.04374, 0.0107, 0.00614, 0.00826, 0, 0, 0, 0, 0, 0, 0], [0, 0, 0, 0, 0, 0, 0, 0.28831, 0.21424, 0.12291, 0.1654, 0, 0, 0.0325, 0.02415, 0.01386, 0.01865, 0, 0, 0.01865, 0.01386, 0.00795, 0.0107, 0, 0, 0.02509, 0.01865, 0.0107, 0.0144, 0, 0, 0, 0, 0, 0, 0], [0, 0, 0, 0, 0, 0, 0, 0.1654, 0.12291, 0.21424, 0.28831, 0, 0, 0.01865, 0.01386, 0.02415, 0.0325, 0, 0, 0.0107, 0.00795, 0.01386, 0.01865, 0, 0, 0.0144, 0.0107, 0.01865, 0.02509, 0, 0, 0, 0, 0, 0, 0], [0, 0, 0, 0, 0, 0, 0, 0.09489, 0.07051, 0.12291, 0.50255, 0, 0, 0.0107, 0.00795, 0.01386, 0.05666, 0, 0, 0.00614, 0.00456, 0.00795, 0.0325, 0, 0, 0.00826, 0.00614, 0.0107, 0.04374, 0, 0, 0, 0, 0, 0, 0], [0, 0, 0, 0, 0, 0, 0, 0.05444, 0.04045, 0.07051, 0.62546, 0, 0, 0.00614, 0.00456, 0.00795, 0.07051, 0, 0, 0.00352, 0.00262, 0.00456, 0.04045, 0, 0, 0.00474, 0.00352, 0.00614, 0.05444, 0, 0, 0, 0, 0, 0, 0], [0, 0, 0, 0, 0, 0, 0, 0.50255, 0.05666, 0.0325, 0.04374, 0, 0, 0.12291, 0.01386, 0.00795, 0.0107, 0, 0, 0.07051, 0.00795, 0.00456, 0.00614, 0, 0, 0.09489, 0.0107, 0.00614, 0.00826, 0, 0, 0, 0, 0, 0, 0], [0, 0, 0, 0, 0, 0, 0, 0.4038, 0.09876, 0.05666, 0.07624, 0, 0, 0.09876, 0.02415, 0.01386, 0.01865, 0, 0, 0.05666, 0.01386, 0.00795, 0.0107, 0, 0, 0.07624, 0.01865, 0.0107, 0.0144, 0, 0, 0, 0, 0, 0, 0], [0, 0, 0, 0, 0, 0, 0, 0.23165, 0.17214, 0.09876, 0.1329, 0, 0, 0.05666, 0.0421, 0.02415, 0.0325, 0, 0, 0.0325, 0.02415, 0.01386, 0.01865, 0, 0, 0.04374, 0.0325, 0.01865, 0.02509, 0, 0, 0, 0, 0, 0, 0], [0, 0, 0, 0, 0, 0, 0, 0.1329, 0.09876, 0.17214, 0.23165, 0, 0, 0.0325, 0.02415, 0.0421, 0.05666, 0, 0, 0.01865, 0.01386, 0.02415, 0.0325, 0, 0, 0.02509, 0.01865, 0.0325, 0.04374, 0, 0, 0, 0, 0, 0, 0], [0, 0, 0, 0, 0, 0, 0, 0.07624, 0.05666, 0.09876, 0.4038, 0, 0, 0.01865, 0.01386, 0.02415, 0.09876, 0, 0, 0.0107, 0.00795, 0.01386, 0.05666, 0, 0, 0.0144, 0.0107, 0.01865, 0.07624, 0, 0, 0, 0, 0, 0, 0], [0, 0, 0, 0, 0, 0, 0, 0.04374, 0.0325, 0.05666, 0.50255, 0, 0, 0.0107, 0.00795, 0.01386, 0.12291, 0, 0, 0.00614, 0.00456, 0.00795, 0.07051, 0, 0, 0.00826, 0.00614, 0.0107, 0.09489, 0, 0, 0, 0, 0, 0, 0], [0, 0, 0, 0, 0, 0, 0, 0.28831, 0.0325, 0.01865, 0.02509, 0, 0, 0.21424, 0.02415, 0.01386, 0.01865, 0, 0, 0.12291, 0.01386, 0.00795, 0.0107, 0, 0, 0.1654, 0.01865, 0.0107, 0.0144, 0, 0, 0, 0, 0, 0, 0], [0, 0, 0, 0, 0, 0, 0, 0.23165, 0.05666, 0.0325, 0.04374, 0, 0, 0.17214, 0.0421, 0.02415, 0.0325, 0, 0, 0.09876, 0.02415, 0.01386, 0.01865, 0, 0, 0.1329, 0.0325, 0.01865, 0.02509, 0, 0, 0, 0, 0, 0, 0], [0, 0, 0, 0, 0, 0, 0, 0.1329, 0.09876, 0.05666, 0.07624, 0, 0, 0.09876, 0.07339, 0.0421, 0.05666, 0, 0, 0.05666, 0.0421, 0.02415, 0.0325, 0, 0, 0.07624, 0.05666, 0.0325, 0.04374, 0, 0, 0, 0, 0, 0, 0], [0, 0, 0, 0, 0, 0, 0, 0.07624, 0.05666, 0.09876, 0.1329, 0, 0, 0.05666, 0.0421, 0.07339, 0.09876, 0, 0, 0.0325, 0.02415, 0.0421, 0.05666, 0, 0, 0.04374, 0.0325, 0.05666, 0.07624, 0, 0, 0, 0, 0, 0, 0], [0, 0, 0, 0, 0, 0, 0, 0.04374, 0.0325, 0.05666, 0.23165, 0, 0, 0.0325, 0.02415, 0.0421, 0.17214, 0, 0, 0.01865, 0.01386, 0.02415, 0.09876, 0, 0, 0.02509, 0.01865, 0.0325, 0.1329, 0, 0, 0, 0, 0, 0, 0], [0, 0, 0, 0, 0, 0, 0, 0.02509, 0.01865, 0.0325, 0.28831, 0, 0, 0.01865, 0.01386, 0.02415, 0.21424, 0, 0, 0.0107, 0.00795, 0.01386, 0.12291, 0, 0, 0.0144, 0.0107, 0.01865, 0.1654, 0, 0, 0, 0, 0, 0, 0], [0, 0, 0, 0, 0, 0, 0, 0.1654, 0.01865, 0.0107, 0.0144, 0, 0, 0.12291, 0.01386, 0.00795, 0.0107, 0, 0, 0.21424, 0.02415, 0.01386, 0.01865, 0, 0, 0.28831, 0.0325, 0.01865, 0.02509, 0, 0, 0, 0, 0, 0, 0], [0, 0, 0, 0, 0, 0, 0, 0.1329, 0.0325, 0.01865, 0.02509, 0, 0, 0.09876, 0.02415, 0.01386, 0.01865, 0, 0, 0.17214, 0.0421, 0.02415, 0.0325, 0, 0, 0.23165, 0.05666, 0.0325, 0.04374, 0, 0, 0, 0, 0, 0, 0], [0, 0, 0, 0, 0, 0, 0, 0.07624, 0.05666, 0.0325, 0.04374, 0, 0, 0.05666, 0.0421, 0.02415, 0.0325, 0, 0, 0.09876, 0.07339, 0.0421, 0.05666, 0, 0, 0.1329, 0.09876, 0.05666, 0.07624, 0, 0, 0, 0, 0, 0, 0], [0, 0, 0, 0, 0, 0, 0, 0.04374, 0.0325, 0.05666, 0.07624, 0, 0, 0.0325, 0.02415, 0.0421, 0.05666, 0, 0, 0.05666, 0.0421, 0.07339, 0.09876, 0, 0, 0.07624, 0.05666, 0.09876, 0.1329, 0, 0, 0, 0, 0, 0, 0], [0, 0, 0, 0, 0, 0, 0, 0.02509, 0.01865, 0.0325, 0.1329, 0, 0, 0.01865, 0.01386, 0.02415, 0.09876, 0, 0, 0.0325, 0.02415, 0.0421, 0.17214, 0, 0, 0.04374, 0.0325, 0.05666, 0.23165, 0, 0, 0, 0, 0, 0, 0], [0, 0, 0, 0, 0, 0, 0, 0.0144, 0.0107, 0.01865, 0.1654, 0, 0, 0.0107, 0.00795, 0.01386, 0.12291, 0, 0, 0.01865, 0.01386, 0.02415, 0.21424, 0, 0, 0.02509, 0.01865, 0.0325, 0.28831, 0, 0, 0, 0, 0, 0, 0], [0, 0, 0, 0, 0, 0, 0, 0.09489, 0.0107, 0.00614, 0.00826, 0, 0, 0.07051, 0.00795, 0.00456, 0.00614, 0, 0, 0.12291, 0.01386, 0.00795, 0.0107, 0, 0, 0.50255, 0.05666, 0.0325, 0.04374, 0, 0, 0, 0, 0, 0, 0], [0, 0, 0, 0, 0, 0, 0, 0.07624, 0.01865, 0.0107, 0.0144, 0, 0, 0.05666, 0.01386, 0.00795, 0.0107, 0, 0, 0.09876, 0.02415, 0.01386, 0.01865, 0, 0, 0.4038, 0.09876, 0.05666, 0.07624, 0, 0, 0, 0, 0, 0, 0], [0, 0, 0, 0, 0, 0, 0, 0.04374, 0.0325, 0.01865, 0.02509, 0, 0, 0.0325, 0.02415, 0.01386, 0.01865, 0, 0, 0.05666, 0.0421, 0.02415, 0.0325, 0, 0, 0.23165, 0.17214, 0.09876, 0.1329, 0, 0, 0, 0, 0, 0, 0], [0, 0, 0, 0, 0, 0, 0, 0.02509, 0.01865, 0.0325, 0.04374, 0, 0, 0.01865, 0.01386, 0.02415, 0.0325, 0, 0, 0.0325, 0.02415, 0.0421, 0.05666, 0, 0, 0.1329, 0.09876, 0.17214, 0.23165, 0, 0, 0, 0, 0, 0, 0], [0, 0, 0, 0, 0, 0, 0, 0.0144, 0.0107, 0.01865, 0.07624, 0, 0, 0.0107, 0.00795, 0.01386, 0.05666, 0, 0, 0.01865, 0.01386, 0.02415, 0.09876, 0, 0, 0.07624, 0.05666, 0.09876, 0.4038, 0, 0, 0, 0, 0, 0, 0], [0, 0, 0, 0, 0, 0, 0, 0.00826, 0.00614, 0.0107, 0.09489, 0, 0, 0.00614, 0.00456, 0.00795, 0.07051, 0, 0, 0.0107, 0.00795, 0.01386, 0.12291, 0, 0, 0.04374, 0.0325, 0.05666, 0.50255, 0, 0, 0, 0, 0, 0, 0], [0, 0, 0, 0, 0, 0, 0, 0.05444, 0.00614, 0.00352, 0.00474, 0, 0, 0.04045, 0.00456, 0.00262, 0.00352, 0, 0, 0.07051, 0.00795, 0.00456, 0.00614, 0, 0, 0.62546, 0.07051, 0.04045, 0.05444, 0, 0, 0, 0, 0, 0, 0], [0, 0, 0, 0, 0, 0, 0, 0.04374, 0.0107, 0.00614, 0.00826, 0, 0, 0.0325, 0.00795, 0.00456, 0.00614, 0, 0, 0.05666, 0.01386, 0.00795, 0.0107, 0, 0, 0.50255, 0.12291, 0.07051, 0.09489, 0, 0, 0, 0, 0, 0, 0], [0, 0, 0, 0, 0, 0, 0, 0.02509, 0.01865, 0.0107, 0.0144, 0, 0, 0.01865, 0.01386, 0.00795, 0.0107, 0, 0, 0.0325, 0.02415, 0.01386, 0.01865, 0, 0, 0.28831, 0.21424, 0.12291, 0.1654, 0, 0, 0, 0, 0, 0, 0], [0, 0, 0, 0, 0, 0, 0, 0.0144, 0.0107, 0.01865, 0.02509, 0, 0, 0.0107, 0.00795, 0.01386, 0.01865, 0, 0, 0.01865, 0.01386, 0.02415, 0.0325, 0, 0, 0.1654, 0.12291, 0.21424, 0.28831, 0, 0, 0, 0, 0, 0, 0], [0, 0, 0, 0, 0, 0, 0, 0.00826, 0.00614, 0.0107, 0.04374, 0, 0, 0.00614, 0.00456, 0.00795, 0.0325, 0, 0, 0.0107, 0.00795, 0.01386, 0.05666, 0, 0, 0.09489, 0.07051, 0.12291, 0.50255, 0, 0, 0, 0, 0, 0, 0], [0, 0, 0, 0, 0, 0, 0, 0.00474, 0.00352, 0.00614, 0.05444, 0, 0, 0.00352, 0.00262, 0.00456, 0.04045, 0, 0, 0.00614, 0.00456, 0.00795, 0.07051, 0, 0, 0.05444, 0.04045, 0.07051, 0.62546, 0, 0, 0, 0, 0, 0, 0]]